-1.10858544149194 0.791185082966806 0.165211247457616 -1.01411237608761 0.69353613819669 -0.0563090494128226 0.534760853272037 0.2041908038918 0.249638710191281 0.714030829807763 0.519007625015221 0.233252390651382 0.370587445166175 -0.0989874618437452
2.10805146467913 0.791185082966806 0.165211247457616 -0.379003495560667 0.596968991952007 -0.182845053134328 0.440619955753438 0.156453297289733 0.229370991110282 0.805854054591838 0.643628022647805 0.249651421701471 0.518670251699661 -0.0867922514551313
2.07113162519944 0.791185082966806 0.165211247457616 0.972808894181076 0.706722020850839 0.263985057286681 0.462617747668655 0.168212682991541 0.249999704080054 0.78598481954198 0.500543985244506 0.238640698039769 0.393419973915227 0.100715845920367
0.274612294345204 0.791185082966806 0.165211247457616 -0.379003495560667 0.596968991952007 -0.203356260176759 0.442661508804876 0.157553117937981 0.229370991110282 0.804050788622591 0.643628022647805 0.249693413235836 0.517509619189566 -0.0790184322878812
-1.45504383694606 0.791185082966806 0.165211247457616 0.628290953268039 0.647071211919242 -0.349777289086998 0.519578007885278 0.197082199390692 0.243390497524378 0.730038693721966 0.581298846705363 0.244280201526103 0.424370650710869 -0.375853072130998
-0.981543722634018 0.791185082966806 0.165211247457616 0.628290953268039 0.647071211919242 0.170228294582235 0.532163125549795 0.202996715969923 0.243390497524378 0.716802407805073 0.581298846705363 0.243057179844907 0.416676412972717 -0.0491382682627523
-0.221604494959589 0.791185082966806 0.165211247457616 0.316428790377658 0.603604629742052 -0.0459682807209647 0.498618721296987 0.186808411950194 0.231595970725066 0.751379370772158 0.635661450953961 0.24949926544222 0.477622901041904 -0.170636853203293
0.0679499023170789 0.791185082966806 0.165211247457616 0.972808894181076 0.706722020850839 0.456062769051689 0.453646553535017 0.16344353302924 0.249999704080054 0.794204804465801 0.500543985244506 0.239500808589197 0.397534437927646 0.287570752299316
1.36195145884248 0.791185082966806 0.165211247457616 -1.01411237608761 0.69353613819669 0.0386093057106934 0.446766171353075 0.159759847128784 0.249638710191281 0.800399988134515 0.519007625015221 0.242845157328536 0.415413696903906 -0.195245340492382
-0.00401941397027478 0.791185082966806 0.165211247457616 -1.01411237608761 0.69353613819669 -0.397849546721358 0.453896665831191 0.163577043260474 0.249638710191281 0.793977816747328 0.519007625015221 0.242270168726475 0.412080540984801 0.247372983411958
-0.288253841367684 0.791185082966806 0.165211247457616 0.628290953268039 0.647071211919242 1.11607051684015 0.527099752901424 0.200642334875496 0.243390497524378 0.722165850491258 0.581298846705363 0.24356702579978 0.419794176020566 0.545125843200832
-0.0477662109595926 0.791185082966806 0.165211247457616 -0.681994919694685 0.636121097975342 -0.651390437615478 0.445160315947464 0.158897266838643 0.240908387280877 0.801832293105554 0.595349948710645 0.249487919966998 0.477370814574931 0.288153803452436
-0.359902484776276 0.791185082966806 0.165211247457616 0.316428790377658 0.603604629742052 -0.778613403763029 0.468047783442783 0.171077620179683 0.231595970725066 0.780931272414298 0.635661450953961 0.249987096858671 0.496407905718195 -0.402466863263584
0.190084267106503 0.791185082966806 0.165211247457616 0.628290953268039 0.647071211919242 0.119785521033277 0.463924897209312 0.168903945626553 0.243390497524378 0.784773689749329 0.581298846705363 0.248080512228954 0.456188040775998 -0.0808310065413112
-0.128081469110543 0.791185082966806 0.165211247457616 -1.01411237608761 0.69353613819669 -0.703315365985104 0.443587311402409 0.158051386882571 0.249638710191281 0.803230297162782 0.519007625015221 0.243091505941253 0.416882648870726 0.557149651199063
0.358531012157627 0.791185082966806 0.165211247457616 -0.681994919694685 0.636121097975342 -0.579551880808625 0.511029480889045 0.192951217461055 0.240908387280877 0.738848869662273 0.595349948710645 0.246384820431308 0.439873636658352 0.239160272671964
-1.23065557653716 0.791185082966806 0.165211247457616 0.628290953268039 0.647071211919242 -0.686692945302397 0.504554727098515 0.189766801368873 0.243390497524378 0.745424527362543 0.581298846705363 0.245553033161555 0.433314418061737 -0.587534130945497
1.27594457129601 0.791185082966806 0.165211247457616 -0.681994919694685 0.636121097975342 0.417994836556923 0.4420204557484 0.157207924825366 0.240908387280877 0.804617916699977 0.595349948710645 0.249560227033727 0.479029235438997 -0.441161520729449
-0.765819918968617 0.791185082966806 0.165211247457616 0.972808894181076 0.706722020850839 -1.48331923705174 0.532755327914395 0.203269769928251 0.249999704080054 0.716171760578826 0.500543985244506 0.229970806604335 0.3584754671597 -1.59907731245284
-0.17690229497763 0.791185082966806 0.165211247457616 0.0520884728114124 0.583682747420129 -0.188553935212569 0.434718460787542 0.153266646778569 0.224618905905188 0.811019859850511 0.65931445036409 0.248794722055801 0.5347171131317 -0.165912652266822
0.506828770424689 0.791185082966806 0.165211247457616 -0.681994919694685 0.636121097975342 1.46367602629552 0.501570994427816 0.188284255441569 0.240908387280877 0.748426537548692 0.595349948710645 0.247037995650417 0.445575700743299 -1.15431077975147
-0.142174527180077 0.791185082966806 0.165211247457616 -0.379003495560667 0.596968991952007 2.39012659711632 0.617062548507192 0.235783298259614 0.229370991110282 0.619233811229809 0.643628022647805 0.239709162233933 0.398556233478506 -1.06195750087862
-0.0678268626785125 0.791185082966806 0.165211247457616 -0.118421962666619 0.581972448021547 0.847886772447544 0.475490445962072 0.174973949671352 0.223979706635527 0.77390883579879 0.661308069743808 0.249860945001218 0.511792158359775 -0.256499581451321
2.06864330397346 0.791185082966806 0.165211247457616 0.316428790377658 0.603604629742052 0.319133328937507 0.493684408641401 0.18432276319877 0.231595970725066 0.75627570466439 0.635661450953961 0.249628871786561 0.480735311748195 -0.0551081924941265
0.108792833543377 0.791185082966806 0.165211247457616 0.628290953268039 0.647071211919242 -0.299198688097632 0.54313901067165 0.207974993814485 0.243390497524378 0.705000015086621 0.581298846705363 0.241866791257405 0.409815695697117 -0.344074994700425
0.242544961146446 0.791185082966806 0.165211247457616 -1.01411237608761 0.69353613819669 -0.221179373611735 0.460297420762387 0.166983244215092 0.249638710191281 0.788126284439494 0.519007625015221 0.241726924403322 0.409043551099012 0.0682095743759485
1.43395157324806 0.791185082966806 0.165211247457616 0.972808894181076 0.706722020850839 -0.355247199508139 0.430423444460968 0.150941465294785 0.249999704080054 0.814735658458356 0.500543985244506 0.241501194438248 0.407811033405552 -0.501678801053454
-0.937443706621224 0.791185082966806 0.165211247457616 -1.01411237608761 0.69353613819669 0.211166332392781 0.489764854435803 0.182332181572209 0.249638710191281 0.760130387359477 0.519007625015221 0.238872591365206 0.394513467045342 -0.370237556831566
-1.55018934656301 0.791185082966806 0.165211247457616 -1.01411237608761 0.69353613819669 -0.861341296037873 0.459138434401147 0.166368046098963 0.249638710191281 0.789191898055664 0.519007625015221 0.241827227563081 0.409596612691124 0.717405702608332
-0.479819277926894 0.791185082966806 0.165211247457616 -0.379003495560667 0.596968991952007 -0.679774420820591 0.4560427179575 0.164721376364634 0.229370991110282 0.792025039397936 0.643628022647805 0.249904556674453 0.509769509995244 0.101545715944715
1.03339589030216 0.791185082966806 0.165211247457616 0.972808894181076 0.706722020850839 0.176637318445441 0.45850492207331 0.166031471446247 0.249999704080054 0.789773236434548 0.500543985244506 0.23904131106316 0.3953162432044 0.0157431886890025
0.919080151741403 0.791185082966806 0.165211247457616 -1.01411237608761 0.69353613819669 -0.82663770679873 0.485438425042682 0.180119323085122 0.249638710191281 0.76434953549208 0.519007625015221 0.239329778773809 0.396703237097232 0.682212363266256
0.633583905787221 0.791185082966806 0.165211247457616 0.972808894181076 0.706722020850839 0.169854184389898 0.44286061288433 0.157660301890241 0.249999704080054 0.803874477555716 0.500543985244506 0.240469268511698 0.402374534632083 0.00914449554934793
-1.48385385773393 0.791185082966806 0.165211247457616 -0.681994919694685 0.636121097975342 0.622608438467062 0.40291995774433 0.135988758152738 0.240908387280877 0.837655507651307 0.595349948710645 0.249998305221773 0.498698163517395 -0.580706957732595
-0.884935521573752 0.791185082966806 0.165211247457616 -0.681994919694685 0.636121097975342 -0.881104952739686 0.476445138852321 0.175470983803459 0.240908387280877 0.773000029663993 0.595349948710645 0.248416399999338 0.460205528013785 0.444817935747274
0.33319616282763 0.791185082966806 0.165211247457616 0.972808894181076 0.706722020850839 -0.558351561611666 0.479289358354857 0.176947796716324 0.249999704080054 0.77028171096779 0.500543985244506 0.23690345833215 0.385559877368774 -0.699260530954739
0.537596421039899 0.791185082966806 0.165211247457616 0.0520884728114124 0.583682747420129 -0.352794755858932 0.482255606801461 0.178481446639861 0.224618905905188 0.767429529708554 0.65931445036409 0.249964270945395 0.505977378572967 -0.174467705787584
-0.189029122224942 0.791185082966806 0.165211247457616 0.972808894181076 0.706722020850839 0.947578496305648 0.489330393963131 0.182110693041839 0.249999704080054 0.760555765543887 0.500543985244506 0.235765509002878 0.380691613886023 0.765721623401847
-0.909634084541879 0.791185082966806 0.165211247457616 -1.01411237608761 0.69353613819669 -0.642217083596258 0.441837859455038 0.157109574663301 0.249638710191281 0.80477930595219 0.519007625015221 0.243224503562043 0.417686596243644 0.495189126870839
1.11027173824679 0.791185082966806 0.165211247457616 -1.01411237608761 0.69353613819669 1.50203221407444 0.50580761950213 0.190386552627375 0.249638710191281 0.744158652053588 0.519007625015221 0.237055025154647 0.386224014636861 -1.67932062331418
0.330736684006122 0.791185082966806 0.165211247457616 -1.01411237608761 0.69353613819669 -0.69650414600518 0.442956245369109 0.157711778870505 0.249638710191281 0.803789764688501 0.519007625015221 0.243139690851092 0.417173016782523 0.550242308721168
-2.59500659343983 0.791185082966806 0.165211247457616 -1.01411237608761 0.69353613819669 -1.97130267393066 0.560291788163676 0.215376796947336 0.249638710191281 0.68607311211635 0.519007625015221 0.229286220877604 0.356077176506308 1.84303127290866
0.783181061189263 0.791185082966806 0.165211247457616 0.628290953268039 0.647071211919242 0.353851728448812 0.454286194690307 0.163784915315574 0.243390497524378 0.793624053313801 0.581298846705363 0.248504843538393 0.461332746908948 0.0662306740436299
-1.61330493367482 0.791185082966806 0.165211247457616 0.972808894181076 0.706722020850839 0.590702390882564 0.435356442543094 0.153611627870308 0.249999704080054 0.810464767936222 0.500543985244506 0.241102467034633 0.40567326484306 0.418549373925568
0.326001778834988 0.791185082966806 0.165211247457616 -0.379003495560667 0.596968991952007 1.44866856456119 0.521955421030637 0.198215291091129 0.229370991110282 0.727562538456731 0.643628022647805 0.24899381863329 0.468279637979523 -0.705141615616563
-1.10815455862947 0.791185082966806 0.165211247457616 -0.379003495560667 0.596968991952007 -0.947383888012028 0.492441864181615 0.183693229642291 0.229370991110282 0.757501010401336 0.643628022647805 0.24984496954795 0.487548877478326 0.202970639455397
1.74644150952483 0.791185082966806 0.165211247457616 0.628290953268039 0.647071211919242 0.454927258257219 0.463176562536739 0.168508322477517 0.243390497524378 0.78546747191665 0.581298846705363 0.248115687850644 0.456591335549726 0.129735515019026
-1.50021429536578 0.791185082966806 0.165211247457616 -1.01411237608761 0.69353613819669 -0.458388660840005 0.424952394953658 0.147973762620537 0.249638710191281 0.819415462023151 0.519007625015221 0.244417350909761 0.425282872845385 0.308766448277058
0.204434548183341 0.791185082966806 0.165211247457616 0.972808894181076 0.706722020850839 -0.679687350174784 0.45169492408704 0.162400755430888 0.249999704080054 0.795971695554003 0.500543985244506 0.239681268874595 0.398418844634428 -0.817297065251414
-1.78759892134565 0.791185082966806 0.165211247457616 -0.118421962666619 0.581972448021547 -1.95657433504916 0.549301369721828 0.210689798105399 0.223979706635527 0.698268005221723 0.661308069743808 0.248538487491584 0.461770266697037 0.0756102071206395
2.19204668880785 0.791185082966806 0.165211247457616 0.972808894181076 0.706722020850839 0.879494832605074 0.46815873370557 0.171135971378238 0.249999704080054 0.780827400055197 0.500543985244506 0.238083757881738 0.390838458611735 0.699489229805495
0.276857121274739 0.791185082966806 0.165211247457616 -0.118421962666619 0.581972448021547 1.0282810431333 0.474126180702215 0.174262557610038 0.223979706635527 0.775204364772731 0.661308069743808 0.249840005275036 0.512648902124829 -0.277862225039741
-1.07023457144806 0.791185082966806 0.165211247457616 0.628290953268039 0.647071211919242 1.37483922751046 0.50240234982872 0.188698261509413 0.243390497524378 0.747591878886581 0.581298846705363 0.245719477387357 0.434574297003065 0.707707883103826
0.0898562266061502 0.791185082966806 0.165211247457616 0.0520884728114124 0.583682747420129 0.874618751600206 0.483408848934983 0.179075849518451 0.224618905905188 0.766315884771355 0.65931445036409 0.249972509520971 0.505243136373297 -0.110533610675939
0.0814091219282188 0.791185082966806 0.165211247457616 -0.681994919694685 0.636121097975342 -0.224045616076694 0.476158183986509 0.175321657694108 0.240908387280877 0.77327338382267 0.595349948710645 0.248429325929501 0.460368269398134 -0.00329319379484638
-0.774534532330249 0.791185082966806 0.165211247457616 0.316428790377658 0.603604629742052 -0.263351664777952 0.464916156985847 0.169427493140335 0.231595970725066 0.783852966973511 0.635661450953961 0.249996990171681 0.498265114320949 -0.239423214468647
0.651267110087119 0.791185082966806 0.165211247457616 -1.01411237608761 0.69353613819669 -0.533026411269678 0.457079200139416 0.165273245827737 0.249638710191281 0.791078604799912 0.519007625015221 0.242003317440216 0.410575827877557 0.384457514711127
0.266111855197634 0.791185082966806 0.165211247457616 -0.118421962666619 0.581972448021547 -1.08476591401537 0.455725687301294 0.16455246814917 0.223979706635527 0.792314097933763 0.661308069743808 0.249425740759501 0.523963706735383 -0.0276310571674684
1.18809103213948 0.791185082966806 0.165211247457616 0.972808894181076 0.706722020850839 -0.41046693485369 0.449944858222385 0.161464220924657 0.249999704080054 0.797549624559238 0.500543985244506 0.239841107294314 0.399208667507141 -0.555397050731932
0.594325839799599 0.791185082966806 0.165211247457616 0.316428790377658 0.603604629742052 -0.950961263852566 0.456896860885988 0.165176199393969 0.231595970725066 0.79124525851253 0.635661450953961 0.249991214057323 0.502964109086517 -0.457002688155894
0.409642484485611 0.791185082966806 0.165211247457616 0.972808894181076 0.706722020850839 0.100025475541348 0.480298935450794 0.177470544331784 0.249999704080054 0.769312932604834 0.500543985244506 0.236792235453638 0.385074961186162 -0.0587854934877021
0.602505898555473 0.791185082966806 0.165211247457616 0.0520884728114124 0.583682747420129 -0.731075458655763 0.477211973588852 0.175869737431663 0.224618905905188 0.772268732263433 0.65931445036409 0.2499159489725 0.509167934745637 -0.194171769890299
1.98109804655854 0.791185082966806 0.165211247457616 0.972808894181076 0.706722020850839 1.51047894603918 0.514555172588151 0.194665447772441 0.249999704080054 0.735232974362778 0.500543985244506 0.232580340700295 0.368016443070717 1.31331618744115
1.35272002613886 0.791185082966806 0.165211247457616 0.628290953268039 0.647071211919242 1.75794225488763 0.549695842833469 0.210861518376098 0.243390497524378 0.697834480371602 0.581298846705363 0.241098148947573 0.405650378631249 0.948408049374494
0.380577556877529 0.791185082966806 0.165211247457616 0.628290953268039 0.647071211919242 -0.0613622983906148 0.481487273891873 0.1780848483753 0.243390497524378 0.768170005080173 0.581298846705363 0.247141636848411 0.446536338026758 -0.194644542689575
1.11597323776458 0.791185082966806 0.165211247457616 -0.681994919694685 0.636121097975342 -0.35968257507404 0.466992435554928 0.170522204550833 0.240908387280877 0.781918065134476 0.595349948710645 0.248810776496774 0.465514879973737 0.0892105231641797
-0.189006443890056 0.791185082966806 0.165211247457616 -1.01411237608761 0.69353613819669 0.328223222136033 0.477225441002259 0.175876736643865 0.249638710191281 0.772255878460199 0.519007625015221 0.240160687128973 0.400806689383671 -0.488946397426522
0.223775438635662 0.791185082966806 0.165211247457616 0.972808894181076 0.706722020850839 0.675695058580226 0.537887727401462 0.205615289013053 0.249999704080054 0.71067679271089 0.500543985244506 0.229184722656481 0.355724994044293 0.50123099700203
-0.246878904449613 0.791185082966806 0.165211247457616 0.0520884728114124 0.583682747420129 -0.213902674214548 0.454753596521299 0.164034248792472 0.224618905905188 0.793199166450944 0.65931445036409 0.249472486021869 0.522967672457858 -0.16723302936913
0.575155843609658 0.791185082966806 0.165211247457616 0.628290953268039 0.647071211919242 2.06846678428552 0.56555786205638 0.217548029496325 0.243390497524378 0.680144304666216 0.581298846705363 0.239051956215762 0.395367099895693 1.14350780196301
-1.43571652042149 0.791185082966806 0.165211247457616 0.628290953268039 0.647071211919242 -1.18621594346179 0.465453564850671 0.169711089310072 0.243390497524378 0.783352978967802 0.581298846705363 0.24800746531465 0.455362183237194 -0.901379911638372
0.619577754393511 0.791185082966806 0.165211247457616 0.972808894181076 0.706722020850839 1.11941858837811 0.529294380545645 0.201667094893126 0.249999704080054 0.719847458722802 0.500543985244506 0.230488188988001 0.360315315757242 0.93288919334683
0.349990234507878 0.791185082966806 0.165211247457616 0.316428790377658 0.603604629742052 0.504883147850537 0.453327864415775 0.163273373876392 0.231595970725066 0.794493847344232 0.635661450953961 0.249974708034736 0.505029111776829 0.00366839801739263
2.12143194607776 0.791185082966806 0.165211247457616 -1.01411237608761 0.69353613819669 -0.960583252504559 0.481765172500527 0.178228347707209 0.249638710191281 0.767902318565538 0.519007625015221 0.23970732097235 0.398547158602382 0.818048198888346
1.52030001048083 0.791185082966806 0.165211247457616 0.0520884728114124 0.583682747420129 0.047966218288648 0.502189127700881 0.188592146705603 0.224618905905188 0.747806080019028 0.65931445036409 0.249951549415987 0.49303935462667 -0.153592678681823
1.33599098918985 0.791185082966806 0.165211247457616 0.316428790377658 0.603604629742052 0.656048664020656 0.467074902870641 0.170565630929036 0.231595970725066 0.781841035108382 0.635661450953961 0.249990917050501 0.49698620679234 0.0515015194459177
0.453729006168538 0.791185082966806 0.165211247457616 0.972808894181076 0.706722020850839 -0.311189635551863 0.445872949984276 0.159280178959452 0.249999704080054 0.80119731247232 0.500543985244506 0.240205828968956 0.401034495752083 -0.458819210980837
-0.42110312963696 0.791185082966806 0.165211247457616 -0.379003495560667 0.596968991952007 -0.0828847463648893 0.454587013404877 0.163945397761741 0.229370991110282 0.793350647243634 0.643628022647805 0.249887158067273 0.510622708351777 -0.124677557138065
-0.644940429592015 0.791185082966806 0.165211247457616 0.316428790377658 0.603604629742052 -0.123976135990197 0.422733056776463 0.146768390273084 0.231595970725066 0.821296762708428 0.635661450953961 0.249513061110928 0.52206669184703 -0.195320784486091
-0.479415202561175 0.791185082966806 0.165211247457616 -1.01411237608761 0.69353613819669 0.310750919777759 0.437477178035238 0.154757572631192 0.249638710191281 0.808613718698324 0.519007625015221 0.243548165179276 0.419676685696343 -0.471227519366251
1.05117067515433 0.791185082966806 0.165211247457616 0.628290953268039 0.647071211919242 0.963627415570618 0.459774132064308 0.166705568091916 0.243390497524378 0.788607747484512 0.581298846705363 0.248270835325052 0.458416774115662 0.449347221785062
0.265641432650601 0.791185082966806 0.165211247457616 -0.681994919694685 0.636121097975342 0.124528537735652 0.421032092905634 0.145844071187232 0.240908387280877 0.822731976743502 0.595349948710645 0.249896233998562 0.489813440156852 -0.24101899583174
-0.431133713920359 0.791185082966806 0.165211247457616 -0.118421962666619 0.581972448021547 1.11919283679442 0.504938958324509 0.189957040957479 0.223979706635527 0.745036648366159 0.661308069743808 0.249946691716596 0.492698747819421 -0.288628178074634
-0.135944190629015 0.791185082966806 0.165211247457616 -1.01411237608761 0.69353613819669 -0.515666455758648 0.510189563512297 0.192540741465984 0.249638710191281 0.739706609283132 0.519007625015221 0.236523894449496 0.383913370492101 0.366852568979062
-0.710249248737798 0.791185082966806 0.165211247457616 -1.01411237608761 0.69353613819669 -1.6779899215277 0.539590102425543 0.206384801270164 0.249638710191281 0.708842521364392 0.519007625015221 0.232548182716441 0.367894673523134 1.5455791806325
-0.273638802141927 0.791185082966806 0.165211247457616 -0.379003495560667 0.596968991952007 0.18554491556912 0.464449036093608 0.169180848826547 0.229370991110282 0.784287092871719 0.643628022647805 0.249977064034871 0.50478915077322 -0.226413337323223
-0.907045607260961 0.791185082966806 0.165211247457616 0.628290953268039 0.647071211919242 -0.392480420426206 0.406279771195777 0.137817375162662 0.243390497524378 0.834936747517107 0.581298846705363 0.249785312109246 0.485347768403621 -0.402683063227639
-0.997936973799512 0.791185082966806 0.165211247457616 0.316428790377658 0.603604629742052 1.6003089467228 0.526137375184913 0.20019092754788 0.231595970725066 0.72317946243353 0.635661450953961 0.248375692887827 0.459697306390603 0.350292658503021
0.835461302463446 0.791185082966806 0.165211247457616 0.972808894181076 0.706722020850839 -0.457555085621214 0.42627798372919 0.14869333433091 0.249999704080054 0.818287080587777 0.500543985244506 0.241825792563359 0.409588676391498 -0.601204822609118
0.536520302871607 0.791185082966806 0.165211247457616 0.972808894181076 0.706722020850839 -0.495885024625153 0.431921897743634 0.15175318845038 0.249999704080054 0.813443474249537 0.500543985244506 0.241381521362949 0.407164238372 -0.638492528185568
-0.479815684157225 0.791185082966806 0.165211247457616 -0.118421962666619 0.581972448021547 -0.125312227502776 0.476867055899707 0.175690433439346 0.223979706635527 0.772597810997546 0.661308069743808 0.249880640724294 0.510925167079078 -0.141251445812013
-0.0389479908196494 0.791185082966806 0.165211247457616 0.972808894181076 0.706722020850839 0.96788590478802 0.513201453313167 0.194008955643325 0.249999704080054 0.736624268317253 0.500543985244506 0.232763683428622 0.368712846891336 0.785476850991267
1.87133376951069 0.791185082966806 0.165211247457616 0.972808894181076 0.706722020850839 0.489207139199354 0.447009647327459 0.15989054162158 0.249999704080054 0.800182375196181 0.500543985244506 0.240105017824693 0.400526475003111 0.319813890370994
0.355288555801034 0.791185082966806 0.165211247457616 0.316428790377658 0.603604629742052 0.728345438803419 0.487059898474934 0.180950531627855 0.231595970725066 0.762772655297587 0.635661450953961 0.249770937006064 0.48486517281447 0.0743783004386332
-0.397862762096817 0.791185082966806 0.165211247457616 -0.118421962666619 0.581972448021547 0.346911274351455 0.409839879264258 0.139755233507843 0.223979706635527 0.832031273364658 0.661308069743808 0.247477048025601 0.550228995355265 -0.197173079718895
-0.491402166784389 0.791185082966806 0.165211247457616 -1.01411237608761 0.69353613819669 0.171764263190043 0.446742791799415 0.159747296076571 0.249638710191281 0.800420877975264 0.519007625015221 0.242846991378122 0.41542453889054 -0.33027943080961
-0.84771721615059 0.791185082966806 0.165211247457616 -1.01411237608761 0.69353613819669 0.693866823431056 0.507362486418272 0.191153338982779 0.249638710191281 0.742583307375468 0.519007625015221 0.236868306549551 0.38540639873689 -0.859750098737047
-0.495162096026717 0.791185082966806 0.165211247457616 0.628290953268039 0.647071211919242 -2.36407138382822 0.614574677507711 0.235043207569427 0.243390497524378 0.622297965766293 0.581298846705363 0.230884473752255 0.36174108980704 -1.64141582907814
1.44564331480116 0.791185082966806 0.165211247457616 0.972808894181076 0.706722020850839 0.304748826450249 0.411301512776986 0.14055080604233 0.249999704080054 0.830831065587363 0.500543985244506 0.242921721204316 0.415867492634038 0.14037120312303
0.959244482750549 0.791185082966806 0.165211247457616 0.972808894181076 0.706722020850839 1.01332765289421 0.438191113356198 0.155143054192652 0.249999704080054 0.807988548175656 0.500543985244506 0.240867102934342 0.404433807935765 0.829682987716108
-0.190342438653371 0.791185082966806 0.165211247457616 -0.681994919694685 0.636121097975342 0.401260220550304 0.495556672311342 0.185268639636072 0.240908387280877 0.754423584527709 0.595349948710645 0.247413874991807 0.449146042354673 -0.429748597629893
0.967220368983389 0.791185082966806 0.165211247457616 0.628290953268039 0.647071211919242 1.58172394222451 0.529658363863034 0.201836422835356 0.243390497524378 0.719462017589934 0.581298846705363 0.243312430855997 0.418222441073342 0.837691677728103
0.610881895956328 0.791185082966806 0.165211247457616 -0.681994919694685 0.636121097975342 0.596967116210679 0.468008519657163 0.171056968630722 0.240908387280877 0.780968025528311 0.595349948710645 0.248771446602873 0.464949273942934 -0.563219706219487
-0.198868756671022 0.791185082966806 0.165211247457616 -1.01411237608761 0.69353613819669 0.318024376984247 0.470451467351096 0.172340012033892 0.249638710191281 0.778675416867201 0.519007625015221 0.2408105687467 0.404138478765983 -0.478603622336294
-0.905983039149719 0.791185082966806 0.165211247457616 0.0520884728114124 0.583682747420129 -1.56883310672701 0.54311783732703 0.207965563411664 0.224618905905188 0.70502301477721 0.65931445036409 0.24876320203317 0.46483186148187 -0.237809286364411
0.644511290926587 0.791185082966806 0.165211247457616 0.316428790377658 0.603604629742052 1.30212664419426 0.51955649769377 0.197071915249498 0.231595970725066 0.730061045704183 0.635661450953961 0.248709154643333 0.464071663597287 0.25593919320189
0.454017367287849 0.791185082966806 0.165211247457616 0.316428790377658 0.603604629742052 -0.0800661654592534 0.430281859149631 0.150864741037286 0.231595970725066 0.814857521686738 0.635661450953961 0.2496769527745 0.51797351455614 -0.181426405625466
0.0133652019602489 0.791185082966806 0.165211247457616 0.316428790377658 0.603604629742052 -0.555762489615154 0.469084723985354 0.171622666196302 0.231595970725066 0.779959521723584 0.635661450953961 0.249982277594604 0.495790201264171 -0.331950418065217
0.879135719107014 0.791185082966806 0.165211247457616 0.972808894181076 0.706722020850839 -0.967020189312888 0.476874178240098 0.175694136836033 0.249999704080054 0.772591018127831 0.500543985244506 0.237166687125258 0.386715787177815 -1.09681700675526
0.925727191686437 0.791185082966806 0.165211247457616 -1.01411237608761 0.69353613819669 -1.03708197160226 0.435020108926861 0.153429773192291 0.249638710191281 0.810757504829262 0.519007625015221 0.243725669289969 0.420789327044702 0.895626496680175
-0.778111609597913 0.791185082966806 0.165211247457616 -0.681994919694685 0.636121097975342 -0.729971287013762 0.544270069408035 0.208477749791101 0.240908387280877 0.703770091546573 0.595349948710645 0.243437296930323 0.418989487906338 0.341745543527359
-0.140099945816206 0.791185082966806 0.165211247457616 0.628290953268039 0.647071211919242 -0.255939896928916 0.506747222735888 0.190850232453266 0.243390497524378 0.743207252249464 0.581298846705363 0.245379469877813 0.432025518595676 -0.31689588755981
0.0522536019221244 0.791185082966806 0.165211247457616 0.972808894181076 0.706722020850839 1.48941330335099 0.504320117314895 0.189650565346044 0.249999704080054 0.745661219271491 0.500543985244506 0.233930948728902 0.37323623833643 1.29282334287244
1.54213826361515 0.791185082966806 0.165211247457616 0.972808894181076 0.706722020850839 0.514996536146518 0.430969236261724 0.151237184575833 0.249999704080054 0.814265517395986 0.500543985244506 0.241457750086476 0.407575707124567 0.344902045096762
-0.304410965895986 0.791185082966806 0.165211247457616 -0.681994919694685 0.636121097975342 -1.53069011526824 0.536081087213968 0.204793982424216 0.240908387280877 0.71261706793149 0.595349948710645 0.244262927486062 0.424256534843343 0.887831716500794
-0.810889320101312 0.791185082966806 0.165211247457616 -0.379003495560667 0.596968991952007 0.571326304292327 0.475650801052642 0.175057479746871 0.229370991110282 0.77375631545798 0.643628022647805 0.249996044862815 0.498011247329471 -0.372625832171567
-0.0361699353654494 0.791185082966806 0.165211247457616 0.628290953268039 0.647071211919242 0.164369429357091 0.464806289977172 0.16936949391607 0.243390497524378 0.783955112797658 0.581298846705363 0.2480385910314 0.455712202938051 -0.0528193402801273
-1.37706389924368 0.791185082966806 0.165211247457616 -1.01411237608761 0.69353613819669 -0.227073881587697 0.440827514893737 0.156565177333261 0.249638710191281 0.805671102112612 0.519007625015221 0.243300486687258 0.418149445250863 0.0741872678653189
-0.760664944744538 0.791185082966806 0.165211247457616 -0.681994919694685 0.636121097975342 -1.21284579549693 0.510334888547628 0.192611820167544 0.240908387280877 0.73955830153108 0.595349948710645 0.246435432012051 0.44029599688506 0.671063505162949
1.15831503270083 0.791185082966806 0.165211247457616 0.0520884728114124 0.583682747420129 1.43016072996095 0.496219708019186 0.185602816546979 0.224618905905188 0.753766001373354 0.65931445036409 0.249990811929006 0.496968816898611 -0.0815962774404965
0.498066914088429 0.791185082966806 0.165211247457616 -0.379003495560667 0.596968991952007 -0.191721583632134 0.423485609231764 0.14717720366571 0.229370991110282 0.820659938773601 0.643628022647805 0.249204775021555 0.528199733659122 -0.0834280153680119
0.217256997856251 0.791185082966806 0.165211247457616 0.0520884728114124 0.583682747420129 -1.29081023062741 0.472781514817617 0.173560114996539 0.224618905905188 0.77647763924676 0.65931445036409 0.24985736647222 0.511942927939983 -0.223327499341746
-0.304967797008505 0.791185082966806 0.165211247457616 -0.681994919694685 0.636121097975342 -1.60744721272924 0.533667143832091 0.203689227022315 0.240908387280877 0.715199379594099 0.595349948710645 0.24449345679451 0.425793913959232 0.940179667019709
-1.37435377616889 0.791185082966806 0.165211247457616 0.0520884728114124 0.583682747420129 -1.03757766481066 0.467917274397481 0.171008972677759 0.224618905905188 0.781053424320432 0.65931445036409 0.249776204109872 0.514959809160816 -0.210137001722236
1.09534317529197 0.791185082966806 0.165211247457616 0.972808894181076 0.706722020850839 1.17367477185126 0.463922643211089 0.168902754489751 0.249999704080054 0.784775781116037 0.500543985244506 0.238511332258533 0.392814797003191 0.985670091193834
0.546651987783727 0.791185082966806 0.165211247457616 -1.01411237608761 0.69353613819669 -0.435282565125099 0.463484545721815 0.168671183598461 0.249638710191281 0.785182075877042 0.519007625015221 0.241446614375244 0.407515484405465 0.285334270649506
-0.338704489177129 0.791185082966806 0.165211247457616 -1.01411237608761 0.69353613819669 0.20894993579372 0.559819674758262 0.215179719065842 0.249638710191281 0.686601931753553 0.519007625015221 0.229365148074685 0.356351637930275 -0.367989881610141
0.850660019320647 0.791185082966806 0.165211247457616 0.0520884728114124 0.583682747420129 -0.180060233255661 0.407104985906884 0.138266555153143 0.224618905905188 0.834265530449756 0.65931445036409 0.247495666156788 0.550043319666186 -0.165470228303371
-0.126752896159946 0.791185082966806 0.165211247457616 0.972808894181076 0.706722020850839 0.473321326977879 0.439786806312068 0.156004064991153 0.249999704080054 0.806587564993832 0.500543985244506 0.24073257888505 0.403732554230675 0.304360030950653
-0.896027391169536 0.791185082966806 0.165211247457616 0.972808894181076 0.706722020850839 -0.0855899852562927 0.489222980041893 0.182055907827735 0.249999704080054 0.76066087579893 0.500543985244506 0.235778060413449 0.380744226191973 -0.239353864649166
-1.00631872740772 0.791185082966806 0.165211247457616 -1.01411237608761 0.69353613819669 -0.168948202686938 0.411782216636188 0.140812442420517 0.249638710191281 0.830435406062187 0.519007625015221 0.24523931847506 0.431002307828887 0.0152412975235643
-0.799439952533577 0.791185082966806 0.165211247457616 -0.118421962666619 0.581972448021547 0.125653267465534 0.470003664438282 0.172105112755713 0.223979706635527 0.779096555414586 0.661308069743808 0.24976826516653 0.51522283920527 -0.170971272287759
0.500230804462436 0.791185082966806 0.165211247457616 -1.01411237608761 0.69353613819669 -1.12581995235125 0.473827396739961 0.174106583293847 0.249638710191281 0.775487598098632 0.519007625015221 0.240490625164244 0.402483976517929 0.985616781186753
0.883782009200835 0.791185082966806 0.165211247457616 -1.01411237608761 0.69353613819669 -0.414255253861012 0.463614714582521 0.168740000269616 0.249638710191281 0.785061396422568 0.519007625015221 0.241435025183913 0.40745285084841 0.26401021406075
0.177354919095756 0.791185082966806 0.165211247457616 0.628290953268039 0.647071211919242 -0.742864684911487 0.448885059870747 0.16089643478932 0.243390497524378 0.798502203024836 0.581298846705363 0.248716097137292 0.464168409710029 -0.622826326771217
-1.07075344168526 0.791185082966806 0.165211247457616 0.0520884728114124 0.583682747420129 0.110780300302402 0.451360919046474 0.16222211940731 0.224618905905188 0.796273320757522 0.65931445036409 0.249375274629083 0.524994506814834 -0.150320789078676
0.0848853045256049 0.791185082966806 0.165211247457616 0.0520884728114124 0.583682747420129 0.0178253445016931 0.459561376508125 0.166592630099034 0.224618905905188 0.788803341221957 0.65931445036409 0.249597217523373 0.520069441363112 -0.155162670766587
-0.488635941182503 0.791185082966806 0.165211247457616 -1.01411237608761 0.69353613819669 -1.57602584297401 0.509448752217977 0.192178041530267 0.249638710191281 0.740461968863547 0.519007625015221 0.23661476135279 0.384305407873964 1.44217614665484
-0.820651488466556 0.791185082966806 0.165211247457616 -0.681994919694685 0.636121097975342 -1.45167514822795 0.498770593630242 0.186884544809173 0.240908387280877 0.751227894929736 0.595349948710645 0.247216750517186 0.447243488716424 0.833943910399474
-0.858510174322623 0.791185082966806 0.165211247457616 -1.01411237608761 0.69353613819669 -0.603208658320936 0.509273306294134 0.19209205374596 0.249638710191281 0.740640699496241 0.519007625015221 0.236636217001261 0.384398170435156 0.455630200027446
0.736362929252993 0.791185082966806 0.165211247457616 0.972808894181076 0.706722020850839 1.37638632498294 0.479470904604921 0.177041856526962 0.249999704080054 0.770107651637338 0.500543985244506 0.236883509698688 0.385472753017841 1.18286969303359
-1.13303391989436 0.791185082966806 0.165211247457616 -1.01411237608761 0.69353613819669 0.0981774502931965 0.420810354097007 0.145723548139959 0.249638710191281 0.822918645884751 0.519007625015221 0.244685743377779 0.427101051981387 -0.255654133134074
1.36632157351852 0.791185082966806 0.165211247457616 0.972808894181076 0.706722020850839 -0.388639690062595 0.463974336647418 0.168930071403714 0.249999704080054 0.784727814932589 0.500543985244506 0.238506184823437 0.392790787818571 -0.534163312863686
0.887582108496772 0.791185082966806 0.165211247457616 -1.01411237608761 0.69353613819669 1.24287002162718 0.479993499722081 0.177312475231983 0.249638710191281 0.769606240224549 0.519007625015221 0.239885978202803 0.399431506935837 -1.41650103653942
0.909062074349007 0.791185082966806 0.165211247457616 0.0520884728114124 0.583682747420129 0.406935982888144 0.451409508667114 0.162248109703111 0.224618905905188 0.796229455484915 0.65931445036409 0.249376719525327 0.524965585806735 -0.134894491858363
0.118504863011789 0.791185082966806 0.165211247457616 -0.118421962666619 0.581972448021547 0.805617528767012 0.536173530903561 0.204836123155662 0.223979706635527 0.712517944758409 0.661308069743808 0.249170206684649 0.471193866706008 -0.251493974654239
-0.657741597096715 0.791185082966806 0.165211247457616 0.972808894181076 0.706722020850839 -0.661439794037872 0.471695795901963 0.172992042739268 0.249999704080054 0.777503076128414 0.500543985244506 0.237717705948715 0.389174488265179 -0.799545680344358
-0.330460124147203 0.791185082966806 0.165211247457616 -0.118421962666619 0.581972448021547 0.908539729081105 0.444576004131866 0.158583161335391 0.223979706635527 0.802352176550143 0.661308069743808 0.249063519485421 0.530601969129118 -0.2636822236174
-0.0281161798317495 0.791185082966806 0.165211247457616 -1.01411237608761 0.69353613819669 -0.824455733053907 0.45759547136787 0.165547929239239 0.249638710191281 0.790606384583617 0.519007625015221 0.24195942416697 0.410330741984613 0.679999596687332
-0.961179755935922 0.791185082966806 0.165211247457616 -1.01411237608761 0.69353613819669 -1.16465855399318 0.507798947968492 0.191368109770011 0.249638710191281 0.742140228442093 0.519007625015221 0.236815549470003 0.385176437391984 1.02500348778176
-0.201655522327694 0.791185082966806 0.165211247457616 -0.379003495560667 0.596968991952007 -0.474605194735767 0.492934830356195 0.183943159714187 0.229370991110282 0.757015253021709 0.643628022647805 0.249837086186022 0.48723623041659 0.0237858620770895
1.26621000942679 0.791185082966806 0.165211247457616 0.628290953268039 0.647071211919242 0.825386844293267 0.519060724161062 0.19683472453338 0.243390497524378 0.730575964633394 0.581298846705363 0.244327344340042 0.42468296567205 0.362491921476897
0.622472149358852 0.791185082966806 0.165211247457616 -0.118421962666619 0.581972448021547 -0.172581225851646 0.466374437671556 0.17019664057793 0.223979706635527 0.78249488388654 0.661308069743808 0.249694792767183 0.517470181247413 -0.135653758254254
-0.291332804781818 0.791185082966806 0.165211247457616 -1.01411237608761 0.69353613819669 0.956060824167794 0.459058693032879 0.166325692462474 0.249638710191281 0.789265116350945 0.519007625015221 0.241834096930778 0.409634613544666 -1.1256442798201
-0.929452533577018 0.791185082966806 0.165211247457616 -0.681994919694685 0.636121097975342 0.398992549892331 0.445222332934079 0.158930597453044 0.240908387280877 0.801777074256736 0.595349948710645 0.249486431038193 0.477337940036119 -0.428202057761615
0.840521804977191 0.791185082966806 0.165211247457616 0.972808894181076 0.706722020850839 1.89865304365144 0.535224626221976 0.204402974822547 0.249999704080054 0.713534599485546 0.500543985244506 0.229595435117057 0.357155452036338 1.69093540208908
-0.564519867048082 0.791185082966806 0.165211247457616 0.0520884728114124 0.583682747420129 0.528087330858135 0.429616803333129 0.150504292168561 0.224618905905188 0.815429402293824 0.65931445036409 0.248584405413774 0.537624388184071 -0.128583903163562
-0.344774077515304 0.791185082966806 0.165211247457616 0.972808894181076 0.706722020850839 -0.0194626898484946 0.442374766600291 0.157398731187422 0.249999704080054 0.804304565875338 0.500543985244506 0.24051125542062 0.402589812753594 -0.175024643528321
0.480809008322383 0.791185082966806 0.165211247457616 0.316428790377658 0.603604629742052 0.606176498843413 0.455794540227901 0.164589155964176 0.231595970725066 0.792251337098436 0.635661450953961 0.249987013818677 0.503603634460208 0.0357205305453679
-0.869404542584149 0.791185082966806 0.165211247457616 -1.01411237608761 0.69353613819669 1.97996438967569 0.547310676788902 0.209819387349038 0.249638710191281 0.700451023072874 0.519007625015221 0.23137851063131 0.363539421924534 -2.16399755752188
-1.16771416638252 0.791185082966806 0.165211247457616 -0.681994919694685 0.636121097975342 0.391362161800194 0.449501872779847 0.161226949747921 0.240908387280877 0.79794806636741 0.595349948710645 0.249377913615679 0.475058340385596 -0.422998171847479
-0.475725416843572 0.791185082966806 0.165211247457616 0.972808894181076 0.706722020850839 -0.017287963729662 0.438330943235004 0.155218535770896 0.249999704080054 0.807865984202711 0.500543985244506 0.240855373455137 0.4043724592763 -0.172909050617512
-0.711597033833851 0.791185082966806 0.165211247457616 -1.01411237608761 0.69353613819669 0.050659524010791 0.427000917500961 0.14908563357849 0.249638710191281 0.817670216453337 0.519007625015221 0.244281173530114 0.424377077087128 -0.207465616005068
-0.736372399140439 0.791185082966806 0.165211247457616 0.972808894181076 0.706722020850839 -1.99359716319688 0.55309577864484 0.212330989622496 0.249999704080054 0.694085059645259 0.500543985244506 0.226719374681606 0.347420101853508 -2.0954802175111
-0.0314768825769513 0.791185082966806 0.165211247457616 0.628290953268039 0.647071211919242 -0.305929636851375 0.443117763706502 0.157798713469451 0.243390497524378 0.803646647487748 0.581298846705363 0.248921460137187 0.46715886934326 -0.348303988909312
0.372228576826884 0.791185082966806 0.165211247457616 0.0520884728114124 0.583682747420129 -0.0181520075084166 0.524260018439314 0.199306832188322 0.224618905905188 0.72515143306601 0.65931445036409 0.249520513443348 0.478102818522649 -0.157036676088592
-0.447123908661236 0.791185082966806 0.165211247457616 -0.681994919694685 0.636121097975342 -0.0852944720929259 0.454526890275829 0.163913326401549 0.240908387280877 0.793405306016185 0.595349948710645 0.249235688081362 0.472353808243489 -0.0979207690936018
-0.626023995253761 0.791185082966806 0.165211247457616 0.316428790377658 0.603604629742052 -1.59615918152253 0.55508493383254 0.213181790738247 0.231595970725066 0.691880716232125 0.635661450953961 0.246376188752438 0.439801899967178 -0.661161884798383
-1.01254283012561 0.791185082966806 0.165211247457616 -0.118421962666619 0.581972448021547 0.128394303978389 0.454826524612967 0.16407314250555 0.223979706635527 0.79313283250849 0.661308069743808 0.24939949799024 0.524505142516628 -0.171295871211353
-1.23909918049255 0.791185082966806 0.165211247457616 0.628290953268039 0.647071211919242 -1.23447836549427 0.488305392654424 0.181587494501219 0.243390497524378 0.761557843504609 0.581298846705363 0.246715872922997 0.442692696128653 -0.931702754784185
1.69041925778976 0.791185082966806 0.165211247457616 0.316428790377658 0.603604629742052 1.88510046609232 0.560372495458012 0.215410447823236 0.231595970725066 0.68598266633416 0.635661450953961 0.245910747556246 0.436052737011239 0.440408894486936
1.68130102065423 0.791185082966806 0.165211247457616 0.972808894181076 0.706722020850839 0.227222664852964 0.430186150282525 0.150812874438904 0.249999704080054 0.814939876105101 0.500543985244506 0.241520031085951 0.407913253320311 0.0649530635894719
0.765678591743376 0.791185082966806 0.165211247457616 0.972808894181076 0.706722020850839 -1.14487554122984 0.474684834260361 0.174554024457034 0.249999704080054 0.774674308123213 0.500543985244506 0.237401860371174 0.387758565454524 -1.26983627497778
1.5825807168281 0.791185082966806 0.165211247457616 0.316428790377658 0.603604629742052 0.175328849817763 0.443183240907257 0.157833952855169 0.231595970725066 0.80358861497894 0.635661450953961 0.249883137306508 0.510810304967597 -0.100612069872876
-0.909509371238558 0.791185082966806 0.165211247457616 -1.01411237608761 0.69353613819669 -0.578671553994096 0.44576236799762 0.159220773847669 0.249638710191281 0.801295911277155 0.519007625015221 0.24292360484155 0.415878687846363 0.430746818856245
1.09116448825049 0.791185082966806 0.165211247457616 0.972808894181076 0.706722020850839 0.847380642088617 0.479808090322334 0.177216487339766 0.249999704080054 0.769784196461235 0.500543985244506 0.236846398751842 0.385310849474946 0.66824825964166
0.739682979696576 0.791185082966806 0.165211247457616 -0.681994919694685 0.636121097975342 0.291659748285096 0.433022339122062 0.152348966292055 0.240908387280877 0.812491653821258 0.595349948710645 0.249734859496019 0.483716864430313 -0.355001632348884
0.462751358954767 0.791185082966806 0.165211247457616 0.972808894181076 0.706722020850839 1.17790137551278 0.50402461715742 0.189504079166897 0.249999704080054 0.745959185299316 0.500543985244506 0.233968738873229 0.373385383439465 0.989781768827939
-0.727395724917457 0.791185082966806 0.165211247457616 0.972808894181076 0.706722020850839 0.305795303387014 0.493692645255388 0.184326931530596 0.249999704080054 0.756267572020737 0.500543985244506 0.235248727770108 0.378545184410446 0.14138922519467
0.397254705050034 0.791185082966806 0.165211247457616 -0.681994919694685 0.636121097975342 -0.719063119563022 0.434037369436398 0.152898234469843 0.240908387280877 0.811611561932732 0.595349948710645 0.249717521449074 0.483192901769618 0.334306228742776
0.0918331795274507 0.791185082966806 0.165211247457616 0.628290953268039 0.647071211919242 0.398533373834176 0.442801664081657 0.157628569362898 0.243390497524378 0.803926686286516 0.581298846705363 0.248932125805577 0.467321655574016 0.0943037476163845
0.371818577860767 0.791185082966806 0.165211247457616 -0.118421962666619 0.581972448021547 -1.74992901075587 0.558220562215918 0.214509281779231 0.223979706635527 0.688389803919344 0.661308069743808 0.247996339404787 0.45523773246122 0.0511388622419481
-1.18368027558302 0.791185082966806 0.165211247457616 -1.01411237608761 0.69353613819669 -0.465995621735894 0.466256226934549 0.170134340020217 0.249638710191281 0.782605130844758 0.519007625015221 0.241197437998697 0.406178030284464 0.316480761465993
0.0419395189155252 0.791185082966806 0.165211247457616 0.628290953268039 0.647071211919242 -0.875332533644133 0.483778071209768 0.179265928502324 0.243390497524378 0.765958777816556 0.581298846705363 0.247002541980553 0.445250954168614 -0.706054677728817
-0.474285493680128 0.791185082966806 0.165211247457616 -1.01411237608761 0.69353613819669 -0.800972310916387 0.470741648489867 0.172492159144771 0.249638710191281 0.778402300377043 0.519007625015221 0.240783372000516 0.403996729225074 0.656184767664783
-0.325870713043821 0.791185082966806 0.165211247457616 0.0520884728114124 0.583682747420129 1.23754689160864 0.490988795521257 0.182955253715975 0.224618905905188 0.758930002672585 0.65931445036409 0.24999986048462 0.500373517576893 -0.0916292381226126
-0.242714761473598 0.791185082966806 0.165211247457616 -0.681994919694685 0.636121097975342 -0.0154042458721896 0.52779865137415 0.20096938236152 0.240908387280877 0.721428583607628 0.595349948710645 0.245030098299034 0.429502470249195 -0.145585548312456
-0.831372575877636 0.791185082966806 0.165211247457616 0.316428790377658 0.603604629742052 0.146951890061187 0.464651943978505 0.169288001980193 0.231595970725066 0.784098570956996 0.635661450953961 0.249997507502039 0.498421235305451 -0.109591356923245
-0.889648350628406 0.791185082966806 0.165211247457616 -1.01411237608761 0.69353613819669 -0.226530723722262 0.428976888264358 0.150157379412065 0.249638710191281 0.815978829335028 0.519007625015221 0.244147632843622 0.423499234275874 0.0736364447518114
0.237211462646332 0.791185082966806 0.165211247457616 -1.01411237608761 0.69353613819669 -1.06227780795988 0.458057716133392 0.165793751823299 0.249638710191281 0.790183128690661 0.519007625015221 0.241919980074479 0.410111068948837 0.921177906156319
-0.655483872742009 0.791185082966806 0.165211247457616 0.628290953268039 0.647071211919242 0.370875658899361 0.438652599777927 0.155392146485882 0.243390497524378 0.807583896708065 0.581298846705363 0.249066550107186 0.469447587774222 0.0769266555347742
0.555532181994494 0.791185082966806 0.165211247457616 0.316428790377658 0.603604629742052 0.587316185959886 0.501989039697714 0.188492525955354 0.231595970725066 0.748007004023366 0.635661450953961 0.249398731225647 0.475479217501218 0.0297525845534893
0.575512594845658 0.791185082966806 0.165211247457616 -0.379003495560667 0.596968991952007 0.522361143415861 0.438335744882823 0.155221127642842 0.229370991110282 0.807861774758021 0.643628022647805 0.249601499525589 0.519962476660252 -0.354067865038696
0.955981159413837 0.791185082966806 0.165211247457616 0.972808894181076 0.706722020850839 0.621460389585756 0.472006149951515 0.173154508116308 0.249999704080054 0.777210194407948 0.500543985244506 0.237685190376373 0.389027888081612 0.448471028631243
-0.192291722051689 0.791185082966806 0.165211247457616 0.972808894181076 0.706722020850839 1.75115506518365 0.541543339650924 0.207262371667627 0.249999704080054 0.706730811279724 0.500543985244506 0.228610895606093 0.353749856773036 1.54744805676188
-1.35858726218614 0.791185082966806 0.165211247457616 0.0520884728114124 0.583682747420129 0.369995093576798 0.47069766493764 0.172469101351441 0.224618905905188 0.778443708222253 0.65931445036409 0.249824723963962 0.513239185625938 -0.136818686366886
-0.231734127424017 0.791185082966806 0.165211247457616 0.972808894181076 0.706722020850839 1.25205880744441 0.482133808354079 0.178418607691395 0.249999704080054 0.767546990841992 0.500543985244506 0.236588282388437 0.384191029658479 1.06192277818066
0.675077073181046 0.791185082966806 0.165211247457616 0.628290953268039 0.647071211919242 -1.22160366336616 0.497235859795801 0.186114151842656 0.243390497524378 0.75275649973313 0.581298846705363 0.246103304793127 0.437576485144835 -0.923613695911073
-0.27728623633367 0.791185082966806 0.165211247457616 -0.681994919694685 0.636121097975342 0.000801684192576617 0.454887823193956 0.164105832030895 0.240908387280877 0.793077068309864 0.595349948710645 0.249224844860737 0.472158391941867 -0.156637910285554
-0.211466070541342 0.791185082966806 0.165211247457616 -0.379003495560667 0.596968991952007 -0.514812403396347 0.463724779981325 0.168798181139999 0.229370991110282 0.784959328431272 0.643628022647805 0.249972732591531 0.505221820417168 0.0390245347061865
0.940228433249524 0.791185082966806 0.165211247457616 0.972808894181076 0.706722020850839 -0.336217244709399 0.421141646051754 0.145903614975281 0.249999704080054 0.822639713960819 0.500543985244506 0.242215001387982 0.411767360846349 -0.483166291769376
-0.381396520992433 0.791185082966806 0.165211247457616 -1.01411237608761 0.69353613819669 0.969328887702813 0.462195084985586 0.167988956493468 0.249638710191281 0.786375703415167 0.519007625015221 0.241560819239375 0.40813498619918 -1.13909958725768
0.442003539206575 0.791185082966806 0.165211247457616 -0.681994919694685 0.636121097975342 -1.24796039977753 0.539804697962863 0.206481497383977 0.240908387280877 0.708610888057222 0.595349948710645 0.243895930590669 0.421871455860672 0.695011486889403
-0.996808825417971 0.791185082966806 0.165211247457616 -1.01411237608761 0.69353613819669 -0.354361309959742 0.460426869459228 0.167051911570754 0.249638710191281 0.788007097879975 0.519007625015221 0.24171566767541 0.408981692365823 0.203271024297775
-0.0859230407350985 0.791185082966806 0.165211247457616 -0.379003495560667 0.596968991952007 0.535079708516492 0.425049459143468 0.148026462393631 0.229370991110282 0.819332957281846 0.643628022647805 0.249252215361241 0.527345651185493 -0.358888245670351
1.19884595825306 0.791185082966806 0.165211247457616 0.628290953268039 0.647071211919242 0.359032418399837 0.45766613808945 0.165585517047712 0.243390497524378 0.790541706046289 0.581298846705363 0.248363067862249 0.459540981997198 0.0694856546715453
0.290081574437431 0.791185082966806 0.165211247457616 -1.01411237608761 0.69353613819669 -0.791767952706266 0.463816408363985 0.168846610789967 0.249638710191281 0.784874339332333 0.519007625015221 0.241417046053351 0.407355766792265 0.646850514089957
0.497217568540411 0.791185082966806 0.165211247457616 -0.379003495560667 0.596968991952007 -0.0751224995834368 0.472397866791566 0.173359472961948 0.229370991110282 0.776840255450778 0.643628022647805 0.249999999985235 0.499996157529 -0.12761947580164
-0.131805895603677 0.791185082966806 0.165211247457616 0.972808894181076 0.706722020850839 -0.302498454096616 0.448843538938726 0.160874180342405 0.249999704080054 0.79853947755296 0.500543985244506 0.239940738956289 0.399704132469425 -0.450364352360232
0.325658594340664 0.791185082966806 0.165211247457616 0.628290953268039 0.647071211919242 1.00922095940878 0.478999920776771 0.176797786450385 0.243390497524378 0.770559075895847 0.581298846705363 0.247288205012517 0.447925102136607 0.477993232906011
-0.0660498125383525 0.791185082966806 0.165211247457616 -0.681994919694685 0.636121097975342 0.106904778100906 0.449275632110461 0.161105738866624 0.240908387280877 0.798151406391745 0.595349948710645 0.249383937758982 0.475179398858655 -0.228999681294923
0.78882057320994 0.791185082966806 0.165211247457616 -1.01411237608761 0.69353613819669 0.737803644553596 0.444439897974905 0.158509977142257 0.249638710191281 0.802473177088056 0.519007625015221 0.243026029422939 0.416489697778891 -0.904306972803363
-1.54671553250059 0.791185082966806 0.165211247457616 0.972808894181076 0.706722020850839 -1.3119776089699 0.48790643782546 0.181383607869027 0.249999704080054 0.76194730792847 0.500543985244506 0.235931227155272 0.381388142056839 -1.43239465271136
0.611679411966475 0.791185082966806 0.165211247457616 -0.681994919694685 0.636121097975342 0.916421963766349 0.475778564360316 0.175124019381069 0.240908387280877 0.773634757695236 0.595349948710645 0.248446332694075 0.460583413314631 -0.781086289324294
-0.173511088808614 0.791185082966806 0.165211247457616 -0.379003495560667 0.596968991952007 -0.895558628408777 0.507025269706622 0.190987261754082 0.229370991110282 0.742925375878928 0.643628022647805 0.249523345902054 0.478167590651832 0.183328684907426
-2.38427000376925 0.791185082966806 0.165211247457616 0.316428790377658 0.603604629742052 0.138719298776049 0.468493804017025 0.17131214512596 0.231595970725066 0.780513555597658 0.635661450953961 0.249985118762075 0.496142379240442 -0.112196385825275
-1.00701016568731 0.791185082966806 0.165211247457616 0.972808894181076 0.706722020850839 -0.744617034268158 0.491310280019121 0.183118691033887 0.249999704080054 0.758614208747533 0.500543985244506 0.235532668510668 0.379719779309598 -0.880461239433817
1.30543705896773 0.791185082966806 0.165211247457616 0.972808894181076 0.706722020850839 2.07319787423476 0.574358092954552 0.221061641720845 0.249999704080054 0.670112781057611 0.500543985244506 0.222913727082647 0.335420921993856 1.86073416571385
-0.484238769753748 0.791185082966806 0.165211247457616 -0.118421962666619 0.581972448021547 0.473804171828268 0.463774084880558 0.168824241564603 0.223979706635527 0.784913598193201 0.661308069743808 0.249636346673994 0.519069696536812 -0.212199985686553
-0.61341931599498 0.791185082966806 0.165211247457616 0.316428790377658 0.603604629742052 0.0517458504523013 0.474023179424273 0.174208794828 0.231595970725066 0.775302025368503 0.635661450953961 0.249948585512601 0.492829610373287 -0.139717288873332
0.206905799278312 0.791185082966806 0.165211247457616 0.628290953268039 0.647071211919242 -0.262080313954295 0.419012288621361 0.144746017328789 0.243390497524378 0.824428701984289 0.581298846705363 0.249568999715427 0.479239453654267 -0.320753856026148
-0.12171790143862 0.791185082966806 0.165211247457616 -0.379003495560667 0.596968991952007 -0.895033526515274 0.480099536083636 0.177367359271549 0.229370991110282 0.769504435452277 0.643628022647805 0.249977670766928 0.495274618208865 0.183129669454263
0.628937291314885 0.791185082966806 0.165211247457616 0.972808894181076 0.706722020850839 -0.996903248818922 0.487166070187151 0.181004880833907 0.249999704080054 0.762669220058408 0.500543985244506 0.236016817081356 0.381749490831355 -1.12588751282808
-0.21895923686698 0.791185082966806 0.165211247457616 0.972808894181076 0.706722020850839 0.426850001239365 0.449882726995049 0.161430947351866 0.249999704080054 0.797605531951498 0.500543985244506 0.239846747622458 0.399236651616067 0.25915231194784
-0.763145344185697 0.791185082966806 0.165211247457616 0.628290953268039 0.647071211919242 0.147493527553075 0.481430732237893 0.178055644391681 0.243390497524378 0.768224450056886 0.581298846705363 0.247145019968487 0.44656798682893 -0.0634223167118304
-0.271646204680305 0.791185082966806 0.165211247457616 0.628290953268039 0.647071211919242 0.00295996433224253 0.441081175331416 0.156701887807495 0.243390497524378 0.805447396768256 0.581298846705363 0.248989118851716 0.468205642823225 -0.154231446927073
0.0700854602374965 0.791185082966806 0.165211247457616 -0.379003495560667 0.596968991952007 -1.26652750730895 0.532896622172064 0.203334845437455 0.229370991110282 0.716021190077605 0.643628022647805 0.248467379503125 0.460851302743577 0.323927186754815
-1.26104923423783 0.791185082966806 0.165211247457616 -0.681994919694685 0.636121097975342 -0.81379083050867 0.475268812522899 0.174858469104396 0.240908387280877 0.774119555843073 0.595349948710645 0.248469002579325 0.460872037867081 0.398910046362014
-0.0249948990512386 0.791185082966806 0.165211247457616 0.972808894181076 0.706722020850839 1.6627289240073 0.536800586365771 0.205121640693029 0.249999704080054 0.711845130477364 0.500543985244506 0.229353125988876 0.356309798486035 1.46142632014741
0.0947939582039933 0.791185082966806 0.165211247457616 0.972808894181076 0.706722020850839 -0.0999562441109564 0.474778347695886 0.174602791899253 0.249999704080054 0.774585520559164 0.500543985244506 0.23739188191019 0.387714123373375 -0.253329489039091
-0.677653325236107 0.791185082966806 0.165211247457616 0.316428790377658 0.603604629742052 -0.260915810108187 0.433225655295838 0.152459008725475 0.231595970725066 0.812315531593492 0.635661450953961 0.249732426650323 0.516357669445157 -0.238652439921958
-0.51940166356318 0.791185082966806 0.165211247457616 0.972808894181076 0.706722020850839 0.119337613088837 0.41411889580655 0.142084110099979 0.249999704080054 0.828505540135964 0.500543985244506 0.242724501092566 0.414703464856808 -0.0399984743158566
-1.37500452584386 0.791185082966806 0.165211247457616 0.972808894181076 0.706722020850839 0.351583997451991 0.485586425152627 0.180195282719046 0.249999704080054 0.764205823707492 0.500543985244506 0.236198127361195 0.382518628545609 0.185932874034016
0.776878669250183 0.791185082966806 0.165211247457616 -0.379003495560667 0.596968991952007 -0.176938823940436 0.414800689674505 0.142455102019707 0.229370991110282 0.827940387845555 0.643628022647805 0.248918535030425 0.532885634699291 -0.0890307329651986
1.10750928665739 0.791185082966806 0.165211247457616 0.0520884728114124 0.583682747420129 1.43968904241088 0.513349448670201 0.194080830735971 0.224618905905188 0.73647234355 0.65931445036409 0.249791684423439 0.485566858396021 -0.0810999621965098
-1.14949051915138 0.791185082966806 0.165211247457616 -1.01411237608761 0.69353613819669 -0.574683261417167 0.490277992140269 0.182593566216703 0.249638710191281 0.759627490422907 0.519007625015221 0.238817457720641 0.394252459700665 0.426702241994523
0.170395107745264 0.791185082966806 0.165211247457616 0.972808894181076 0.706722020850839 0.930723601797789 0.470254850923278 0.172236891152727 0.249999704080054 0.778860375183125 0.500543985244506 0.237867831399321 0.389853876143193 0.749325032114118
-1.08174361039135 0.791185082966806 0.165211247457616 -0.681994919694685 0.636121097975342 0.268407742251557 0.482860471987415 0.178793337919262 0.240908387280877 0.766845764592091 0.595349948710645 0.248111366306395 0.456541586618877 -0.3391438823613
-0.604184318367652 0.791185082966806 0.165211247457616 -0.118421962666619 0.581972448021547 -1.29459853004714 0.50311259969134 0.189051395301933 0.223979706635527 0.746877712031821 0.661308069743808 0.249962988084232 0.493916258078435 -0.00278226694551428
-0.180310506197462 0.791185082966806 0.165211247457616 -0.681994919694685 0.636121097975342 0.0136010459819879 0.418667921892207 0.144558758741858 0.240908387280877 0.824717171178461 0.595349948710645 0.249918915838264 0.490995325561885 -0.165367010001267
-0.954071181632651 0.791185082966806 0.165211247457616 -1.01411237608761 0.69353613819669 1.10325642264744 0.485895211091481 0.180353705587961 0.249638710191281 0.763905843838365 0.519007625015221 0.239282151522097 0.396472957745798 -1.27491715794393
-0.54676065466473 0.791185082966806 0.165211247457616 -1.01411237608761 0.69353613819669 -1.44400284101277 0.518478813420634 0.196555937045033 0.249638710191281 0.731179720033932 0.519007625015221 0.235476821691316 0.379487849954105 1.3082899864377
-2.15415778984769 0.791185082966806 0.165211247457616 0.0520884728114124 0.583682747420129 -1.10805527091432 0.501435112430064 0.188216520525582 0.224618905905188 0.748562828022249 0.65931445036409 0.249958246297679 0.493538289520477 -0.21380807259158
0.44121738340524 0.791185082966806 0.165211247457616 -1.01411237608761 0.69353613819669 -0.926447810981504 0.449805063843076 0.161389353531277 0.249638710191281 0.797675404541126 0.519007625015221 0.242603934165812 0.413999617243946 0.783431025176601
-0.978840723456118 0.791185082966806 0.165211247457616 -1.01411237608761 0.69353613819669 0.0860198787575017 0.426542028483779 0.148836629080749 0.249638710191281 0.818061897936943 0.519007625015221 0.244311878319145 0.424580362763697 -0.243324989376556
1.66457247617819 0.791185082966806 0.165211247457616 0.972808894181076 0.706722020850839 0.108454082793938 0.470220599229943 0.172218924325288 0.249999704080054 0.778892588059833 0.500543985244506 0.2378713831231 0.389870000104876 -0.050586069386824
0.248611929073851 0.791185082966806 0.165211247457616 -1.01411237608761 0.69353613819669 0.168938926931068 0.454939024712131 0.164133135567469 0.249638710191281 0.793030483793975 0.519007625015221 0.242183471731155 0.411588867958583 -0.327414222342774
0.68438115004726 0.791185082966806 0.165211247457616 0.972808894181076 0.706722020850839 1.5323825821368 0.520407244244296 0.197478223455031 0.249999704080054 0.729176300138057 0.500543985244506 0.231770898797877 0.364984811216947 1.33462423945182
-0.64476408830139 0.791185082966806 0.165211247457616 -1.01411237608761 0.69353613819669 -0.732497436222785 0.463208985210361 0.168525470118107 0.249638710191281 0.785437436020388 0.519007625015221 0.241471111469985 0.407648018266986 0.586743549786953
-0.0980590212173453 0.791185082966806 0.165211247457616 -1.01411237608761 0.69353613819669 -0.470972527826484 0.467220857011723 0.170642478464545 0.249638710191281 0.781704670773231 0.519007625015221 0.241109525009191 0.40571068464132 0.321527903527086
