-0.48 0.57 -0.48 0.13 0.02 1.94 -2.05 1.05 -1.11 -0.98 -2.14 -1.12 -1.76 1 2.22 -0.390774228881892 0.269647653817732 2.13936322224141 -0.0948 -0.0192 -1.0024 0.858 -0.588 0.4356 0.3808 0.8544 0.3752 0.6696 -0.73 -1.1012 -0.0418 0.0728 1.1116 -1.187 0.727 -0.6754 -0.6772 -1.3796 -0.6768 -1.0164 0.55 1.2108 -0.0448 0.0408 -0.9324 0.878 -0.508 0.5756 0.3408 0.8344 0.5052 0.8496 -0.66 -1.1012
0.52 0.57 0.52 -0.87 0.02 1.94 -1.05 0.05 -1.11 0.02 1.86 -2.12 1.24 -1 -0.78 -1.12280299339443 1.2924449000518 2.47767503316455 -0.4848 0.00080000000000003 0.9376 -0.672 -0.0579999999999999 -0.6744 -0.0792 0.7944 -1.2648 0.4696 -0.77 -0.4412 -0.6118 0.0728 1.1116 -0.617 0.157 -0.6754 -0.1072 0.9004 -1.2468 0.6936 -0.59 -0.4992 -0.4348 0.0608 1.0076 -0.652 0.022 -0.5344 -0.1192 0.7744 -1.1348 0.6496 -0.7 -0.4412
-0.48 0.57 -0.48 -0.87 -1.98 -2.06 -2.05 -1.95 -0.11 0.02 -1.14 -2.12 -1.76 -2 -1.78 0.512255152374621 1.64979857635473 0.056936930775897 0.3852 0.9408 0.9176 0.858 0.852 -0.0444 -0.0992 0.3744 0.8552 0.6696 0.71 0.8188 -0.6118 -1.0672 -1.1684 -1.187 -0.983 -0.1054 -0.1072 -0.8096 -1.2468 -1.0164 -1.16 -1.0692 0.4352 1.0008 0.9876 0.878 0.932 0.0956 -0.1392 0.3544 0.9852 0.8496 0.78 0.8188
-0.48 -0.43 -0.48 0.13 2.02 -0.0600000000000001 -0.0499999999999998 0.05 0.89 -0.98 1.86 0.88 1.24 0 2.22 0.183549187847113 2.6945652029902 0.457190329838489 -0.0948 -0.9792 -0.0424 -0.102 -0.108 -0.5244 0.3808 -1.0656 -0.5848 -0.7704 -0.25 -1.1012 -0.1718 -0.8072 0.0316 0.003 0.107 -0.4254 0.3028 -0.9596 -0.4168 -0.5464 -0.02 -1.0092 -0.0448 -0.9192 0.0276 -0.082 -0.028 -0.3844 0.3408 -1.0856 -0.4548 -0.5904 -0.18 -1.1012
0.52 -0.43 -0.48 1.13 2.02 1.94 -0.0499999999999998 -0.95 1.89 0.02 1.86 -0.12 2.24 2 0.22 -1.04309416413317 1.64503413961031 0.364294373615744 0.5552 1.0408 0.9376 -0.152 -0.578 0.8856 -0.0792 0.7944 -0.2248 0.9896 0.79 0.0788 -0.6018 -0.8072 -0.8284 0.003 0.537 -0.8554 -0.1272 -0.9596 0.0132 -0.9764 -0.88 -0.1492 -0.5248 -0.9192 -0.9324 -0.082 0.452 -0.8644 -0.1392 -1.0856 0.0252 -1.0704 -1.14 -0.1412
0.52 0.57 0.52 -1.87 2.02 -0.0600000000000001 -0.0499999999999998 -1.95 -0.11 -1.98 -0.14 -0.12 1.24 0 0.22 -0.0823958392449753 0.904042817645627 2.40720879549933 -1.0048 1.0408 -0.1024 -0.152 -1.098 -0.1544 -1.1192 -0.2456 -0.2248 0.4696 -0.25 0.0788 -1.1818 1.2128 -0.0284 -0.047 -0.983 -0.1054 -1.2472 -0.2396 -0.1068 0.6936 -0.02 0.0708 -0.9548 1.1008 -0.0324 -0.132 -1.018 -0.0144 -1.1592 -0.2656 -0.0948 0.6496 -0.18 0.0788
0.52 -0.43 0.52 -1.87 -1.98 1.94 -0.0499999999999998 1.05 1.89 2.02 1.86 -0.12 0.24 1 1.22 0.102409135271521 1.5801422745405 2.71452304047312 -1.0048 -1.0392 0.9376 -0.152 0.462 0.8856 0.9608 0.7944 -0.2248 -0.0504 0.27 0.5988 0.6882 0.9128 -0.8284 0.003 -0.323 -0.8554 -0.9872 -0.9596 0.0132 -0.1164 -0.45 -0.5792 -0.9548 -0.9792 1.0076 -0.132 0.542 1.0256 0.9208 0.7744 -0.0948 0.1296 0.34 0.5988
0.52 0.57 0.52 2.13 -1.98 0.94 1.95 -0.95 -2.11 2.02 1.86 -0.12 1.24 0 2.22 -0.388829427520755 0.78527432697014 0.516208713121475 1.0752 -1.0392 0.4176 0.888 -0.578 -1.1944 0.9608 0.7944 -0.2248 0.4696 -0.25 1.1188 1.0982 -1.0672 0.5416 1.093 -0.413 -1.2454 1.0328 0.9004 -0.1068 0.6936 -0.02 1.2108 1.1252 -0.9792 0.4876 0.908 -0.498 -1.0544 0.9208 0.7744 -0.0948 0.6496 -0.18 1.1188
-0.48 -0.43 -0.48 -1.87 0.02 -2.06 -2.05 1.05 -2.11 -0.98 -1.14 -2.12 -1.76 -2 -1.78 0.277416792747714 0.871706019204995 0.783987234298856 0.8652 -0.0192 0.9176 0.858 -0.588 0.9156 0.3808 0.3744 0.8552 0.6696 0.71 0.8188 0.6882 0.0528 0.8916 0.863 -0.323 0.8646 0.3028 0.3304 0.8732 0.7436 0.84 0.7108 0.9152 0.0408 0.9876 0.878 -0.508 1.0556 0.3408 0.3544 0.9852 0.8496 0.78 0.8188
0.52 -0.43 0.52 -1.87 -1.98 0.94 -0.0499999999999998 -0.95 -1.11 2.02 0.86 1.88 -0.76 2 -1.78 -0.13309777422392 0.472958394431487 -1.20953256521246 -1.0048 -1.0392 0.4176 -0.152 -0.578 -0.6744 0.9608 0.2744 0.8152 -0.5704 0.79 -0.9612 0.6882 0.9128 -0.3984 0.003 0.537 0.4346 -0.9872 -0.5296 -0.8468 0.3136 -0.88 0.7108 -0.9548 -0.9792 0.4876 -0.132 -0.498 -0.5344 0.9208 0.2544 0.9452 -0.3904 0.86 -0.9612
-0.48 -0.43 0.52 -0.87 1.02 0.94 -2.05 -0.95 1.89 2.02 1.86 1.88 2.24 2 2.22 1.04219414715178 2.00540077192853 1.25668686058125 0.3852 -0.4992 -0.5224 0.858 0.372 -1.0044 -1.0592 -1.0656 -1.0648 -1.2504 -1.21 -1.1012 0.2582 -0.3772 -0.3984 0.863 0.537 -0.8554 -0.9872 -0.9596 -0.8468 -0.9764 -0.88 -1.0092 -0.4348 0.5808 0.4876 -1.172 -0.498 1.0256 0.9208 0.7744 0.9452 1.1696 0.86 1.1188
0.52 -0.43 0.52 -1.87 -1.98 -2.06 -1.05 2.05 -2.11 -1.98 -2.14 -1.12 -1.76 -2 -1.78 1.01136228814549 0.332000627926056 1.43157276593868 -1.0048 -1.0392 -1.1424 -0.672 0.982 -1.1944 -1.1192 -1.2856 -0.7448 -1.0904 -1.29 -0.9612 0.6882 0.9128 0.8916 0.433 -0.753 0.8646 0.7328 0.7604 0.4432 0.7436 0.84 0.7108 -0.9548 -0.9792 -1.0724 -0.652 1.062 -1.0544 -1.1592 -1.3056 -0.6148 -0.9104 -1.22 -0.9612
-0.48 -0.43 0.52 0.13 2.02 1.94 -0.0499999999999998 -1.95 -2.11 -1.98 -1.14 1.88 -1.76 -1 1.22 0.872750275595264 -0.816755285009824 1.09594609720113 -0.0948 -0.9792 -1.0024 -0.102 0.852 0.9156 0.8608 0.3744 -1.0648 0.6696 0.23 -0.6212 -0.1718 -0.8072 -0.8284 0.003 0.967 0.8646 0.7328 0.3304 -0.8468 0.7436 0.41 -0.5792 0.0852 1.1008 1.0076 -0.132 -1.018 -1.0544 -1.1592 -0.7856 0.9452 -0.9104 -0.7 0.5988
-0.48 0.57 -0.48 0.13 -0.98 1.94 -2.05 -1.95 1.89 2.02 0.86 1.88 1.24 -1 0.22 1.25451592193109 2.18847091633513 1.33869196748817 -0.0948 0.4608 -1.0024 0.858 0.852 -1.0044 -1.0592 -0.5856 -1.0648 -0.7704 0.23 -0.1412 -0.0418 -0.4972 1.1116 -1.187 -0.983 1.0346 1.0328 0.3304 1.0332 0.6936 -0.59 0.0708 -0.0448 0.5208 -0.9324 0.878 0.932 -0.8644 -1.0992 -0.6056 -0.9348 -0.5904 0.3 -0.1412
-0.48 -0.43 0.52 -0.87 0.02 -2.06 1.95 2.05 -2.11 -1.98 -2.14 -2.12 -0.76 0 -1.78 1.88110101225363 2.86912932725624 3.24666232264504 0.3852 -0.0192 0.9176 -1.062 -1.068 0.9156 0.8608 0.8544 0.8552 0.1896 -0.25 0.8188 0.2582 0.0528 0.8916 -0.857 -0.753 0.8646 0.7328 0.7604 0.8732 0.3136 -0.02 0.7108 -0.4348 0.0608 -1.0724 0.908 1.062 -1.0544 -1.1592 -1.3056 -1.1348 -0.3904 -0.18 -0.9612
-0.48 0.57 -0.48 2.13 2.02 1.94 0.95 2.05 1.89 -1.98 1.86 1.88 2.24 2 0.22 0.209719817807764 0.235207869268167 0.732862589171124 -1.0548 -0.9792 -1.0024 -0.582 -1.068 -1.0044 0.8608 -1.0656 -1.0648 -1.2504 -1.21 -0.1412 1.0982 1.2128 1.1116 0.523 1.297 1.0346 -1.2472 0.9004 1.0332 1.2636 1.12 0.0708 -1.0048 -0.9192 -0.9324 -0.562 -0.988 -0.8644 0.8208 -1.0856 -0.9348 -1.0704 -1.14 -0.1412
0.52 0.57 0.52 -1.87 0.02 -2.06 -1.05 -1.95 1.89 0.02 1.86 -1.12 -1.76 1 -1.78 0.782812164368223 -0.0428496291844759 0.555936444375427 -1.0048 0.00080000000000003 -1.1424 -0.672 -1.098 0.8856 -0.0792 0.7944 -0.7448 -1.0904 0.27 -0.9612 -1.1818 0.0728 -1.1684 -0.617 -0.983 1.0346 -0.1072 0.9004 -0.6768 -1.0164 0.55 -1.0692 -0.9548 0.0608 -1.0724 -0.652 -1.018 1.0256 -0.1192 0.7744 -0.6148 -0.9104 0.34 -0.9612
0.52 0.57 0.52 0.13 -1.98 1.94 1.95 -0.95 1.89 2.02 0.86 1.88 0.24 2 2.22 1.9656600463071 1.91897565722739 4.20403957275164 0.0352 -1.0392 0.9376 0.888 -0.578 0.8856 0.9608 0.2744 0.8152 -0.0504 0.79 1.1188 -0.0418 -1.0672 1.1116 1.093 -0.413 1.0346 1.0328 0.3304 1.0332 0.1236 1.12 1.2108 0.0852 -0.9792 1.0076 0.908 -0.498 1.0256 0.9208 0.2544 0.9452 0.1296 0.86 1.1188
0.52 0.57 -0.48 2.13 -1.98 -0.0600000000000001 -0.0499999999999998 -1.95 1.89 -1.98 -1.14 0.88 -0.76 0 -1.78 -1.91671311878094 1.32546022742421 0.645845845311194 1.0752 -1.0392 -0.1024 -0.152 -1.098 0.8856 -1.1192 -0.7656 0.2952 -0.5704 -0.25 -0.9612 1.0982 -1.0672 -0.0284 -0.047 -0.983 1.0346 -1.2472 -0.8096 0.4632 -0.4464 -0.02 -1.0692 -1.0048 1.0008 0.0276 -0.082 0.932 -0.8644 0.8208 0.3544 -0.4548 0.3696 -0.18 0.8188
-0.48 -0.43 -0.48 -1.87 2.02 1.94 -2.05 -1.95 -2.11 -0.98 -2.14 1.88 0.24 -2 -0.78 2.24342474618887 0.55426931498864 2.79187007831911 0.8652 -0.9792 -1.0024 0.858 0.852 0.9156 0.3808 0.8544 -1.0648 -0.2904 0.71 0.3388 0.6882 -0.8072 -0.8284 0.863 0.967 0.8646 0.3028 0.7604 -0.8468 -0.1164 0.84 0.2808 0.9152 -0.9192 -0.9324 0.878 0.932 1.0556 0.3408 0.8344 -0.9348 -0.1104 0.78 0.3388
-0.48 0.57 0.52 -1.87 -1.98 1.94 -0.0499999999999998 -0.95 1.89 -0.98 1.86 1.88 0.24 0 1.22 0.550706456108767 -0.0670042742725226 1.21396349589155 0.8652 0.9408 -1.0024 -0.102 0.372 -1.0044 0.3808 -1.0656 -1.0648 -0.2904 -0.25 -0.6212 -1.1818 -1.0672 1.1116 -0.047 -0.413 1.0346 -0.6772 0.9004 1.0332 0.1236 -0.02 0.6408 -0.9548 -0.9792 1.0076 -0.132 -0.498 1.0256 -0.6392 0.7744 0.9452 0.1296 -0.18 0.5988
0.52 0.57 0.52 2.13 -1.98 -2.06 -1.05 0.05 1.89 2.02 0.86 0.88 -1.76 0 1.22 1.40194608821911 2.68257389398488 2.54426050876037 1.0752 -1.0392 -1.1424 -0.672 -0.0579999999999999 0.8856 0.9608 0.2744 0.2952 -1.0904 -0.25 0.5988 1.0982 -1.0672 -1.1684 -0.617 0.157 1.0346 1.0328 0.3304 0.4632 -1.0164 -0.02 0.6408 1.1252 -0.9792 -1.0724 -0.652 0.022 1.0256 0.9208 0.2544 0.4252 -0.9104 -0.18 0.5988
0.52 -0.43 -0.48 1.13 0.02 -2.06 -0.0499999999999998 2.05 1.89 2.02 1.86 1.88 2.24 2 2.22 0.873636690981942 -0.741464604976934 2.79375513737558 0.5552 0.00080000000000003 -1.1424 -0.152 0.982 0.8856 0.9608 0.7944 0.8152 0.9896 0.79 1.1188 -0.6018 0.0528 0.8916 0.003 -0.753 -0.8554 -0.9872 -0.9596 -0.8468 -0.9764 -0.88 -1.0092 -0.5248 0.0408 0.9876 -0.082 -0.988 -0.8644 -1.0992 -1.0856 -0.9348 -1.0704 -1.14 -1.1012
0.52 0.57 0.52 2.13 2.02 -2.06 0.95 2.05 1.89 2.02 1.86 -0.12 2.24 2 0.22 3.58563930126854 3.52205513658641 1.77735349388892 1.0752 1.0408 -1.1424 0.368 0.982 0.8856 0.9608 0.7944 -0.2248 0.9896 0.79 0.0788 1.0982 1.2128 -1.1684 0.523 1.297 1.0346 1.0328 0.9004 -0.1068 1.2636 1.12 0.0708 1.1252 1.1008 -1.0724 0.388 1.062 1.0256 0.9208 0.7744 -0.0948 1.1696 0.86 0.0788
-0.48 -0.43 0.52 1.13 -0.98 -2.06 -2.05 1.05 1.89 -1.98 -1.14 -0.12 2.24 0 -1.78 1.10393182680915 2.46524991988252 3.07910263357291 -0.5748 0.4608 0.9176 0.858 -0.588 -1.0044 0.8608 0.3744 -0.1048 -1.2504 -0.25 0.8188 -0.6018 0.4828 0.8916 0.863 -0.323 -0.8554 0.7328 0.3304 0.0132 -0.9764 -0.02 0.7108 0.6052 -0.4592 -1.0724 -1.172 0.542 1.0256 -1.1592 -0.7856 -0.0948 1.1696 -0.18 -0.9612
-0.48 0.57 -0.48 1.13 -0.98 0.94 -0.0499999999999998 2.05 1.89 2.02 0.86 -2.12 0.24 -1 -0.78 0.497903510154594 1.27841307001488 1.37178441117145 -0.5748 0.4608 -0.5224 -0.102 -1.068 -1.0044 -1.0592 -0.5856 0.8552 -0.2904 0.23 0.3388 0.5282 -0.4972 0.5416 -0.047 1.297 1.0346 1.0328 0.3304 -1.2468 0.1236 -0.59 -0.4992 -0.5248 0.5208 -0.4524 -0.082 -0.988 -0.8644 -1.0992 -0.6056 0.9852 -0.1104 0.3 0.3388
0.52 -0.43 0.52 2.13 0.02 1.94 1.95 2.05 -2.11 -1.98 -2.14 -1.12 2.24 2 1.22 0.802209081393768 2.08389157420658 1.08523086377962 1.0752 0.00080000000000003 0.9376 0.888 0.982 -1.1944 -1.1192 -1.2856 -0.7448 0.9896 0.79 0.5988 -1.0318 0.0528 -0.8284 -0.857 -0.753 0.8646 0.7328 0.7604 0.4432 -0.9764 -0.88 -0.5792 1.1252 0.0608 1.0076 0.908 1.062 -1.0544 -1.1592 -1.3056 -0.6148 1.1696 0.86 0.5988
0.52 -0.43 0.52 2.13 -1.98 1.94 -0.0499999999999998 0.05 -0.11 1.02 1.86 1.88 -0.76 2 -1.78 0.699768388673224 1.85390875543333 1.46362065158479 1.0752 -1.0392 0.9376 -0.152 -0.0579999999999999 -0.1544 0.4408 0.7944 0.8152 -0.5704 0.79 -0.9612 -1.0318 0.9128 -0.8284 0.003 0.107 0.00460000000000001 -0.5572 -0.9596 -0.8468 0.3136 -0.88 0.7108 1.1252 -0.9792 1.0076 -0.132 0.022 -0.0144 0.4008 0.7744 0.9452 -0.3904 0.86 -0.9612
-0.48 -0.43 -0.48 -1.87 2.02 1.94 -0.0499999999999998 2.05 -0.11 1.02 -1.14 1.88 1.24 2 0.22 1.68313392864648 1.12129692867355 1.9367556577219 0.8652 -0.9792 -1.0024 -0.102 -1.068 -0.0444 -0.5792 0.3744 -1.0648 -0.7704 -1.21 -0.1412 0.6882 -0.8072 -0.8284 0.003 -0.753 0.00460000000000001 -0.5572 0.3304 -0.8468 -0.5464 -0.88 -0.1492 0.9152 -0.9192 -0.9324 -0.082 -0.988 0.0956 -0.6192 0.3544 -0.9348 -0.5904 -1.14 -0.1412
0.52 0.57 0.52 -0.87 -1.98 1.94 -2.05 1.05 -2.11 -1.98 -1.14 -0.12 -0.76 -2 -0.78 -1.41550924234059 -0.653263230709989 1.08943598790791 -0.4848 -1.0392 0.9376 -1.192 0.462 -1.1944 -1.1192 -0.7656 -0.2248 -0.5704 -1.29 -0.4412 -0.6118 -1.0672 1.1116 -1.187 0.727 -1.2454 -1.2472 -0.8096 -0.1068 -0.4464 -1.16 -0.4992 -0.4348 -0.9792 1.0076 -1.172 0.542 -1.0544 -1.1592 -0.7856 -0.0948 -0.3904 -1.22 -0.4412
0.52 -0.43 -0.48 2.13 -1.98 -2.06 0.95 2.05 1.89 2.02 -1.14 -0.12 2.24 2 -0.78 0.310314172392327 0.195111186807024 1.5366175734041 1.0752 -1.0392 -1.1424 0.368 0.982 0.8856 0.9608 -0.7656 -0.2248 0.9896 0.79 -0.4412 -1.0318 0.9128 0.8916 -0.427 -0.753 -0.8554 -0.9872 0.3304 0.0132 -0.9764 -0.88 0.2808 -1.0048 1.0008 0.9876 -0.562 -0.988 -0.8644 -1.0992 0.3544 0.0252 -1.0704 -1.14 0.3388
-0.48 0.57 -0.48 -1.87 0.02 -1.06 1.95 0.05 -0.11 -1.98 -2.14 -1.12 -0.76 1 1.22 -0.73061955987372 2.71314673538458 1.73862952237485 0.8652 -0.0192 0.4376 -1.062 -0.108 -0.0444 0.8608 0.8544 0.3752 0.1896 -0.73 -0.6212 -1.1818 0.0728 -0.5984 1.093 0.157 -0.1054 -1.2472 -1.3796 -0.6768 -0.4464 0.55 0.6408 0.9152 0.0408 0.5076 -1.042 -0.028 0.0956 0.8208 0.8344 0.5052 0.3696 -0.66 -0.6212
-0.48 -0.43 -0.48 0.13 -1.98 -2.06 -0.0499999999999998 2.05 1.89 0.02 -2.14 -1.12 -1.76 -2 -0.78 0.598449505706183 -1.29108599952395 -0.00183404340081642 -0.0948 0.9408 0.9176 -0.102 -1.068 -1.0044 -0.0992 0.8544 0.3752 0.6696 0.71 0.3388 -0.1718 0.9128 0.8916 0.003 -0.753 -0.8554 -0.1272 0.7604 0.4432 0.7436 0.84 0.2808 -0.0448 1.0008 0.9876 -0.082 -0.988 -0.8644 -0.1392 0.8344 0.5052 0.8496 0.78 0.3388
0.52 -0.43 -0.48 -1.87 0.02 -2.06 -0.0499999999999998 -1.95 1.89 -1.98 -1.14 -2.12 -1.76 1 -1.78 0.204718609709505 0.156660097763505 -0.734016342793245 -1.0048 0.00080000000000003 -1.1424 -0.152 -1.098 0.8856 -1.1192 -0.7656 -1.2648 -1.0904 0.27 -0.9612 0.6882 0.0528 0.8916 0.003 0.967 -0.8554 0.7328 0.3304 0.8732 0.7436 -0.45 0.7108 0.9152 0.0408 0.9876 -0.082 0.932 -0.8644 0.8208 0.3544 0.9852 0.8496 -0.66 0.8188
0.52 0.57 -0.48 2.13 1.02 -2.06 1.95 -1.95 -2.11 0.02 0.86 1.88 2.24 -2 -0.78 1.72314406777408 0.218291860906154 0.915065024757702 1.0752 0.5208 -1.1424 0.888 -1.098 -1.1944 -0.0792 0.2744 0.8152 0.9896 -1.29 -0.4412 1.0982 0.6428 -1.1684 1.093 -0.983 -1.2454 -0.1072 0.3304 1.0332 1.2636 -1.16 -0.4992 -1.0048 -0.4392 0.9876 -1.042 0.932 1.0556 -0.1392 -0.6056 -0.9348 -1.0704 0.78 0.3388
0.52 0.57 0.52 -1.87 -1.98 -2.06 1.95 2.05 -1.11 0.02 -2.14 -2.12 -0.76 -1 -1.78 0.790703978305247 0.973636364862669 -0.276281389277334 -1.0048 -1.0392 -1.1424 0.888 0.982 -0.6744 -0.0792 -1.2856 -1.2648 -0.5704 -0.77 -0.9612 -1.1818 -1.0672 -1.1684 1.093 1.297 -0.6754 -0.1072 -1.3796 -1.2468 -0.4464 -0.59 -1.0692 -0.9548 -0.9792 -1.0724 0.908 1.062 -0.5344 -0.1192 -1.3056 -1.1348 -0.3904 -0.7 -0.9612
0.52 0.57 0.52 2.13 2.02 -1.06 1.95 2.05 0.89 2.02 1.86 1.88 2.24 2 2.22 1.04022931294905 1.22596190289057 2.53983526488445 1.0752 1.0408 -0.6224 0.888 0.982 0.3656 0.9608 0.7944 0.8152 0.9896 0.79 1.1188 1.0982 1.2128 -0.5984 1.093 1.297 0.4646 1.0328 0.9004 1.0332 1.2636 1.12 1.2108 1.1252 1.1008 -0.5524 0.908 1.062 0.5056 0.9208 0.7744 0.9452 1.1696 0.86 1.1188
0.52 0.57 -0.48 0.13 -0.98 -2.06 -2.05 0.05 1.89 0.02 0.86 -0.12 1.24 -1 1.22 0.393967931737735 -0.59686667694341 0.123122247458658 0.0352 -0.5192 -1.1424 -1.192 -0.0579999999999999 0.8856 -0.0792 0.2744 -0.2248 0.4696 -0.77 0.5988 -0.0418 -0.4972 -1.1684 -1.187 0.157 1.0346 -0.1072 0.3304 -0.1068 0.6936 -0.59 0.6408 -0.0448 0.5208 0.9876 0.878 -0.028 -0.8644 -0.1392 -0.6056 0.0252 -0.5904 0.3 -0.6212
0.52 -0.43 -0.48 -1.87 2.02 -2.06 1.95 2.05 1.89 -1.98 -0.14 1.88 -0.76 2 -1.78 0.338328835857793 1.60335018227553 2.14324728570004 -1.0048 1.0408 -1.1424 0.888 0.982 0.8856 -1.1192 -0.2456 0.8152 -0.5704 0.79 -0.9612 0.6882 -0.8072 0.8916 -0.857 -0.753 -0.8554 0.7328 -0.0996 -0.8468 0.3136 -0.88 0.7108 0.9152 -0.9192 0.9876 -1.042 -0.988 -0.8644 0.8208 -0.1256 -0.9348 0.3696 -1.14 0.8188
0.52 -0.43 -0.48 0.13 2.02 1.94 -2.05 2.05 -2.11 1.02 -0.14 1.88 -0.76 2 2.22 0.101753066908638 0.633345009500761 0.931989432561625 0.0352 1.0408 0.9376 -1.192 0.982 -1.1944 0.4408 -0.2456 0.8152 -0.5704 0.79 1.1188 -0.1718 -0.8072 -0.8284 0.863 -0.753 0.8646 -0.5572 -0.0996 -0.8468 0.3136 -0.88 -1.0092 -0.0448 -0.9192 -0.9324 0.878 -0.988 1.0556 -0.6192 -0.1256 -0.9348 0.3696 -1.14 -1.1012
-0.48 0.57 -0.48 0.13 2.02 -1.06 -0.0499999999999998 0.05 1.89 2.02 0.86 0.88 2.24 0 2.22 0.387989825463142 2.04691508303577 2.33056077343353 -0.0948 -0.9792 0.4376 -0.102 -0.108 -1.0044 -1.0592 -0.5856 -0.5848 -1.2504 -0.25 -1.1012 -0.0418 1.2128 -0.5984 -0.047 0.157 1.0346 1.0328 0.3304 0.4632 1.2636 -0.02 1.2108 -0.0448 -0.9192 0.5076 -0.082 -0.028 -0.8644 -1.0992 -0.6056 -0.4548 -1.0704 -0.18 -1.1012
-0.48 -0.43 -0.48 0.13 -1.98 1.94 -2.05 2.05 -0.11 -1.98 -1.14 -2.12 -1.76 -2 -0.78 0.112761982888432 0.244504485685104 -0.648926140595994 -0.0948 0.9408 -1.0024 0.858 -1.068 -0.0444 0.8608 0.3744 0.8552 0.6696 0.71 0.3388 -0.1718 0.9128 -0.8284 0.863 -0.753 0.00460000000000001 0.7328 0.3304 0.8732 0.7436 0.84 0.2808 -0.0448 1.0008 -0.9324 0.878 -0.988 0.0956 0.8208 0.3544 0.9852 0.8496 0.78 0.3388
-0.48 0.57 0.52 -1.87 -1.98 -2.06 1.95 0.05 -2.11 2.02 -2.14 0.88 -1.76 -1 -0.78 1.47650744243947 0.162455863732006 1.28977015018473 0.8652 0.9408 0.9176 -1.062 -0.108 0.9156 -1.0592 0.8544 -0.5848 0.6696 0.23 0.3388 -1.1818 -1.0672 -1.1684 1.093 0.157 -1.2454 1.0328 -1.3796 0.4632 -1.0164 -0.59 -0.4992 -0.9548 -0.9792 -1.0724 0.908 0.022 -1.0544 0.9208 -1.3056 0.4252 -0.9104 -0.7 -0.4412
0.52 0.57 0.52 2.13 -1.98 1.94 -1.05 -1.95 -0.11 2.02 0.86 -1.12 2.24 -2 -1.78 0.512782792106145 1.74339814583011 2.09944418707707 1.0752 -1.0392 0.9376 -0.672 -1.098 -0.1544 0.9608 0.2744 -0.7448 0.9896 -1.29 -0.9612 1.0982 -1.0672 1.1116 -0.617 -0.983 -0.1054 1.0328 0.3304 -0.6768 1.2636 -1.16 -1.0692 1.1252 -0.9792 1.0076 -0.652 -1.018 -0.0144 0.9208 0.2544 -0.6148 1.1696 -1.22 -0.9612
-0.48 -0.43 -0.48 -0.87 2.02 -0.0600000000000001 -1.05 0.05 -0.11 2.02 -1.14 -0.12 -0.76 2 1.22 0.790342457114484 0.323269986305199 1.38378550860812 0.3852 -0.9792 -0.0424 0.378 -0.108 -0.0444 -1.0592 0.3744 -0.1048 0.1896 -1.21 -0.6212 0.2582 -0.8072 0.0316 0.433 0.107 0.00460000000000001 -0.9872 0.3304 0.0132 0.3136 -0.88 -0.5792 0.4352 -0.9192 0.0276 0.398 -0.028 0.0956 -1.0992 0.3544 0.0252 0.3696 -1.14 -0.6212
-0.48 0.57 0.52 2.13 0.02 -2.06 -0.0499999999999998 2.05 -1.11 2.02 0.86 -1.12 0.24 -1 0.22 1.20786472495965 1.10960511376822 2.1898536779379 -1.0548 -0.0192 0.9176 -0.102 -1.068 0.4356 -1.0592 -0.5856 0.3752 -0.2904 0.23 -0.1412 1.0982 0.0728 -1.1684 -0.047 1.297 -0.6754 1.0328 0.3304 -0.6768 0.1236 -0.59 0.0708 1.1252 0.0608 -1.0724 -0.132 1.062 -0.5344 0.9208 0.2544 -0.6148 0.1296 -0.7 0.0788
-0.48 -0.43 -0.48 2.13 0.02 -2.06 -2.05 -1.95 -1.11 -1.98 -1.14 -1.12 0.24 -2 -1.78 1.40814548963047 0.810576604316034 1.39871372623221 -1.0548 -0.0192 0.9176 0.858 0.852 0.4356 0.8608 0.3744 0.3752 -0.2904 0.71 0.8188 -1.0318 0.0528 0.8916 0.863 0.967 0.4346 0.7328 0.3304 0.4432 -0.1164 0.84 0.7108 -1.0048 0.0408 0.9876 0.878 0.932 0.5756 0.8208 0.3544 0.5052 -0.1104 0.78 0.8188
-0.48 0.57 0.52 -0.87 -0.98 1.94 -2.05 -1.95 -1.11 2.02 1.86 -1.12 -0.76 2 2.22 1.04897846723493 1.75742714104828 1.38791901701581 0.3852 0.4608 -1.0024 0.858 0.852 0.4356 -1.0592 -1.0656 0.3752 0.1896 -1.21 -1.1012 -0.6118 -0.4972 1.1116 -1.187 -0.983 -0.6754 1.0328 0.9004 -0.6768 -0.4464 1.12 1.2108 -0.4348 -0.4592 1.0076 -1.172 -1.018 -0.5344 0.9208 0.7744 -0.6148 -0.3904 0.86 1.1188
-0.48 0.57 -0.48 -1.87 0.02 -2.06 -2.05 0.05 -2.11 -1.98 -2.14 1.88 -0.76 -2 0.22 -0.876444375481227 1.01999211590188 -0.223556505270851 0.8652 -0.0192 0.9176 0.858 -0.108 0.9156 0.8608 0.8544 -1.0648 0.1896 0.71 -0.1412 -1.1818 0.0728 -1.1684 -1.187 0.157 -1.2454 -1.2472 -1.3796 1.0332 -0.4464 -1.16 0.0708 0.9152 0.0408 0.9876 0.878 -0.028 1.0556 0.8208 0.8344 -0.9348 0.3696 0.78 -0.1412
-0.48 -0.43 -0.48 -0.87 2.02 -2.06 0.95 -1.95 -0.11 -0.98 -2.14 -1.12 0.24 -2 -1.78 -0.40307790146293 1.76812144228173 -0.183500687066331 0.3852 -0.9792 0.9176 -0.582 0.852 -0.0444 0.3808 0.8544 0.3752 -0.2904 0.71 0.8188 0.2582 -0.8072 0.8916 -0.427 0.967 0.00460000000000001 0.3028 0.7604 0.4432 -0.1164 0.84 0.7108 0.4352 -0.9192 0.9876 -0.562 0.932 0.0956 0.3408 0.8344 0.5052 -0.1104 0.78 0.8188
-0.48 -0.43 0.52 -1.87 -1.98 -0.0600000000000001 1.95 1.05 1.89 1.02 0.86 -2.12 -0.76 0 -1.78 2.43968867357125 1.61306490782787 2.09135856397835 0.8652 0.9408 -0.0424 -1.062 -0.588 -1.0044 -0.5792 -0.5856 0.8552 0.1896 -0.25 0.8188 0.6882 0.9128 0.0316 -0.857 -0.323 -0.8554 -0.5572 -0.5296 0.8732 0.3136 -0.02 0.7108 -0.9548 -0.9792 -0.0324 0.908 0.542 1.0256 0.4008 0.2544 -1.1348 -0.3904 -0.18 -0.9612
-0.48 -0.43 -0.48 -1.87 1.02 1.94 0.95 2.05 1.89 0.02 -0.14 1.88 -1.76 -1 0.22 0.31244030645819 1.13035220168313 2.1722502708503 0.8652 -0.4992 -1.0024 -0.582 -1.068 -1.0044 -0.0992 -0.1056 -1.0648 0.6696 0.23 -0.1412 0.6882 -0.3772 -0.8284 -0.427 -0.753 -0.8554 -0.1272 -0.0996 -0.8468 0.7436 0.41 -0.1492 0.9152 -0.4392 -0.9324 -0.562 -0.988 -0.8644 -0.1392 -0.1256 -0.9348 0.8496 0.3 -0.1412
-0.48 -0.43 0.52 2.13 1.02 1.94 1.95 -0.95 -0.11 1.02 1.86 1.88 -1.76 2 -0.78 -0.0346299437642804 0.878568405476474 2.01159433570908 -1.0548 -0.4992 -1.0024 -1.062 0.372 -0.0444 -0.5792 -1.0656 -1.0648 0.6696 -1.21 0.3388 -1.0318 -0.3772 -0.8284 -0.857 0.537 0.00460000000000001 -0.5572 -0.9596 -0.8468 0.7436 -0.88 0.2808 1.1252 0.5808 1.0076 0.908 -0.498 -0.0144 0.4008 0.7744 0.9452 -0.9104 0.86 -0.4412
-0.48 0.57 0.52 2.13 2.02 -1.06 1.95 -1.95 -0.11 0.02 1.86 1.88 2.24 0 1.22 2.14620305718484 1.29800279446367 3.11098607321393 -1.0548 -0.9792 0.4376 -1.062 0.852 -0.0444 -0.0992 -1.0656 -1.0648 -1.2504 -0.25 -0.6212 1.0982 1.2128 -0.5984 1.093 -0.983 -0.1054 -0.1072 0.9004 1.0332 1.2636 -0.02 0.6408 1.1252 1.1008 -0.5524 0.908 -1.018 -0.0144 -0.1192 0.7744 0.9452 1.1696 -0.18 0.5988
-0.48 -0.43 -0.48 2.13 -1.98 -0.0600000000000001 1.95 0.05 1.89 0.02 -1.14 -1.12 2.24 -1 2.22 -0.53353159073723 0.621171842651412 -1.02710814417815 -1.0548 0.9408 -0.0424 -1.062 -0.108 -1.0044 -0.0992 0.3744 0.3752 -1.2504 0.23 -1.1012 -1.0318 0.9128 0.0316 -0.857 0.107 -0.8554 -0.1272 0.3304 0.4432 -0.9764 0.41 -1.0092 -1.0048 1.0008 0.0276 -1.042 -0.028 -0.8644 -0.1392 0.3544 0.5052 -1.0704 0.3 -1.1012
0.52 0.57 0.52 2.13 2.02 1.94 1.95 2.05 1.89 2.02 1.86 1.88 1.24 2 1.22 0.363756876788127 1.59125949876654 1.2002580741451 1.0752 1.0408 0.9376 0.888 0.982 0.8856 0.9608 0.7944 0.8152 0.4696 0.79 0.5988 1.0982 1.2128 1.1116 1.093 1.297 1.0346 1.0328 0.9004 1.0332 0.6936 1.12 0.6408 1.1252 1.1008 1.0076 0.908 1.062 1.0256 0.9208 0.7744 0.9452 0.6496 0.86 0.5988
-0.48 -0.43 0.52 2.13 -1.98 -1.06 -2.05 0.05 -2.11 2.02 -0.14 0.88 -0.76 0 1.22 2.05045457177934 1.97593314432125 2.94807689912487 -1.0548 0.9408 0.4376 0.858 -0.108 0.9156 -1.0592 -0.1056 -0.5848 0.1896 -0.25 -0.6212 -1.0318 0.9128 0.4616 0.863 0.107 0.8646 -0.9872 -0.0996 -0.4168 0.3136 -0.02 -0.5792 1.1252 -0.9792 -0.5524 -1.172 0.022 -1.0544 0.9208 -0.2656 0.4252 -0.3904 -0.18 0.5988
-0.48 -0.43 -0.48 2.13 -0.98 -1.06 -2.05 2.05 -2.11 -0.98 -1.14 -2.12 0.24 -2 -0.78 1.744006897945 0.116793820010883 1.95803235581903 -1.0548 0.4608 0.4376 0.858 -1.068 0.9156 0.3808 0.3744 0.8552 -0.2904 0.71 0.3388 -1.0318 0.4828 0.4616 0.863 -0.753 0.8646 0.3028 0.3304 0.8732 -0.1164 0.84 0.2808 -1.0048 0.5208 0.5076 0.878 -0.988 1.0556 0.3408 0.3544 0.9852 -0.1104 0.78 0.3388
0.52 0.57 -0.48 2.13 0.02 -0.0600000000000001 -1.05 1.05 -2.11 0.02 -2.14 1.88 -1.76 -2 -1.78 -0.620347262258272 0.722941990968983 0.627545747714667 1.0752 0.00080000000000003 -0.1024 -0.672 0.462 -1.1944 -0.0792 -1.2856 0.8152 -1.0904 -1.29 -0.9612 1.0982 0.0728 -0.0284 -0.617 0.727 -1.2454 -0.1072 -1.3796 1.0332 -1.0164 -1.16 -1.0692 -1.0048 0.0408 0.0276 0.398 -0.508 1.0556 -0.1392 0.8344 -0.9348 0.8496 0.78 0.8188
-0.48 -0.43 -0.48 2.13 -1.98 -1.06 -1.05 -1.95 -1.11 -0.98 -1.14 -2.12 -1.76 -1 -1.78 0.465235240273767 0.544507858265646 0.616978924600225 -1.0548 0.9408 0.4376 0.378 0.852 0.4356 0.3808 0.3744 0.8552 0.6696 0.23 0.8188 -1.0318 0.9128 0.4616 0.433 0.967 0.4346 0.3028 0.3304 0.8732 0.7436 0.41 0.7108 -1.0048 1.0008 0.5076 0.398 0.932 0.5756 0.3408 0.3544 0.9852 0.8496 0.3 0.8188
0.52 -0.43 -0.48 -1.87 -1.98 0.94 -2.05 -1.95 -0.11 2.02 -2.14 -1.12 0.24 2 -1.78 0.150100049636064 0.34328974633029 -0.615491480202561 -1.0048 -1.0392 0.4176 -1.192 -1.098 -0.1544 0.9608 -1.2856 -0.7448 -0.0504 0.79 -0.9612 0.6882 0.9128 -0.3984 0.863 0.967 0.00460000000000001 -0.9872 0.7604 0.4432 -0.1164 -0.88 0.7108 0.9152 1.0008 -0.4524 0.878 0.932 0.0956 -1.0992 0.8344 0.5052 -0.1104 -1.14 0.8188
0.52 0.57 0.52 2.13 2.02 1.94 -0.0499999999999998 -0.95 1.89 1.02 -0.14 1.88 0.24 1 0.22 0.765502777304655 1.38930567444251 0.464721732796389 1.0752 1.0408 0.9376 -0.152 -0.578 0.8856 0.4408 -0.2456 0.8152 -0.0504 0.27 0.0788 1.0982 1.2128 1.1116 -0.047 -0.413 1.0346 0.4628 -0.2396 1.0332 0.1236 0.55 0.0708 1.1252 1.1008 1.0076 -0.132 -0.498 1.0256 0.4008 -0.2656 0.9452 0.1296 0.34 0.0788
-0.48 0.57 0.52 -1.87 -0.98 0.94 -2.05 -0.95 -1.11 0.02 0.86 -0.12 -1.76 0 1.22 -0.256537859980135 0.390552879832442 0.436918882153595 0.8652 0.4608 -0.5224 0.858 0.372 0.4356 -0.0992 -0.5856 -0.1048 0.6696 -0.25 -0.6212 -1.1818 -0.4972 0.5416 -1.187 -0.413 -0.6754 -0.1072 0.3304 -0.1068 -1.0164 -0.02 0.6408 -0.9548 -0.4592 0.4876 -1.172 -0.498 -0.5344 -0.1192 0.2544 -0.0948 -0.9104 -0.18 0.5988
0.52 -0.43 -0.48 -0.87 2.02 1.94 0.95 2.05 -1.11 1.02 1.86 0.88 0.24 2 2.22 1.97260178057077 1.33514631626069 1.06794115897336 -0.4848 1.0408 0.9376 0.368 0.982 -0.6744 0.4408 0.7944 0.2952 -0.0504 0.79 1.1188 0.2582 -0.8072 -0.8284 -0.427 -0.753 0.4346 -0.5572 -0.9596 -0.4168 -0.1164 -0.88 -1.0092 0.4352 -0.9192 -0.9324 -0.562 -0.988 0.5756 -0.6192 -1.0856 -0.4548 -0.1104 -1.14 -1.1012
0.52 -0.43 -0.48 -1.87 2.02 1.94 -1.05 1.05 -0.11 1.02 -0.14 -1.12 1.24 0 0.22 1.06885204355957 -0.144288112347726 2.0662025433767 -1.0048 1.0408 0.9376 -0.672 0.462 -0.1544 0.4408 -0.2456 -0.7448 0.4696 -0.25 0.0788 0.6882 -0.8072 -0.8284 0.433 -0.323 0.00460000000000001 -0.5572 -0.0996 0.4432 -0.5464 -0.02 -0.1492 0.9152 -0.9192 -0.9324 0.398 -0.508 0.0956 -0.6192 -0.1256 0.5052 -0.5904 -0.18 -0.1412
0.52 0.57 0.52 2.13 1.02 1.94 -1.05 -0.95 -1.11 2.02 -1.14 -0.12 -1.76 -2 0.22 2.03520156978669 1.01863924049455 2.39841665724263 1.0752 0.5208 0.9376 -0.672 -0.578 -0.6744 0.9608 -0.7656 -0.2248 -1.0904 -1.29 0.0788 1.0982 0.6428 1.1116 -0.617 -0.413 -0.6754 1.0328 -0.8096 -0.1068 -1.0164 -1.16 0.0708 1.1252 0.5808 1.0076 -0.652 -0.498 -0.5344 0.9208 -0.7856 -0.0948 -0.9104 -1.22 0.0788
0.52 -0.43 0.52 0.13 2.02 -1.06 1.95 2.05 1.89 -1.98 -0.14 1.88 2.24 -2 0.22 0.773791443358911 -0.359501769504377 2.14248247611119 0.0352 1.0408 -0.6224 0.888 0.982 0.8856 -1.1192 -0.2456 0.8152 0.9896 -1.29 0.0788 -0.1718 -0.8072 0.4616 -0.857 -0.753 -0.8554 0.7328 -0.0996 -0.8468 -0.9764 0.84 -0.1492 0.0852 1.1008 -0.5524 0.908 1.062 1.0256 -1.1592 -0.2656 0.9452 1.1696 -1.22 0.0788
0.52 0.57 0.52 0.13 -0.98 -1.06 -0.0499999999999998 -1.95 -1.11 -0.98 1.86 0.88 0.24 1 0.22 1.05944989970982 1.31331007990029 1.37455225463564 0.0352 -0.5192 -0.6224 -0.152 -1.098 -0.6744 -0.5992 0.7944 0.2952 -0.0504 0.27 0.0788 -0.0418 -0.4972 -0.5984 -0.047 -0.983 -0.6754 -0.6772 0.9004 0.4632 0.1236 0.55 0.0708 0.0852 -0.4592 -0.5524 -0.132 -1.018 -0.5344 -0.6392 0.7744 0.4252 0.1296 0.34 0.0788
-0.48 -0.43 -0.48 0.13 2.02 1.94 -0.0499999999999998 1.05 0.89 -1.98 1.86 1.88 1.24 0 2.22 -0.0860939956107569 0.733926437579013 1.3962936512784 -0.0948 -0.9792 -1.0024 -0.102 -0.588 -0.5244 0.8608 -1.0656 -1.0648 -0.7704 -0.25 -1.1012 -0.1718 -0.8072 -0.8284 0.003 -0.323 -0.4254 0.7328 -0.9596 -0.8468 -0.5464 -0.02 -1.0092 -0.0448 -0.9192 -0.9324 -0.082 -0.508 -0.3844 0.8208 -1.0856 -0.9348 -0.5904 -0.18 -1.1012
0.52 -0.43 -0.48 2.13 -1.98 1.94 1.95 -1.95 0.89 -0.98 0.86 0.88 0.24 1 2.22 0.587306214989458 0.997302386677649 1.41118957533713 1.0752 -1.0392 0.9376 0.888 -1.098 0.3656 -0.5992 0.2744 0.2952 -0.0504 0.27 1.1188 -1.0318 0.9128 -0.8284 -0.857 0.967 -0.4254 0.3028 -0.5296 -0.4168 -0.1164 -0.45 -1.0092 -1.0048 1.0008 -0.9324 -1.042 0.932 -0.3844 0.3408 -0.6056 -0.4548 -0.1104 -0.66 -1.1012
-0.48 -0.43 -0.48 2.13 0.02 -1.06 1.95 2.05 0.89 2.02 0.86 1.88 0.24 -2 1.22 0.861165469028776 -0.156893127497867 -0.155936848336476 -1.0548 -0.0192 0.4376 -1.062 -1.068 -0.5244 -1.0592 -0.5856 -1.0648 -0.2904 0.71 -0.6212 -1.0318 0.0528 0.4616 -0.857 -0.753 -0.4254 -0.9872 -0.5296 -0.8468 -0.1164 0.84 -0.5792 -1.0048 0.0408 0.5076 -1.042 -0.988 -0.3844 -1.0992 -0.6056 -0.9348 -0.1104 0.78 -0.6212
0.52 -0.43 -0.48 2.13 0.02 1.94 -0.0499999999999998 1.05 -0.11 -0.98 -0.14 -2.12 1.24 -1 1.22 -0.672647077340169 0.483039898183897 0.508723946861941 1.0752 0.00080000000000003 0.9376 -0.152 0.462 -0.1544 -0.5992 -0.2456 -1.2648 0.4696 -0.77 0.5988 -1.0318 0.0528 -0.8284 0.003 -0.323 0.00460000000000001 0.3028 -0.0996 0.8732 -0.5464 0.41 -0.5792 -1.0048 0.0408 -0.9324 -0.082 -0.508 0.0956 0.3408 -0.1256 0.9852 -0.5904 0.3 -0.6212
-0.48 -0.43 -0.48 2.13 0.02 1.94 1.95 0.05 -2.11 -0.98 1.86 -0.12 2.24 2 1.22 0.307927313048389 0.980889895631684 1.38474576490011 -1.0548 -0.0192 -1.0024 -1.062 -0.108 0.9156 0.3808 -1.0656 -0.1048 -1.2504 -1.21 -0.6212 -1.0318 0.0528 -0.8284 -0.857 0.107 0.8646 0.3028 -0.9596 0.0132 -0.9764 -0.88 -0.5792 -1.0048 0.0408 -0.9324 -1.042 -0.028 1.0556 0.3408 -1.0856 0.0252 -1.0704 -1.14 -0.6212
-0.48 -0.43 0.52 1.13 2.02 -1.06 -2.05 2.05 -2.11 2.02 -2.14 -2.12 -1.76 -2 2.22 1.67817918341354 3.14941095743618 2.78735956128316 -0.5748 -0.9792 0.4376 0.858 -1.068 0.9156 -1.0592 0.8544 0.8552 0.6696 0.71 -1.1012 -0.6018 -0.8072 0.4616 0.863 -0.753 0.8646 -0.9872 0.7604 0.8732 0.7436 0.84 -1.0092 0.6052 1.1008 -0.5524 -1.172 1.062 -1.0544 0.9208 -1.3056 -1.1348 -0.9104 -1.22 1.1188
-0.48 0.57 -0.48 2.13 -1.98 0.94 -2.05 -0.95 1.89 -1.98 -0.14 -1.12 -1.76 -1 -1.78 0.312938474399307 0.413423437366549 0.586230866126426 -1.0548 0.9408 -0.5224 0.858 0.372 -1.0044 0.8608 -0.1056 0.3752 0.6696 0.23 0.8188 1.0982 -1.0672 0.5416 -1.187 -0.413 1.0346 -1.2472 -0.2396 -0.6768 -1.0164 -0.59 -1.0692 -1.0048 1.0008 -0.4524 0.878 0.452 -0.8644 0.8208 -0.1256 0.5052 0.8496 0.3 0.8188
-0.48 -0.43 -0.48 -0.87 -1.98 -0.0600000000000001 0.95 2.05 -0.11 2.02 0.86 -1.12 0.24 -1 -0.78 0.365523719692113 0.227022448959893 1.06472040076907 0.3852 0.9408 -0.0424 -0.582 -1.068 -0.0444 -1.0592 -0.5856 0.3752 -0.2904 0.23 0.3388 0.2582 0.9128 0.0316 -0.427 -0.753 0.00460000000000001 -0.9872 -0.5296 0.4432 -0.1164 0.41 0.2808 0.4352 1.0008 0.0276 -0.562 -0.988 0.0956 -1.0992 -0.6056 0.5052 -0.1104 0.3 0.3388
-0.48 -0.43 -0.48 0.13 0.02 1.94 0.95 -1.95 -2.11 -1.98 -2.14 -2.12 -1.76 -2 0.22 0.29469603412901 0.917596270496174 0.328523022991496 -0.0948 -0.0192 -1.0024 -0.582 0.852 0.9156 0.8608 0.8544 0.8552 0.6696 0.71 -0.1412 -0.1718 0.0528 -0.8284 -0.427 0.967 0.8646 0.7328 0.7604 0.8732 0.7436 0.84 -0.1492 -0.0448 0.0408 -0.9324 -0.562 0.932 1.0556 0.8208 0.8344 0.9852 0.8496 0.78 -0.1412
0.52 0.57 0.52 -1.87 1.02 -1.06 -0.0499999999999998 -1.95 0.89 -1.98 1.86 0.88 -1.76 1 -1.78 0.325272131164709 1.25331069058118 0.824124239735809 -1.0048 0.5208 -0.6224 -0.152 -1.098 0.3656 -1.1192 0.7944 0.2952 -1.0904 0.27 -0.9612 -1.1818 0.6428 -0.5984 -0.047 -0.983 0.4646 -1.2472 0.9004 0.4632 -1.0164 0.55 -1.0692 -0.9548 0.5808 -0.5524 -0.132 -1.018 0.5056 -1.1592 0.7744 0.4252 -0.9104 0.34 -0.9612
0.52 -0.43 -0.48 -1.87 1.02 0.94 -2.05 -0.95 1.89 2.02 -1.14 1.88 -0.76 -2 1.22 0.228706572021529 -0.636329708455973 0.311276719193321 -1.0048 0.5208 0.4176 -1.192 -0.578 0.8856 0.9608 -0.7656 0.8152 -0.5704 -1.29 0.5988 0.6882 -0.3772 -0.3984 0.863 0.537 -0.8554 -0.9872 0.3304 -0.8468 0.3136 0.84 -0.5792 0.9152 -0.4392 -0.4524 0.878 0.452 -0.8644 -1.0992 0.3544 -0.9348 0.3696 0.78 -0.6212
0.52 0.57 0.52 0.13 2.02 1.94 0.95 0.05 -2.11 2.02 0.86 1.88 2.24 2 1.22 2.15863393617759 2.27652923943541 2.25788387465491 0.0352 1.0408 0.9376 0.368 -0.0579999999999999 -1.1944 0.9608 0.2744 0.8152 0.9896 0.79 0.5988 -0.0418 1.2128 1.1116 0.523 0.157 -1.2454 1.0328 0.3304 1.0332 1.2636 1.12 0.6408 0.0852 1.1008 1.0076 0.388 0.022 -1.0544 0.9208 0.2544 0.9452 1.1696 0.86 0.5988
-0.48 -0.43 -0.48 -0.87 -1.98 -0.0600000000000001 1.95 -1.95 1.89 2.02 -2.14 -1.12 -1.76 -1 -0.78 0.0592253002865333 0.302734374927506 -0.15390327680289 0.3852 0.9408 -0.0424 -1.062 0.852 -1.0044 -1.0592 0.8544 0.3752 0.6696 0.23 0.3388 0.2582 0.9128 0.0316 -0.857 0.967 -0.8554 -0.9872 0.7604 0.4432 0.7436 0.41 0.2808 0.4352 1.0008 0.0276 -1.042 0.932 -0.8644 -1.0992 0.8344 0.5052 0.8496 0.3 0.3388
-0.48 -0.43 -0.48 0.13 2.02 1.94 -0.0499999999999998 -1.95 -0.11 -1.98 -2.14 -1.12 -1.76 -2 -0.78 -1.16418618484331 -2.24885818993112 -2.1470381247444 -0.0948 -0.9792 -1.0024 -0.102 0.852 -0.0444 0.8608 0.8544 0.3752 0.6696 0.71 0.3388 -0.1718 -0.8072 -0.8284 0.003 0.967 0.00460000000000001 0.7328 0.7604 0.4432 0.7436 0.84 0.2808 -0.0448 -0.9192 -0.9324 -0.082 0.932 0.0956 0.8208 0.8344 0.5052 0.8496 0.78 0.3388
0.52 0.57 0.52 2.13 1.02 1.94 0.95 -1.95 1.89 -1.98 -2.14 0.88 1.24 1 0.22 0.241872315547931 1.50454130145071 1.26681739300482 1.0752 0.5208 0.9376 0.368 -1.098 0.8856 -1.1192 -1.2856 0.2952 0.4696 0.27 0.0788 1.0982 0.6428 1.1116 0.523 -0.983 1.0346 -1.2472 -1.3796 0.4632 0.6936 0.55 0.0708 1.1252 0.5808 1.0076 0.388 -1.018 1.0256 -1.1592 -1.3056 0.4252 0.6496 0.34 0.0788
-0.48 -0.43 -0.48 -0.87 1.02 -0.0600000000000001 0.95 -1.95 -1.11 1.02 1.86 -2.12 -1.76 -2 -1.78 1.07673491776409 0.41408125956361 0.716078838686056 0.3852 -0.4992 -0.0424 -0.582 0.852 0.4356 -0.5792 -1.0656 0.8552 0.6696 0.71 0.8188 0.2582 -0.3772 0.0316 -0.427 0.967 0.4346 -0.5572 -0.9596 0.8732 0.7436 0.84 0.7108 0.4352 -0.4392 0.0276 -0.562 0.932 0.5756 -0.6192 -1.0856 0.9852 0.8496 0.78 0.8188
-0.48 -0.43 -0.48 -1.87 -0.98 -2.06 -2.05 -1.95 -2.11 0.02 0.86 -2.12 -1.76 0 -0.78 -0.152526130097922 -0.0582674456218332 -0.865451293670323 0.8652 0.4608 0.9176 0.858 0.852 0.9156 -0.0992 -0.5856 0.8552 0.6696 -0.25 0.3388 0.6882 0.4828 0.8916 0.863 0.967 0.8646 -0.1272 -0.5296 0.8732 0.7436 -0.02 0.2808 0.9152 0.5208 0.9876 0.878 0.932 1.0556 -0.1392 -0.6056 0.9852 0.8496 -0.18 0.3388
0.52 0.57 0.52 -1.87 1.02 -0.0600000000000001 -0.0499999999999998 2.05 0.89 1.02 0.86 -1.12 1.24 2 -0.78 1.09420283614864 0.761821229242663 1.04884623425676 -1.0048 0.5208 -0.1024 -0.152 0.982 0.3656 0.4408 0.2744 -0.7448 0.4696 0.79 -0.4412 -1.1818 0.6428 -0.0284 -0.047 1.297 0.4646 0.4628 0.3304 -0.6768 0.6936 1.12 -0.4992 -0.9548 0.5808 -0.0324 -0.132 1.062 0.5056 0.4008 0.2544 -0.6148 0.6496 0.86 -0.4412
0.52 -0.43 -0.48 -1.87 2.02 -0.0600000000000001 1.95 2.05 0.89 -1.98 1.86 0.88 2.24 2 2.22 0.934190632099265 1.27618215189058 1.0645240533957 -1.0048 1.0408 -0.1024 0.888 0.982 0.3656 -1.1192 0.7944 0.2952 0.9896 0.79 1.1188 0.6882 -0.8072 0.0316 -0.857 -0.753 -0.4254 0.7328 -0.9596 -0.4168 -0.9764 -0.88 -1.0092 0.9152 -0.9192 0.0276 -1.042 -0.988 -0.3844 0.8208 -1.0856 -0.4548 -1.0704 -1.14 -1.1012
0.52 0.57 0.52 1.13 -1.98 -0.0600000000000001 1.95 -0.95 -2.11 0.02 0.86 -1.12 -1.76 -1 -0.78 0.343168413650411 1.31176147983865 0.261267531256592 0.5552 -1.0392 -0.1024 0.888 -0.578 -1.1944 -0.0792 0.2744 -0.7448 -1.0904 -0.77 -0.4412 0.5282 -1.0672 -0.0284 1.093 -0.413 -1.2454 -0.1072 0.3304 -0.6768 -1.0164 -0.59 -0.4992 0.6052 -0.9792 -0.0324 0.908 -0.498 -1.0544 -0.1192 0.2544 -0.6148 -0.9104 -0.7 -0.4412
0.52 -0.43 0.52 -1.87 1.02 -2.06 1.95 1.05 1.89 -1.98 0.86 -2.12 -1.76 2 -0.78 -0.0189698944926169 0.78979492271268 -0.262865914472125 -1.0048 0.5208 -1.1424 0.888 0.462 0.8856 -1.1192 0.2744 -1.2648 -1.0904 0.79 -0.4412 0.6882 -0.3772 0.8916 -0.857 -0.323 -0.8554 0.7328 -0.5296 0.8732 0.7436 -0.88 0.2808 -0.9548 0.5808 -1.0724 0.908 0.542 1.0256 -1.1592 0.2544 -1.1348 -0.9104 0.86 -0.4412
0.52 -0.43 0.52 -1.87 2.02 1.94 -0.0499999999999998 2.05 1.89 -0.98 1.86 -1.12 2.24 2 2.22 0.314616139811371 1.66917696167221 2.26383213396468 -1.0048 1.0408 0.9376 -0.152 0.982 0.8856 -0.5992 0.7944 -0.7448 0.9896 0.79 1.1188 0.6882 -0.8072 -0.8284 0.003 -0.753 -0.8554 0.3028 -0.9596 0.4432 -0.9764 -0.88 -1.0092 -0.9548 1.1008 1.0076 -0.132 1.062 1.0256 -0.6392 0.7744 -0.6148 1.1696 0.86 1.1188
-0.48 -0.43 -0.48 1.13 -1.98 0.94 1.95 -0.95 1.89 -1.98 -0.14 1.88 0.24 -1 -1.78 1.48000617940566 0.600110942639743 1.0451746169439 -0.5748 0.9408 -0.5224 -1.062 0.372 -1.0044 0.8608 -0.1056 -1.0648 -0.2904 0.23 0.8188 -0.6018 0.9128 -0.3984 -0.857 0.537 -0.8554 0.7328 -0.0996 -0.8468 -0.1164 0.41 0.7108 -0.5248 1.0008 -0.4524 -1.042 0.452 -0.8644 0.8208 -0.1256 -0.9348 -0.1104 0.3 0.8188
-0.48 -0.43 0.52 -1.87 0.02 -2.06 -1.05 -0.95 -1.11 -0.98 -1.14 0.88 0.24 0 -1.78 0.828488861372522 0.760081127208068 0.672504295440662 0.8652 -0.0192 0.9176 0.378 0.372 0.4356 0.3808 0.3744 -0.5848 -0.2904 -0.25 0.8188 0.6882 0.0528 0.8916 0.433 0.537 0.4346 0.3028 0.3304 -0.4168 -0.1164 -0.02 0.7108 -0.9548 0.0608 -1.0724 -0.652 -0.498 -0.5344 -0.6392 -0.7856 0.4252 0.1296 -0.18 -0.9612
0.52 -0.43 0.52 -1.87 -0.98 -2.06 -1.05 0.05 -1.11 -0.98 -1.14 1.88 -0.76 0 -0.78 0.834722166136669 1.22974891509402 0.953876796784454 -1.0048 -0.5192 -1.1424 -0.672 -0.0579999999999999 -0.6744 -0.5992 -0.7656 0.8152 -0.5704 -0.25 -0.4412 0.6882 0.4828 0.8916 0.433 0.107 0.4346 0.3028 0.3304 -0.8468 0.3136 -0.02 0.2808 -0.9548 -0.4592 -1.0724 -0.652 0.022 -0.5344 -0.6392 -0.7856 0.9452 -0.3904 -0.18 -0.4412
-0.48 0.57 0.52 -1.87 -1.98 -1.06 -1.05 -1.95 1.89 -1.98 -2.14 -2.12 -1.76 2 0.22 0.828652555161352 0.762977553673632 0.611801907638754 0.8652 0.9408 0.4376 0.378 0.852 -1.0044 0.8608 0.8544 0.8552 0.6696 -1.21 -0.1412 -1.1818 -1.0672 -0.5984 -0.617 -0.983 1.0346 -1.2472 -1.3796 -1.2468 -1.0164 1.12 0.0708 -0.9548 -0.9792 -0.5524 -0.652 -1.018 1.0256 -1.1592 -1.3056 -1.1348 -0.9104 0.86 0.0788
-0.48 -0.43 -0.48 0.13 0.02 -2.06 -2.05 0.05 -2.11 -1.98 -2.14 -2.12 -0.76 -1 -1.78 0.188878318839985 1.17171119623918 1.18765172552815 -0.0948 -0.0192 0.9176 0.858 -0.108 0.9156 0.8608 0.8544 0.8552 0.1896 0.23 0.8188 -0.1718 0.0528 0.8916 0.863 0.107 0.8646 0.7328 0.7604 0.8732 0.3136 0.41 0.7108 -0.0448 0.0408 0.9876 0.878 -0.028 1.0556 0.8208 0.8344 0.9852 0.3696 0.3 0.8188
-0.48 0.57 0.52 -1.87 2.02 -1.06 1.95 0.05 -2.11 0.02 1.86 -2.12 0.24 -2 1.22 1.3634330755816 0.427032329215523 0.95358161093137 0.8652 -0.9792 0.4376 -1.062 -0.108 0.9156 -0.0992 -1.0656 0.8552 -0.2904 0.71 -0.6212 -1.1818 1.2128 -0.5984 1.093 0.157 -1.2454 -0.1072 0.9004 -1.2468 0.1236 -1.16 0.6408 -0.9548 1.1008 -0.5524 0.908 0.022 -1.0544 -0.1192 0.7744 -1.1348 0.1296 -1.22 0.5988
-0.48 -0.43 -0.48 -1.87 1.02 -2.06 -2.05 -0.95 -2.11 -1.98 -2.14 0.88 -0.76 -1 -1.78 -0.381095331873475 -0.675981350324952 0.291763887881452 0.8652 -0.4992 0.9176 0.858 0.372 0.9156 0.8608 0.8544 -0.5848 0.1896 0.23 0.8188 0.6882 -0.3772 0.8916 0.863 0.537 0.8646 0.7328 0.7604 -0.4168 0.3136 0.41 0.7108 0.9152 -0.4392 0.9876 0.878 0.452 1.0556 0.8208 0.8344 -0.4548 0.3696 0.3 0.8188
0.52 -0.43 -0.48 -1.87 0.02 -1.06 1.95 -1.95 -2.11 1.02 -0.14 1.88 2.24 -1 -0.78 0.52890505296437 1.36359413093467 1.60449165011748 -1.0048 0.00080000000000003 -0.6224 0.888 -1.098 -1.1944 0.4408 -0.2456 0.8152 0.9896 -0.77 -0.4412 0.6882 0.0528 0.4616 -0.857 0.967 0.8646 -0.5572 -0.0996 -0.8468 -0.9764 0.41 0.2808 0.9152 0.0408 0.5076 -1.042 0.932 1.0556 -0.6192 -0.1256 -0.9348 -1.0704 0.3 0.3388
-0.48 0.57 0.52 1.13 2.02 -1.06 1.95 -1.95 0.89 2.02 0.86 -2.12 -0.76 1 -1.78 0.249771525977534 0.959858929458945 2.14558220684862 -0.5748 -0.9792 0.4376 -1.062 0.852 -0.5244 -1.0592 -0.5856 0.8552 0.1896 -0.73 0.8188 0.5282 1.2128 -0.5984 1.093 -0.983 0.4646 1.0328 0.3304 -1.2468 -0.4464 0.55 -1.0692 0.6052 1.1008 -0.5524 0.908 -1.018 0.5056 0.9208 0.2544 -1.1348 -0.3904 0.34 -0.9612
0.52 0.57 0.52 -0.87 -1.98 -1.06 0.95 2.05 -1.11 0.02 1.86 0.88 -1.76 1 0.22 0.0491746124560743 -0.152491216695868 -0.067265872221503 -0.4848 -1.0392 -0.6224 0.368 0.982 -0.6744 -0.0792 0.7944 0.2952 -1.0904 0.27 0.0788 -0.6118 -1.0672 -0.5984 0.523 1.297 -0.6754 -0.1072 0.9004 0.4632 -1.0164 0.55 0.0708 -0.4348 -0.9792 -0.5524 0.388 1.062 -0.5344 -0.1192 0.7744 0.4252 -0.9104 0.34 0.0788
