-0.47 0.52 -0.48 0.91 -0.75 -0.91 -1.9 -0.00999999999999979 -1.99 -0.96 -1.05 0 -1.85 1.07 -1.17 0.942584480253737 0.447936710149603 -0.478091481866921 -0.5054 0.295 0.4554 0.956 0.0394 0.9806 0.3424 0.557 0 0.909 -0.5958 0.5798 0.4064 -0.59 -0.5264 -1.016 -0.0104 -0.9196 -0.6484 -0.592 -0.04 -0.984 0.5728 -0.5868 -0.4736 0.22 0.3936 0.864 -0.0304 0.9504 0.2216 0.468 -0.08 0.766 -0.6872 0.4432
-0.47 -0.48 -0.48 -2.09 -1.75 -1.91 -0.9 0.99 -1.99 -0.96 -0.0499999999999998 -1 -0.85 0.0700000000000001 1.83 0.704297769165629 1.76925008778602 2.52257682601531 0.9046 0.765 0.9254 0.486 -0.4306 0.9806 0.3424 0.087 0.47 0.439 -0.1258 -0.8302 0.9364 0.64 0.8636 0.404 -0.4804 1.0704 0.3116 -0.022 0.44 0.386 -0.0172 -0.8568 0.9664 0.7 0.8736 0.384 -0.5104 0.9504 0.2216 -0.012 0.4 0.286 -0.2072 -0.9968
-0.47 -0.48 -0.48 1.91 0.25 -0.91 2.1 -1.01 1.01 0.04 1.95 1 2.15 2.07 1.83 2.15992661260427 0.898371836615528 0.291360359165282 -0.9754 -0.175 0.4554 -0.924 0.5094 -0.4294 -0.1276 -0.853 -0.47 -0.971 -1.0658 -0.8302 -0.9836 -0.32 0.3836 -1.036 0.4796 -0.3696 -0.1684 -0.982 -0.52 -1.054 -0.9772 -0.8568 -0.9536 -0.26 0.3936 -1.056 0.4496 -0.4896 -0.2584 -0.972 -0.56 -1.154 -1.1672 -0.9968
0.53 0.52 0.52 -2.09 2.25 -1.91 2.1 -1.01 2.01 2.04 -2.05 -2 -1.85 0.0700000000000001 -1.17 0.352271794433071 1.54593795131932 2.96213308307391 -1.1854 1.135 -0.9846 1.176 -0.5006 1.1106 0.9724 -1.023 -1.06 -0.941 -0.0558 -0.5902 -1.1536 0.97 -1.0464 1.064 -0.5304 1.1604 0.9116 -1.112 -1.08 -0.984 0.0528 -0.5868 -1.1236 1.03 -1.0364 1.044 -0.5604 1.0404 0.8216 -1.102 -1.12 -1.084 -0.1372 -0.7268
0.53 -0.48 -0.48 -1.09 -1.75 -0.91 -0.9 -2.01 -0.99 2.04 -2.05 -2 -1.85 -1.93 -2.17 -1.17889218639805 0.827371030660408 0.248095967821507 -0.6554 -0.985 -0.4546 -0.414 -1.0306 -0.4794 0.9724 -1.023 -1.06 -0.941 -1.1158 -1.1202 0.4564 0.64 0.3836 0.404 0.9596 0.5904 -1.1284 0.938 0.92 0.866 0.9428 1.0632 0.4864 0.7 0.3936 0.384 0.9296 0.4704 -1.2184 0.948 0.88 0.766 0.7528 0.9232
0.53 -0.48 -0.48 0.91 1.25 1.09 -0.9 0.99 -1.99 -1.96 -0.0499999999999998 -1 -0.85 0.0700000000000001 0.83 1.41735312926754 0.113152424016054 0.904498646946127 0.4046 0.605 0.6054 -0.414 0.5594 -1.0094 -1.1476 0.037 -0.53 -0.411 -0.0558 0.4698 -0.5036 -0.8 -0.5764 0.404 -0.4804 1.0704 0.7916 -0.022 0.44 0.386 -0.0172 -0.3768 -0.4736 -0.74 -0.5664 0.384 -0.5104 0.9504 0.7016 -0.012 0.4 0.286 -0.2072 -0.5168
-0.47 0.52 0.52 1.91 -1.75 -1.91 -0.9 0.99 1.01 2.04 -0.0499999999999998 1 2.15 2.07 -1.17 3.17022698821021 2.5446587401741 1.77190025766191 -0.9754 0.765 0.9254 0.486 -0.4306 -0.4294 -1.0676 0.087 -0.47 -0.971 -1.0658 0.5798 0.9264 -1.11 -1.0464 -0.496 0.5096 0.6404 0.9116 -0.072 0.48 1.096 1.0928 -0.5868 0.9564 -1.05 -1.0364 -0.516 0.4796 0.5204 0.8216 -0.062 0.44 0.996 0.9028 -0.7268
0.53 -0.48 0.52 1.91 -1.75 -0.91 2.1 0.99 2.01 0.04 1.95 1 0.15 1.07 1.83 1.01537414150237 2.0108275084414 0.308130062460942 0.9346 -0.985 -0.4546 1.176 0.5594 1.1106 -0.0876 1.097 0.53 0.119 0.4742 0.9998 -0.9836 0.64 0.3836 -1.036 -0.4804 -0.8496 -0.1684 -0.982 -0.52 -0.094 -0.4972 -0.8568 0.9564 -1.05 -0.5164 1.044 0.4796 1.0404 -0.2184 0.978 0.44 -0.044 0.3828 0.8332
-0.47 -0.48 -0.48 1.91 -1.75 0.0900000000000001 1.1 1.99 0.01 1.04 1.95 1 0.15 0.0700000000000001 0.83 0.210102768837964 1.30708035363636 1.98322647708635 -0.9754 0.765 -0.0146 -0.454 -0.9006 0.0406 -0.5976 -0.853 -0.47 -0.031 -0.1258 -0.3602 -0.9836 0.64 -0.0964 -0.556 -0.9604 0.1104 -0.6484 -0.982 -0.52 -0.094 -0.0172 -0.3768 -0.9536 0.7 -0.0864 -0.576 -0.9904 -0.00960000000000002 -0.7384 -0.972 -0.56 -0.194 -0.2072 -0.5168
0.53 -0.48 0.52 1.91 -1.75 -1.91 0.1 1.99 -1.99 -1.96 1.95 -1 0.15 1.07 -0.17 0.443094338113226 1.9810735353945 0.786851093476644 0.9346 -0.985 -0.9846 0.116 1.0894 -1.0094 -1.1476 1.097 -0.53 0.119 0.4742 -0.0602 -0.9836 0.64 0.8636 -0.076 -0.9604 1.0704 0.7916 -0.982 0.44 -0.094 -0.4972 0.1032 0.9564 -1.05 -1.0364 0.004 0.9996 -1.0396 -1.2584 0.978 -0.6 -0.044 0.3828 -0.2068
0.53 0.52 0.52 -0.0899999999999999 2.25 0.0900000000000001 2.1 -0.00999999999999979 -1.99 2.04 1.95 1 -1.85 -0.93 -1.17 -0.982302532932468 0.420628714703155 0.990037107999051 -0.1254 1.135 0.0754 1.176 0.0294 -1.0094 0.9724 1.097 0.53 -0.941 -0.5858 -0.5902 -0.1136 0.97 -0.00639999999999998 1.064 -0.0104 -0.9196 0.9116 0.968 0.48 -0.984 -0.4672 -0.5868 -0.0836 1.03 0.00360000000000001 1.044 -0.0404 -1.0396 0.8216 0.978 0.44 -1.084 -0.6572 -0.7268
-0.47 -0.48 0.52 -2.09 2.25 -1.91 0.1 1.99 0.01 1.04 -1.05 -1 -0.85 0.0700000000000001 -1.17 1.71499159584086 0.727729072270017 2.29832120858851 0.9046 -1.115 0.9254 0.016 -0.9006 0.0406 -0.5976 0.557 0.47 0.439 -0.1258 0.5798 0.9364 -1.28 0.8636 -0.076 -0.9604 0.1104 -0.6484 0.458 0.44 0.386 -0.0172 0.5832 -1.1236 1.03 -1.0364 0.004 0.9996 0.000400000000000037 0.3016 -0.582 -0.6 -0.564 -0.1372 -0.7268
-0.47 -0.48 -0.48 -2.09 1.25 1.09 -0.9 -2.01 -0.99 -1.96 -2.05 0 0.15 -1.93 0.83 1.14481815255949 0.30782582074135 2.21958444633541 0.9046 -0.645 -0.4846 0.486 0.9794 0.5106 0.8124 1.027 0 -0.031 0.8142 -0.3602 0.9364 -0.8 -0.5764 0.404 0.9596 0.5904 0.7916 0.938 -0.04 -0.094 0.9428 -0.3768 0.9664 -0.74 -0.5664 0.384 0.9296 0.4704 0.7016 0.948 -0.08 -0.194 0.7528 -0.5168
0.53 -0.48 0.52 1.91 -0.75 -0.91 2.1 -2.01 0.01 2.04 -2.05 -2 1.15 2.07 0.83 0.036882082333056 2.29897934885726 2.54912209277004 0.9346 -0.455 -0.4546 1.176 -1.0306 0.0506 0.9724 -1.023 -1.06 0.649 1.0042 0.4698 -0.9836 0.16 0.3836 -1.036 0.9596 0.1104 -1.1284 0.938 0.92 -0.574 -0.9772 -0.3768 0.9564 -0.53 -0.5164 1.044 -1.0804 0.000400000000000037 0.8216 -1.102 -1.12 0.476 0.9028 0.3132
-0.47 0.52 -0.48 0.91 -0.75 0.0900000000000001 0.1 0.99 1.01 0.04 -2.05 -2 -1.85 -1.93 -1.17 0.50035464818962 -1.08796445880176 -1.33015295887318 -0.5054 0.295 -0.0146 0.016 -0.4306 -0.4294 -0.1276 1.027 0.94 0.909 0.8142 0.5798 0.4064 -0.59 -0.00639999999999998 0.024 0.5096 0.6404 -0.1284 -1.112 -1.08 -0.984 -0.9872 -0.5868 -0.4736 0.22 -0.0864 -0.096 -0.5104 -0.4896 -0.2584 0.948 0.88 0.766 0.7528 0.4432
0.53 -0.48 0.52 -2.09 -1.75 2.09 -1.9 -1.01 1.01 -0.96 -1.05 2 -0.85 -1.93 -0.17 -0.309960157272844 0.744255620763504 1.19790763678839 -1.1854 -0.985 1.1354 -0.944 -0.5006 0.5806 -0.6176 -0.493 1.06 -0.411 -1.1158 -0.0602 0.9364 0.64 -1.0564 0.884 0.4796 -0.3696 0.3116 0.458 -1 0.386 0.9428 0.1032 -1.1236 -1.05 1.0436 -1.036 -0.5604 0.5204 -0.7384 -0.582 0.96 -0.564 -1.1772 -0.2068
0.53 0.52 0.52 1.91 0.25 2.09 1.1 -2.01 1.01 -0.96 -2.05 0 2.15 -0.93 1.83 0.396068649467396 2.00815807528166 -0.203379004148188 0.9346 0.075 1.1354 0.646 -1.0306 0.5806 -0.6176 -1.023 0 1.179 -0.5858 0.9998 0.9264 -0.07 1.0336 0.544 -1.0504 0.6404 -0.6484 -1.112 -0.04 1.096 -0.4672 0.9732 0.9564 -0.00999999999999995 1.0436 0.524 -1.0804 0.5204 -0.7384 -1.102 -0.08 0.996 -0.6572 0.8332
0.53 -0.48 0.52 -1.09 -1.75 2.09 -1.9 -0.00999999999999979 0.01 0.04 0.95 2 -0.85 1.07 0.83 -0.458698163681222 1.0025501424113 0.445341483341983 -0.6554 -0.985 1.1354 -0.944 0.0294 0.0506 -0.0876 0.567 1.06 -0.411 0.4742 0.4698 0.4564 0.64 -1.0564 0.884 -0.000400000000000001 0.1104 -0.1684 -0.502 -1 0.386 -0.4972 -0.3768 -0.6036 -1.05 1.0436 -1.036 -0.0404 0.000400000000000037 -0.2184 0.458 0.96 -0.564 0.3828 0.3132
-0.47 -0.48 -0.48 -1.09 2.25 0.0900000000000001 -1.9 -2.01 1.01 0.04 -0.0499999999999998 -2 -1.85 2.07 -2.17 0.391329402589056 0.628920917331391 1.46305158386452 0.4346 -1.115 -0.0146 0.956 0.9794 -0.4294 -0.1276 0.087 0.94 0.909 -1.0658 1.0498 0.4564 -1.28 -0.0964 0.884 0.9596 -0.3696 -0.1684 -0.022 0.92 0.866 -0.9772 1.0632 0.4864 -1.22 -0.0864 0.864 0.9296 -0.4896 -0.2584 -0.012 0.88 0.766 -1.1672 0.9232
0.53 0.52 0.52 -2.09 2.25 2.09 0.1 0.99 2.01 1.04 0.95 1 -0.85 -1.93 -0.17 2.01552907894882 2.61582084510778 2.2455622080423 -1.1854 1.135 1.1354 0.116 0.5594 1.1106 0.4424 0.567 0.53 -0.411 -1.1158 -0.0602 -1.1536 0.97 1.0336 0.024 0.5096 1.1604 0.3916 0.448 0.48 -0.464 -0.9872 -0.0668 -1.1236 1.03 1.0436 0.004 0.4796 1.0404 0.3016 0.458 0.44 -0.564 -1.1772 -0.2068
-0.47 0.52 -0.48 -0.0899999999999999 -0.75 -1.91 0.1 0.99 -1.99 -1.96 -2.05 -2 -1.85 -1.93 -1.17 -2.0258023728506 -1.37408266150044 -0.157060568514524 -0.0354 0.295 0.9254 0.016 -0.4306 0.9806 0.8124 1.027 0.94 0.909 0.8142 0.5798 -0.1136 -0.59 -1.0464 0.024 0.5096 -0.9196 -1.1684 -1.112 -1.08 -0.984 -0.9872 -0.5868 0.00640000000000002 0.22 0.8736 -0.096 -0.5104 0.9504 0.7016 0.948 0.88 0.766 0.7528 0.4432
0.53 0.52 0.52 -1.09 2.25 -1.91 2.1 -1.01 -0.99 2.04 1.95 2 1.15 1.07 -2.17 0.984517121216808 0.996635028821744 0.145155047110586 -0.6554 1.135 -0.9846 1.176 -0.5006 -0.4794 0.9724 1.097 1.06 0.649 0.4742 -1.1202 -0.6336 0.97 -1.0464 1.064 -0.5304 -0.3996 0.9116 0.968 1 0.576 0.5728 -1.1068 -0.6036 1.03 -1.0364 1.044 -0.5604 -0.5196 0.8216 0.978 0.96 0.476 0.3828 -1.2468
0.53 -0.48 -0.48 -2.09 -1.75 -1.91 2.1 -2.01 1.01 -1.96 -2.05 -2 -1.85 -0.93 -2.17 0.542741417709291 0.634473363082035 0.304656030645716 -1.1854 -0.985 -0.9846 1.176 -1.0306 0.5806 -1.1476 -1.023 -1.06 -0.941 -0.5858 -1.1202 0.9364 0.64 0.8636 -1.036 0.9596 -0.3696 0.7916 0.938 0.92 0.866 0.4628 1.0632 0.9664 0.7 0.8736 -1.056 0.9296 -0.4896 0.7016 0.948 0.88 0.766 0.2728 0.9232
-0.47 0.52 -0.48 1.91 0.25 0.0900000000000001 2.1 -1.01 0.01 0.04 1.95 -1 -0.85 -0.93 1.83 0.246600510786489 3.057942967143 3.38782620270456 -0.9754 -0.175 -0.0146 -0.924 0.5094 0.0406 -0.1276 -0.853 0.47 0.439 0.3442 -0.8302 0.9264 -0.07 -0.00639999999999998 1.064 -0.5304 0.1204 -0.1284 0.968 -0.56 -0.464 -0.4672 0.9732 -0.9536 -0.26 -0.0864 -1.056 0.4496 -0.00960000000000002 -0.2584 -0.972 0.4 0.286 0.2728 -0.9968
-0.47 -0.48 -0.48 -0.0899999999999999 -0.75 2.09 -1.9 1.99 2.01 2.04 -2.05 0 0.15 0.0700000000000001 1.83 -0.0951685871143997 -0.951965748761744 -2.22208811236479 -0.0354 0.295 -0.9546 0.956 -0.9006 -0.8994 -1.0676 1.027 0 -0.031 -0.1258 -0.8302 -0.0236 0.16 -1.0564 0.884 -0.9604 -0.8496 -1.1284 0.938 -0.04 -0.094 -0.0172 -0.8568 0.00640000000000002 0.22 -1.0464 0.864 -0.9904 -0.9696 -1.2184 0.948 -0.08 -0.194 -0.2072 -0.9968
0.53 -0.48 0.52 -2.09 -1.75 -1.91 -1.9 1.99 -1.99 1.04 -2.05 0 0.15 -1.93 0.83 0.500066161116964 -1.7518631464888 1.26045070436206 -1.1854 -0.985 -0.9846 -0.944 1.0894 -1.0094 0.4424 -1.023 0 0.119 -1.1158 0.4698 0.9364 0.64 0.8636 0.884 -0.9604 1.0704 -0.6484 0.938 -0.04 -0.094 0.9428 -0.3768 -1.1236 -1.05 -1.0364 -1.036 0.9996 -1.0396 0.3016 -1.102 -0.08 -0.044 -1.1772 0.3132
0.53 0.52 -0.48 -2.09 -0.75 2.09 2.1 -2.01 -1.99 2.04 1.95 0 1.15 1.07 0.83 1.65547771174178 0.0579761779492567 0.0855947596657076 -1.1854 -0.455 1.1354 1.176 -1.0306 -1.0094 0.9724 1.097 0 0.649 0.4742 0.4698 -1.1536 -0.59 1.0336 1.064 -1.0504 -0.9196 0.9116 0.968 -0.04 0.576 0.5728 0.4532 0.9664 0.22 -1.0464 -1.056 0.9296 0.9504 -1.2184 -0.972 -0.08 -0.674 -0.6872 -0.5168
-0.47 -0.48 -0.48 -1.09 0.25 2.09 -0.9 0.99 1.01 1.04 0.95 0 0.15 -0.93 -2.17 0.650048630381229 1.80720748966669 1.27322453689094 0.4346 -0.175 -0.9546 0.486 -0.4306 -0.4294 -0.5976 -0.383 0 -0.031 0.3442 1.0498 0.4564 -0.32 -1.0564 0.404 -0.4804 -0.3696 -0.6484 -0.502 -0.04 -0.094 0.4628 1.0632 0.4864 -0.26 -1.0464 0.384 -0.5104 -0.4896 -0.7384 -0.492 -0.08 -0.194 0.2728 0.9232
-0.47 -0.48 -0.48 -1.09 -1.75 -1.91 -1.9 -2.01 2.01 1.04 -1.05 2 -0.85 -1.93 -2.17 -0.0407217342445815 0.222264917927423 0.216157701591553 0.4346 0.765 0.9254 0.956 0.9794 -0.8994 -0.5976 0.557 -0.94 0.439 0.8142 1.0498 0.4564 0.64 0.8636 0.884 0.9596 -0.8496 -0.6484 0.458 -1 0.386 0.9428 1.0632 0.4864 0.7 0.8736 0.864 0.9296 -0.9696 -0.7384 0.468 -1.04 0.286 0.7528 0.9232
-0.47 0.52 0.52 1.91 2.25 -0.91 1.1 -1.01 -0.99 0.04 1.95 0 -0.85 -0.93 0.83 -0.092343267580111 3.2525379181629 1.36577953599806 -0.9754 -1.115 0.4554 -0.454 0.5094 0.5106 -0.1276 -0.853 0 0.439 0.3442 -0.3602 0.9264 0.97 -0.5264 0.544 -0.5304 -0.3996 -0.1284 0.968 -0.04 -0.464 -0.4672 0.4532 0.9564 1.03 -0.5164 0.524 -0.5604 -0.5196 -0.2184 0.978 -0.08 -0.564 -0.6572 0.3132
0.53 -0.48 0.52 1.91 -1.75 1.09 -1.9 -0.00999999999999979 2.01 1.04 0.95 1 0.15 0.0700000000000001 1.83 1.13883636493718 1.26670602846819 2.22699373914114 0.9346 -0.985 0.6054 -0.944 0.0294 1.1106 0.4424 0.567 0.53 0.119 -0.0558 0.9998 -0.9836 0.64 -0.5764 0.884 -0.000400000000000001 -0.8496 -0.6484 -0.502 -0.52 -0.094 -0.0172 -0.8568 0.9564 -1.05 0.5236 -1.036 -0.0404 1.0404 0.3016 0.458 0.44 -0.044 -0.1372 0.8332
0.53 0.52 0.52 -0.0899999999999999 2.25 1.09 2.1 -1.01 0.01 2.04 0.95 0 0.15 2.07 1.83 1.48812942929206 2.0490864950628 2.50038041650361 -0.1254 1.135 0.6054 1.176 -0.5006 0.0506 0.9724 0.567 0 0.119 1.0042 0.9998 -0.1136 0.97 0.5136 1.064 -0.5304 0.1204 0.9116 0.448 -0.04 0.056 1.0928 0.9732 -0.0836 1.03 0.5236 1.044 -0.5604 0.000400000000000037 0.8216 0.458 -0.08 -0.044 0.9028 0.8332
0.53 0.52 0.52 0.91 2.25 2.09 -1.9 0.99 2.01 1.04 -2.05 -1 2.15 0.0700000000000001 0.83 2.1402265816357 0.461887946029954 0.163476689465908 0.4046 1.135 1.1354 -0.944 0.5594 1.1106 0.4424 -1.023 -0.53 1.179 -0.0558 0.4698 0.4064 0.97 1.0336 -1.016 0.5096 1.1604 0.3916 -1.112 -0.56 1.096 0.0528 0.4532 0.4364 1.03 1.0436 -1.036 0.4796 1.0404 0.3016 -1.102 -0.6 0.996 -0.1372 0.3132
-0.47 -0.48 -0.48 -1.09 -1.75 -1.91 0.1 -2.01 0.01 -1.96 -0.0499999999999998 -2 -1.85 -0.93 -2.17 0.86627573273454 -0.150353314901074 -0.540904073761925 0.4346 0.765 0.9254 0.016 0.9794 0.0406 0.8124 0.087 0.94 0.909 0.3442 1.0498 0.4564 0.64 0.8636 -0.076 0.9596 0.1104 0.7916 -0.022 0.92 0.866 0.4628 1.0632 0.4864 0.7 0.8736 -0.096 0.9296 -0.00960000000000002 0.7016 -0.012 0.88 0.766 0.2728 0.9232
0.53 0.52 -0.48 -0.0899999999999999 -1.75 2.09 -0.9 1.99 -1.99 0.04 -1.05 2 0.15 0.0700000000000001 -0.17 -0.494482254303842 1.53150692451074 -0.181682574208662 -0.1254 -0.985 1.1354 -0.414 1.0894 -1.0094 -0.0876 -0.493 1.06 0.119 -0.0558 -0.0602 -0.1136 -1.11 1.0336 -0.496 1.0296 -0.9196 -0.1284 -0.592 1 0.056 0.0528 -0.0668 0.00640000000000002 0.7 -1.0464 0.384 -0.9904 0.9504 -0.2584 0.468 -1.04 -0.194 -0.2072 -0.0368
0.53 0.52 0.52 -1.09 -1.75 -1.91 -1.9 -2.01 -0.99 0.04 -2.05 -2 -1.85 -0.93 -2.17 -0.88882501608975 1.07197788679725 1.38494437948748 -0.6554 -0.985 -0.9846 -0.944 -1.0306 -0.4794 -0.0876 -1.023 -1.06 -0.941 -0.5858 -1.1202 -0.6336 -1.11 -1.0464 -1.016 -1.0504 -0.3996 -0.1284 -1.112 -1.08 -0.984 -0.4672 -1.1068 -0.6036 -1.05 -1.0364 -1.036 -1.0804 -0.5196 -0.2184 -1.102 -1.12 -1.084 -0.6572 -1.2468
-0.47 0.52 0.52 0.91 2.25 -0.91 -1.9 0.99 0.01 2.04 0.95 0 2.15 1.07 1.83 1.82421146051332 1.07915164320514 2.60358949912051 -0.5054 -1.115 0.4554 0.956 -0.4306 0.0406 -1.0676 -0.383 0 -0.971 -0.5958 -0.8302 0.4064 0.97 -0.5264 -1.016 0.5096 0.1204 0.9116 0.448 -0.04 1.096 0.5728 0.9732 0.4364 1.03 -0.5164 -1.036 0.4796 0.000400000000000037 0.8216 0.458 -0.08 0.996 0.3828 0.8332
-0.47 -0.48 0.52 -0.0899999999999999 -1.75 0.0900000000000001 1.1 1.99 1.01 0.04 1.95 -2 1.15 2.07 1.83 -0.457485159144304 1.03908473485792 0.512909824540714 -0.0354 0.765 -0.0146 -0.454 -0.9006 -0.4294 -0.1276 -0.853 0.94 -0.501 -1.0658 -0.8302 -0.0236 0.64 -0.0964 -0.556 -0.9604 -0.3696 -0.1684 -0.982 0.92 -0.574 -0.9772 -0.8568 -0.0836 -1.05 0.00360000000000001 0.524 0.9996 0.5204 -0.2184 0.978 -1.12 0.476 0.9028 0.8332
0.53 -0.48 -0.48 -2.09 -1.75 -0.91 -1.9 1.99 2.01 0.04 -1.05 0 1.15 -0.93 -0.17 2.7121014185774 2.27923070971921 1.31771407788645 -1.1854 -0.985 -0.4546 -0.944 1.0894 1.1106 -0.0876 -0.493 0 0.649 -0.5858 -0.0602 0.9364 0.64 0.3836 0.884 -0.9604 -0.8496 -0.1684 0.458 -0.04 -0.574 0.4628 0.1032 0.9664 0.7 0.3936 0.864 -0.9904 -0.9696 -0.2584 0.468 -0.08 -0.674 0.2728 -0.0368
0.53 0.52 -0.48 -1.09 -1.75 -1.91 -0.9 -1.01 -1.99 0.04 -0.0499999999999998 0 0.15 0.0700000000000001 -1.17 1.13802881460524 0.678567333524377 0.157979104208324 -0.6554 -0.985 -0.9846 -0.414 -0.5006 -1.0094 -0.0876 0.037 0 0.119 -0.0558 -0.5902 -0.6336 -1.11 -1.0464 -0.496 -0.5304 -0.9196 -0.1284 -0.072 -0.04 0.056 0.0528 -0.5868 0.4864 0.7 0.8736 0.384 0.4496 0.9504 -0.2584 -0.012 -0.08 -0.194 -0.2072 0.4432
-0.47 -0.48 -0.48 0.91 -1.75 1.09 2.1 1.99 2.01 -1.96 -2.05 0 2.15 0.0700000000000001 1.83 1.18440913716962 2.16988307584903 3.30710972832666 -0.5054 0.765 -0.4846 -0.924 -0.9006 -0.8994 0.8124 1.027 0 -0.971 -0.1258 -0.8302 -0.5036 0.64 -0.5764 -1.036 -0.9604 -0.8496 0.7916 0.938 -0.04 -1.054 -0.0172 -0.8568 -0.4736 0.7 -0.5664 -1.056 -0.9904 -0.9696 0.7016 0.948 -0.08 -1.154 -0.2072 -0.9968
-0.47 0.52 -0.48 1.91 -1.75 -0.91 -1.9 1.99 -1.99 -1.96 -1.05 0 -1.85 -1.93 -2.17 -0.46896268089685 0.277047271552373 -1.0707456536927 -0.9754 0.765 0.4554 0.956 -0.9006 0.9806 0.8124 0.557 0 0.909 0.8142 1.0498 0.9264 -1.11 -0.5264 -1.016 1.0296 -0.9196 -1.1684 -0.592 -0.04 -0.984 -0.9872 -1.1068 -0.9536 0.7 0.3936 0.864 -0.9904 0.9504 0.7016 0.468 -0.08 0.766 0.7528 0.9232
-0.47 -0.48 -0.48 -2.09 2.25 -0.91 1.1 1.99 2.01 0.04 1.95 2 2.15 0.0700000000000001 1.83 1.87730593991954 1.29825533597025 1.12068012897918 0.9046 -1.115 0.4554 -0.454 -0.9006 -0.8994 -0.1276 -0.853 -0.94 -0.971 -0.1258 -0.8302 0.9364 -1.28 0.3836 -0.556 -0.9604 -0.8496 -0.1684 -0.982 -1 -1.054 -0.0172 -0.8568 0.9664 -1.22 0.3936 -0.576 -0.9904 -0.9696 -0.2584 -0.972 -1.04 -1.154 -0.2072 -0.9968
-0.47 0.52 -0.48 -0.0899999999999999 2.25 2.09 0.1 -2.01 0.01 -1.96 -2.05 2 2.15 -1.93 0.83 0.703329131851135 -0.815601565315535 -0.12639882054633 -0.0354 -1.115 -0.9546 0.016 0.9794 0.0406 0.8124 1.027 -0.94 -0.971 0.8142 -0.3602 -0.1136 0.97 1.0336 0.024 -1.0504 0.1204 -1.1684 -1.112 1 1.096 -0.9872 0.4532 0.00640000000000002 -1.22 -1.0464 -0.096 0.9296 -0.00960000000000002 0.7016 0.948 -1.04 -1.154 0.7528 -0.5168
-0.47 -0.48 -0.48 0.91 -1.75 0.0900000000000001 1.1 1.99 -1.99 0.04 -0.0499999999999998 1 1.15 0.0700000000000001 1.83 -0.79470245039428 1.19435056054333 0.343838583249496 -0.5054 0.765 -0.0146 -0.454 -0.9006 0.9806 -0.1276 0.087 -0.47 -0.501 -0.1258 -0.8302 -0.5036 0.64 -0.0964 -0.556 -0.9604 1.0704 -0.1684 -0.022 -0.52 -0.574 -0.0172 -0.8568 -0.4736 0.7 -0.0864 -0.576 -0.9904 0.9504 -0.2584 -0.012 -0.56 -0.674 -0.2072 -0.9968
0.53 0.52 0.52 -1.09 0.25 2.09 0.1 1.99 -1.99 2.04 0.95 1 2.15 2.07 -0.17 0.535874903006621 1.96600562553064 1.39342405442376 -0.6554 0.075 1.1354 0.116 1.0894 -1.0094 0.9724 0.567 0.53 1.179 1.0042 -0.0602 -0.6336 -0.07 1.0336 0.024 1.0296 -0.9196 0.9116 0.448 0.48 1.096 1.0928 -0.0668 -0.6036 -0.00999999999999995 1.0436 0.004 0.9996 -1.0396 0.8216 0.458 0.44 0.996 0.9028 -0.2068
0.53 -0.48 -0.48 1.91 2.25 2.09 -1.9 -0.00999999999999979 -0.99 -1.96 -2.05 -2 -1.85 -1.93 -1.17 0.354327634718664 0.945713231787616 1.64207580882064 0.9346 1.135 1.1354 -0.944 0.0294 -0.4794 -1.1476 -1.023 -1.06 -0.941 -1.1158 -0.5902 -0.9836 -1.28 -1.0564 0.884 -0.000400000000000001 0.5904 0.7916 0.938 0.92 0.866 0.9428 0.5832 -0.9536 -1.22 -1.0464 0.864 -0.0304 0.4704 0.7016 0.948 0.88 0.766 0.7528 0.4432
0.53 -0.48 0.52 1.91 0.25 2.09 -1.9 -0.00999999999999979 -0.99 1.04 -0.0499999999999998 0 1.15 1.07 -0.17 1.71945535066579 2.34708836554422 2.86577746085597 0.9346 0.075 1.1354 -0.944 0.0294 -0.4794 0.4424 0.037 0 0.649 0.4742 -0.0602 -0.9836 -0.32 -1.0564 0.884 -0.000400000000000001 0.5904 -0.6484 -0.022 -0.04 -0.574 -0.4972 0.1032 0.9564 -0.00999999999999995 1.0436 -1.036 -0.0404 -0.5196 0.3016 -0.062 -0.08 0.476 0.3828 -0.2068
-0.47 0.52 -0.48 -1.09 1.25 2.09 1.1 -1.01 -1.99 2.04 -0.0499999999999998 1 2.15 1.07 -0.17 -0.935698373637617 0.838613600635005 -0.71061032495213 0.4346 -0.645 -0.9546 -0.454 0.5094 0.9806 -1.0676 0.087 -0.47 -0.971 -0.5958 0.1098 -0.6336 0.45 1.0336 0.544 -0.5304 -0.9196 0.9116 -0.072 0.48 1.096 0.5728 -0.0668 0.4864 -0.74 -1.0464 -0.576 0.4496 0.9504 -1.2184 -0.012 -0.56 -1.154 -0.6872 -0.0368
-0.47 -0.48 -0.48 1.91 -0.75 1.09 2.1 -2.01 -1.99 -1.96 -1.05 -2 -1.85 -1.93 -2.17 0.857950910198177 -0.283061760299844 0.0545429987134522 -0.9754 0.295 -0.4846 -0.924 0.9794 0.9806 0.8124 0.557 0.94 0.909 0.8142 1.0498 -0.9836 0.16 -0.5764 -1.036 0.9596 1.0704 0.7916 0.458 0.92 0.866 0.9428 1.0632 -0.9536 0.22 -0.5664 -1.056 0.9296 0.9504 0.7016 0.468 0.88 0.766 0.7528 0.9232
-0.47 0.52 -0.48 -2.09 -0.75 1.09 0.1 -1.01 -1.99 -1.96 -2.05 -2 -1.85 -1.93 -2.17 1.69818062763369 0.79790267309769 1.04992306623583 0.9046 0.295 -0.4846 0.016 0.5094 0.9806 0.8124 1.027 0.94 0.909 0.8142 1.0498 -1.1536 -0.59 0.5136 0.024 -0.5304 -0.9196 -1.1684 -1.112 -1.08 -0.984 -0.9872 -1.1068 0.9664 0.22 -0.5664 -0.096 0.4496 0.9504 0.7016 0.948 0.88 0.766 0.7528 0.9232
0.53 -0.48 0.52 1.91 2.25 -0.91 1.1 -2.01 2.01 0.04 -1.05 1 2.15 -0.93 -1.17 0.0940963372019317 0.964133102428837 3.15282954704843 0.9346 1.135 -0.4546 0.646 -1.0306 1.1106 -0.0876 -0.493 0.53 1.179 -0.5858 -0.5902 -0.9836 -1.28 0.3836 -0.556 0.9596 -0.8496 -0.1684 0.458 -0.52 -1.054 0.4628 0.5832 0.9564 1.03 -0.5164 0.524 -1.0804 1.0404 -0.2184 -0.582 0.44 0.996 -0.6572 -0.7268
-0.47 0.52 -0.48 -0.0899999999999999 -0.75 -0.91 -0.9 1.99 1.01 -1.96 -0.0499999999999998 1 1.15 -1.93 1.83 0.674180780030359 0.46438499206867 1.02929343000759 -0.0354 0.295 0.4554 0.486 -0.9006 -0.4294 0.8124 0.087 -0.47 -0.501 0.8142 -0.8302 -0.1136 -0.59 -0.5264 -0.496 1.0296 0.6404 -1.1684 -0.072 0.48 0.576 -0.9872 0.9732 0.00640000000000002 0.22 0.3936 0.384 -0.9904 -0.4896 0.7016 -0.012 -0.56 -0.674 0.7528 -0.9968
0.53 0.52 -0.48 -0.0899999999999999 0.25 2.09 -1.9 0.99 0.01 -1.96 -2.05 -2 0.15 -1.93 -2.17 -0.518380355449002 0.595738726937409 0.741983390551346 -0.1254 0.075 1.1354 -0.944 0.5594 0.0506 -1.1476 -1.023 -1.06 0.119 -1.1158 -1.1202 -0.1136 -0.07 1.0336 -1.016 0.5096 0.1204 -1.1684 -1.112 -1.08 0.056 -0.9872 -1.1068 0.00640000000000002 -0.26 -1.0464 0.864 -0.5104 -0.00960000000000002 0.7016 0.948 0.88 -0.194 0.7528 0.9232
-0.47 0.52 0.52 -2.09 1.25 -1.91 -0.9 -0.00999999999999979 -1.99 2.04 1.95 -2 1.15 2.07 -0.17 1.34555705066377 1.40680136954109 1.98130816868557 0.9046 -0.645 0.9254 0.486 0.0394 0.9806 -1.0676 -0.853 0.94 -0.501 -1.0658 0.1098 -1.1536 0.45 -1.0464 -0.496 -0.0104 -0.9196 0.9116 0.968 -1.08 0.576 1.0928 -0.0668 -1.1236 0.51 -1.0364 -0.516 -0.0404 -1.0396 0.8216 0.978 -1.12 0.476 0.9028 -0.2068
0.53 0.52 0.52 1.91 -1.75 2.09 2.1 1.99 -1.99 -1.96 1.95 0 -0.85 -0.93 -1.17 1.6724917431716 0.357829984748194 1.33109107700431 0.9346 -0.985 1.1354 1.176 1.0894 -1.0094 -1.1476 1.097 0 -0.411 -0.5858 -0.5902 0.9264 -1.11 1.0336 1.064 1.0296 -0.9196 -1.1684 0.968 -0.04 -0.464 -0.4672 -0.5868 0.9564 -1.05 1.0436 1.044 0.9996 -1.0396 -1.2584 0.978 -0.08 -0.564 -0.6572 -0.7268
-0.47 -0.48 -0.48 0.91 2.25 -0.91 1.1 -0.00999999999999979 2.01 2.04 0.95 0 -0.85 -1.93 1.83 1.08725982612072 0.778181063161925 1.33501338911563 -0.5054 -1.115 0.4554 -0.454 0.0394 -0.8994 -1.0676 -0.383 0 0.439 0.8142 -0.8302 -0.5036 -1.28 0.3836 -0.556 -0.000400000000000001 -0.8496 -1.1284 -0.502 -0.04 0.386 0.9428 -0.8568 -0.4736 -1.22 0.3936 -0.576 -0.0304 -0.9696 -1.2184 -0.492 -0.08 0.286 0.7528 -0.9968
0.53 -0.48 0.52 -2.09 1.25 -1.91 -1.9 -2.01 -1.99 0.04 -2.05 -2 -1.85 1.07 0.83 -0.237133384327615 -0.202665964677328 -0.0490739776845526 -1.1854 0.605 -0.9846 -0.944 -1.0306 -1.0094 -0.0876 -1.023 -1.06 -0.941 0.4742 0.4698 0.9364 -0.8 0.8636 0.884 0.9596 1.0704 -0.1684 0.938 0.92 0.866 -0.4972 -0.3768 -1.1236 0.51 -1.0364 -1.036 -1.0804 -1.0396 -0.2184 -1.102 -1.12 -1.084 0.3828 0.3132
-0.47 0.52 0.52 -2.09 0.25 0.0900000000000001 -0.9 -0.00999999999999979 -0.99 2.04 -2.05 -1 -0.85 2.07 1.83 -0.263296047938068 0.26533339878447 0.509932788038667 0.9046 -0.175 -0.0146 0.486 0.0394 0.5106 -1.0676 1.027 0.47 0.439 -1.0658 -0.8302 -1.1536 -0.07 -0.00639999999999998 -0.496 -0.0104 -0.3996 0.9116 -1.112 -0.56 -0.464 1.0928 0.9732 -1.1236 -0.00999999999999995 0.00360000000000001 -0.516 -0.0404 -0.5196 0.8216 -1.102 -0.6 -0.564 0.9028 0.8332
-0.47 -0.48 -0.48 -2.09 -1.75 -0.91 -0.9 0.99 0.01 -1.96 -2.05 2 1.15 -1.93 -1.17 -0.0812065686718489 0.782401952093316 1.69217050886616 0.9046 0.765 0.4554 0.486 -0.4306 0.0406 0.8124 1.027 -0.94 -0.501 0.8142 0.5798 0.9364 0.64 0.3836 0.404 -0.4804 0.1104 0.7916 0.938 -1 -0.574 0.9428 0.5832 0.9664 0.7 0.3936 0.384 -0.5104 -0.00960000000000002 0.7016 0.948 -1.04 -0.674 0.7528 0.4432
-0.47 0.52 -0.48 -2.09 2.25 0.0900000000000001 0.1 -2.01 1.01 2.04 0.95 -2 2.15 -0.93 -2.17 -0.755795472487353 -0.346284262074868 -1.10635680777746 0.9046 -1.115 -0.0146 0.016 0.9794 -0.4294 -1.0676 -0.383 0.94 -0.971 0.3442 1.0498 -1.1536 0.97 -0.00639999999999998 0.024 -1.0504 0.6404 0.9116 0.448 -1.08 1.096 -0.4672 -1.1068 0.9664 -1.22 -0.0864 -0.096 0.9296 -0.4896 -1.2184 -0.492 0.88 -1.154 0.2728 0.9232
-0.47 0.52 0.52 1.91 -0.75 1.09 1.1 1.99 -1.99 -0.96 -1.05 0 0.15 -0.93 0.83 -0.654507287702609 0.735710466235751 0.791214283629583 -0.9754 0.295 -0.4846 -0.454 -0.9006 0.9806 0.3424 0.557 0 -0.031 0.3442 -0.3602 0.9264 -0.59 0.5136 0.544 1.0296 -0.9196 -0.6484 -0.592 -0.04 0.056 -0.4672 0.4532 0.9564 -0.53 0.5236 0.524 0.9996 -1.0396 -0.7384 -0.582 -0.08 -0.044 -0.6572 0.3132
-0.47 -0.48 -0.48 0.91 -1.75 0.0900000000000001 1.1 1.99 2.01 -0.96 1.95 -2 1.15 -1.93 -1.17 -0.0632629701167375 0.276915926012028 -0.100363818035083 -0.5054 0.765 -0.0146 -0.454 -0.9006 -0.8994 0.3424 -0.853 0.94 -0.501 0.8142 0.5798 -0.5036 0.64 -0.0964 -0.556 -0.9604 -0.8496 0.3116 -0.982 0.92 -0.574 0.9428 0.5832 -0.4736 0.7 -0.0864 -0.576 -0.9904 -0.9696 0.2216 -0.972 0.88 -0.674 0.7528 0.4432
0.53 -0.48 -0.48 -2.09 -1.75 0.0900000000000001 0.1 1.99 -1.99 -1.96 -0.0499999999999998 -1 1.15 1.07 -2.17 0.0925535796566357 0.965335680169557 0.0349677371619851 -1.1854 -0.985 0.0754 0.116 1.0894 -1.0094 -1.1476 0.037 -0.53 0.649 0.4742 -1.1202 0.9364 0.64 -0.0964 -0.076 -0.9604 1.0704 0.7916 -0.022 0.44 -0.574 -0.4972 1.0632 0.9664 0.7 -0.0864 -0.096 -0.9904 0.9504 0.7016 -0.012 0.4 -0.674 -0.6872 0.9232
-0.47 -0.48 -0.48 1.91 1.25 0.0900000000000001 -1.9 0.99 2.01 -1.96 -1.05 2 1.15 2.07 1.83 -0.52353224472482 0.625857297904217 -0.831964477895935 -0.9754 -0.645 -0.0146 0.956 -0.4306 -0.8994 0.8124 0.557 -0.94 -0.501 -1.0658 -0.8302 -0.9836 -0.8 -0.0964 0.884 -0.4804 -0.8496 0.7916 0.458 -1 -0.574 -0.9772 -0.8568 -0.9536 -0.74 -0.0864 0.864 -0.5104 -0.9696 0.7016 0.468 -1.04 -0.674 -1.1672 -0.9968
0.53 -0.48 -0.48 -2.09 1.25 -1.91 -1.9 -0.00999999999999979 1.01 -1.96 1.95 0 0.15 0.0700000000000001 0.83 1.62123589994562 0.50679631819319 3.21302903566294 -1.1854 0.605 -0.9846 -0.944 0.0294 0.5806 -1.1476 1.097 0 0.119 -0.0558 0.4698 0.9364 -0.8 0.8636 0.884 -0.000400000000000001 -0.3696 0.7916 -0.982 -0.04 -0.094 -0.0172 -0.3768 0.9664 -0.74 0.8736 0.864 -0.0304 -0.4896 0.7016 -0.972 -0.08 -0.194 -0.2072 -0.5168
0.53 0.52 0.52 1.91 2.25 1.09 -1.9 1.99 2.01 2.04 -0.0499999999999998 1 -0.85 2.07 -0.17 0.254785310596924 1.48698902417526 2.33558898105068 0.9346 1.135 0.6054 -0.944 1.0894 1.1106 0.9724 0.037 0.53 -0.411 1.0042 -0.0602 0.9264 0.97 0.5136 -1.016 1.0296 1.1604 0.9116 -0.072 0.48 -0.464 1.0928 -0.0668 0.9564 1.03 0.5236 -1.036 0.9996 1.0404 0.8216 -0.062 0.44 -0.564 0.9028 -0.2068
-0.47 -0.48 0.52 -1.09 -1.75 -1.91 2.1 0.99 -0.99 2.04 -1.05 2 2.15 1.07 1.83 1.4022494187615 2.63122586617784 2.35100556849246 0.4346 0.765 0.9254 -0.924 -0.4306 0.5106 -1.0676 0.557 -0.94 -0.971 -0.5958 -0.8302 0.4564 0.64 0.8636 -1.036 -0.4804 0.5904 -1.1284 0.458 -1 -1.054 -0.4972 -0.8568 -0.6036 -1.05 -1.0364 1.044 0.4796 -0.5196 0.8216 -0.582 0.96 0.996 0.3828 0.8332
-0.47 0.52 0.52 0.91 2.25 2.09 2.1 -0.00999999999999979 -0.99 2.04 0.95 -1 2.15 1.07 -1.17 0.797991487409744 2.06275280430618 2.17846141937197 -0.5054 -1.115 -0.9546 -0.924 0.0394 0.5106 -1.0676 -0.383 0.47 -0.971 -0.5958 0.5798 0.4064 0.97 1.0336 1.064 -0.0104 -0.3996 0.9116 0.448 -0.56 1.096 0.5728 -0.5868 0.4364 1.03 1.0436 1.044 -0.0404 -0.5196 0.8216 0.458 -0.6 0.996 0.3828 -0.7268
0.53 -0.48 -0.48 1.91 1.25 -1.91 -1.9 -2.01 0.01 1.04 -2.05 1 -1.85 1.07 -2.17 0.786080990121584 1.9471099462618 2.12882708773784 0.9346 0.605 -0.9846 -0.944 -1.0306 0.0506 0.4424 -1.023 0.53 -0.941 0.4742 -1.1202 -0.9836 -0.8 0.8636 0.884 0.9596 0.1104 -0.6484 0.938 -0.52 0.866 -0.4972 1.0632 -0.9536 -0.74 0.8736 0.864 0.9296 -0.00960000000000002 -0.7384 0.948 -0.56 0.766 -0.6872 0.9232
0.53 -0.48 0.52 0.91 0.25 2.09 2.1 1.99 2.01 2.04 1.95 1 -0.85 2.07 -0.17 0.388070699328608 1.22811078202306 1.40039118070136 0.4046 0.075 1.1354 1.176 1.0894 1.1106 0.9724 1.097 0.53 -0.411 1.0042 -0.0602 -0.5036 -0.32 -1.0564 -1.036 -0.9604 -0.8496 -1.1284 -0.982 -0.52 0.386 -0.9772 0.1032 0.4364 -0.00999999999999995 1.0436 1.044 0.9996 1.0404 0.8216 0.978 0.44 -0.564 0.9028 -0.2068
-0.47 0.52 0.52 -2.09 -0.75 0.0900000000000001 1.1 -2.01 0.01 2.04 1.95 2 2.15 0.0700000000000001 -2.17 0.509915302967629 0.472470651764955 1.43610671407508 0.9046 0.295 -0.0146 -0.454 0.9794 0.0406 -1.0676 -0.853 -0.94 -0.971 -0.1258 1.0498 -1.1536 -0.59 -0.00639999999999998 0.544 -1.0504 0.1204 0.9116 0.968 1 1.096 0.0528 -1.1068 -1.1236 -0.53 0.00360000000000001 0.524 -1.0804 0.000400000000000037 0.8216 0.978 0.96 0.996 -0.1372 -1.2468
0.53 0.52 -0.48 1.91 -1.75 -1.91 -1.9 0.99 2.01 0.04 0.95 -2 -1.85 -0.93 -2.17 0.110786826808121 0.394231609540392 0.892927840626724 0.9346 -0.985 -0.9846 -0.944 0.5594 1.1106 -0.0876 0.567 -1.06 -0.941 -0.5858 -1.1202 0.9264 -1.11 -1.0464 -1.016 0.5096 1.1604 -0.1284 0.448 -1.08 -0.984 -0.4672 -1.1068 -0.9536 0.7 0.8736 0.864 -0.5104 -0.9696 -0.2584 -0.492 0.88 0.766 0.2728 0.9232
-0.47 0.52 -0.48 1.91 -1.75 1.09 -1.9 0.99 2.01 0.04 1.95 2 -1.85 -0.93 0.83 0.151077264214299 0.387747311960091 1.40080019285411 -0.9754 0.765 -0.4846 0.956 -0.4306 -0.8994 -0.1276 -0.853 -0.94 0.909 0.3442 -0.3602 0.9264 -1.11 0.5136 -1.016 0.5096 1.1604 -0.1284 0.968 1 -0.984 -0.4672 0.4532 -0.9536 0.7 -0.5664 0.864 -0.5104 -0.9696 -0.2584 -0.972 -1.04 0.766 0.2728 -0.5168
-0.47 -0.48 0.52 1.91 1.25 0.0900000000000001 -1.9 -2.01 -1.99 -1.96 -2.05 1 2.15 1.07 -1.17 0.0680508509926124 1.0173715024527 0.949304091989368 -0.9754 -0.645 -0.0146 0.956 0.9794 0.9806 0.8124 1.027 -0.47 -0.971 -0.5958 0.5798 -0.9836 -0.8 -0.0964 0.884 0.9596 1.0704 0.7916 0.938 -0.52 -1.054 -0.4972 0.5832 0.9564 0.51 0.00360000000000001 -1.036 -1.0804 -1.0396 -1.2584 -1.102 0.44 0.996 0.3828 -0.7268
-0.47 -0.48 -0.48 -2.09 -1.75 -1.91 0.1 -2.01 -1.99 0.04 1.95 -2 -1.85 1.07 -1.17 -0.413147988396182 0.417868752302808 -0.207811525811318 0.9046 0.765 0.9254 0.016 0.9794 0.9806 -0.1276 -0.853 0.94 0.909 -0.5958 0.5798 0.9364 0.64 0.8636 -0.076 0.9596 1.0704 -0.1684 -0.982 0.92 0.866 -0.4972 0.5832 0.9664 0.7 0.8736 -0.096 0.9296 0.9504 -0.2584 -0.972 0.88 0.766 -0.6872 0.4432
0.53 0.52 0.52 -0.0899999999999999 2.25 -0.91 -0.9 0.99 -0.99 2.04 0.95 0 2.15 2.07 1.83 0.28098255099544 0.228217350720057 0.626616205438738 -0.1254 1.135 -0.4546 -0.414 0.5594 -0.4794 0.9724 0.567 0 1.179 1.0042 0.9998 -0.1136 0.97 -0.5264 -0.496 0.5096 -0.3996 0.9116 0.448 -0.04 1.096 1.0928 0.9732 -0.0836 1.03 -0.5164 -0.516 0.4796 -0.5196 0.8216 0.458 -0.08 0.996 0.9028 0.8332
-0.47 -0.48 0.52 1.91 -1.75 0.0900000000000001 1.1 -0.00999999999999979 2.01 -1.96 -0.0499999999999998 0 -1.85 0.0700000000000001 -2.17 0.722661127317477 0.266774280973383 -0.555600808050365 -0.9754 0.765 -0.0146 -0.454 0.0394 -0.8994 0.8124 0.087 0 0.909 -0.1258 1.0498 -0.9836 0.64 -0.0964 -0.556 -0.000400000000000001 -0.8496 0.7916 -0.022 -0.04 0.866 -0.0172 1.0632 0.9564 -1.05 0.00360000000000001 0.524 -0.0404 1.0404 -1.2584 -0.062 -0.08 -1.084 -0.1372 -1.2468
-0.47 -0.48 0.52 -2.09 -1.75 0.0900000000000001 -1.9 -2.01 1.01 -1.96 0.95 -1 -0.85 -0.93 -1.17 0.403719862025301 0.602713701020708 1.26493149753723 0.9046 0.765 -0.0146 0.956 0.9794 -0.4294 0.8124 -0.383 0.47 0.439 0.3442 0.5798 0.9364 0.64 -0.0964 0.884 0.9596 -0.3696 0.7916 -0.502 0.44 0.386 0.4628 0.5832 -1.1236 -1.05 0.00360000000000001 -1.036 -1.0804 0.5204 -1.2584 0.458 -0.6 -0.564 -0.6572 -0.7268
0.53 0.52 0.52 1.91 -0.75 1.09 1.1 1.99 2.01 1.04 1.95 0 0.15 2.07 1.83 0.892334899848081 1.56303625069299 1.31451749858447 0.9346 -0.455 0.6054 0.646 1.0894 1.1106 0.4424 1.097 0 0.119 1.0042 0.9998 0.9264 -0.59 0.5136 0.544 1.0296 1.1604 0.3916 0.968 -0.04 0.056 1.0928 0.9732 0.9564 -0.53 0.5236 0.524 0.9996 1.0404 0.3016 0.978 -0.08 -0.044 0.9028 0.8332
-0.47 0.52 0.52 -1.09 0.25 2.09 -0.9 -2.01 -0.99 0.04 0.95 -2 0.15 -0.93 -0.17 0.454836328127934 1.53912600318466 0.76418672760342 0.4346 -0.175 -0.9546 0.486 0.9794 0.5106 -0.1276 -0.383 0.94 -0.031 0.3442 0.1098 -0.6336 -0.07 1.0336 -0.496 -1.0504 -0.3996 -0.1284 0.448 -1.08 0.056 -0.4672 -0.0668 -0.6036 -0.00999999999999995 1.0436 -0.516 -1.0804 -0.5196 -0.2184 0.458 -1.12 -0.044 -0.6572 -0.2068
-0.47 -0.48 -0.48 1.91 -1.75 2.09 -1.9 -0.00999999999999979 2.01 0.04 1.95 1 2.15 2.07 -0.17 0.323445450676781 -0.239411993486076 0.582109671823081 -0.9754 0.765 -0.9546 0.956 0.0394 -0.8994 -0.1276 -0.853 -0.47 -0.971 -1.0658 0.1098 -0.9836 0.64 -1.0564 0.884 -0.000400000000000001 -0.8496 -0.1684 -0.982 -0.52 -1.054 -0.9772 0.1032 -0.9536 0.7 -1.0464 0.864 -0.0304 -0.9696 -0.2584 -0.972 -0.56 -1.154 -1.1672 -0.0368
-0.47 0.52 0.52 1.91 -1.75 2.09 2.1 1.99 2.01 0.04 1.95 2 1.15 0.0700000000000001 1.83 -0.469459243582055 -0.45203491138054 -0.795885703325121 -0.9754 0.765 -0.9546 -0.924 -0.9006 -0.8994 -0.1276 -0.853 -0.94 -0.501 -0.1258 -0.8302 0.9264 -1.11 1.0336 1.064 1.0296 1.1604 -0.1284 0.968 1 0.576 0.0528 0.9732 0.9564 -1.05 1.0436 1.044 0.9996 1.0404 -0.2184 0.978 0.96 0.476 -0.1372 0.8332
0.53 0.52 0.52 -0.0899999999999999 0.25 -1.91 2.1 -2.01 1.01 2.04 1.95 2 1.15 -1.93 -0.17 0.838034074580451 0.806706621972727 0.355554972407105 -0.1254 0.075 -0.9846 1.176 -1.0306 0.5806 0.9724 1.097 1.06 0.649 -1.1158 -0.0602 -0.1136 -0.07 -1.0464 1.064 -1.0504 0.6404 0.9116 0.968 1 0.576 -0.9872 -0.0668 -0.0836 -0.00999999999999995 -1.0364 1.044 -1.0804 0.5204 0.8216 0.978 0.96 0.476 -1.1772 -0.2068
0.53 0.52 0.52 -2.09 2.25 -1.91 -1.9 -1.01 0.01 -1.96 -2.05 1 -1.85 0.0700000000000001 1.83 0.969120373954573 1.15579784462979 1.38531657473135 -1.1854 1.135 -0.9846 -0.944 -0.5006 0.0506 -1.1476 -1.023 0.53 -0.941 -0.0558 0.9998 -1.1536 0.97 -1.0464 -1.016 -0.5304 0.1204 -1.1684 -1.112 0.48 -0.984 0.0528 0.9732 -1.1236 1.03 -1.0364 -1.036 -0.5604 0.000400000000000037 -1.2584 -1.102 0.44 -1.084 -0.1372 0.8332
-0.47 -0.48 -0.48 0.91 2.25 0.0900000000000001 2.1 -1.01 -1.99 -0.96 -2.05 -2 -1.85 -1.93 -1.17 0.321758972758625 0.567730205400768 0.112458271139387 -0.5054 -1.115 -0.0146 -0.924 0.5094 0.9806 0.3424 1.027 0.94 0.909 0.8142 0.5798 -0.5036 -1.28 -0.0964 -1.036 0.4796 1.0704 0.3116 0.938 0.92 0.866 0.9428 0.5832 -0.4736 -1.22 -0.0864 -1.056 0.4496 0.9504 0.2216 0.948 0.88 0.766 0.7528 0.4432
0.53 0.52 0.52 1.91 2.25 -1.91 2.1 -2.01 -1.99 -1.96 -2.05 -2 -1.85 0.0700000000000001 -1.17 0.223875287316938 0.948725627407172 1.47517105174144 0.9346 1.135 -0.9846 1.176 -1.0306 -1.0094 -1.1476 -1.023 -1.06 -0.941 -0.0558 -0.5902 0.9264 0.97 -1.0464 1.064 -1.0504 -0.9196 -1.1684 -1.112 -1.08 -0.984 0.0528 -0.5868 0.9564 1.03 -1.0364 1.044 -1.0804 -1.0396 -1.2584 -1.102 -1.12 -1.084 -0.1372 -0.7268
0.53 0.52 -0.48 1.91 -1.75 -1.91 2.1 -1.01 -1.99 2.04 0.95 2 0.15 2.07 1.83 0.870712588084079 0.793887862062812 1.2859008206188 0.9346 -0.985 -0.9846 1.176 -0.5006 -1.0094 0.9724 0.567 1.06 0.119 1.0042 0.9998 0.9264 -1.11 -1.0464 1.064 -0.5304 -0.9196 0.9116 0.448 1 0.056 1.0928 0.9732 -0.9536 0.7 0.8736 -1.056 0.4496 0.9504 -1.2184 -0.492 -1.04 -0.194 -1.1672 -0.9968
0.53 0.52 0.52 1.91 0.25 -0.91 -1.9 -0.00999999999999979 2.01 -0.96 -2.05 2 1.15 0.0700000000000001 1.83 1.07251762431553 1.85662735194602 2.21543825492161 0.9346 0.075 -0.4546 -0.944 0.0294 1.1106 -0.6176 -1.023 1.06 0.649 -0.0558 0.9998 0.9264 -0.07 -0.5264 -1.016 -0.0104 1.1604 -0.6484 -1.112 1 0.576 0.0528 0.9732 0.9564 -0.00999999999999995 -0.5164 -1.036 -0.0404 1.0404 -0.7384 -1.102 0.96 0.476 -0.1372 0.8332
0.53 0.52 -0.48 1.91 1.25 1.09 0.1 1.99 2.01 0.04 1.95 2 0.15 2.07 -1.17 1.31916182289086 1.856979259968 2.30190132239736 0.9346 0.605 0.6054 0.116 1.0894 1.1106 -0.0876 1.097 1.06 0.119 1.0042 -0.5902 0.9264 0.45 0.5136 0.024 1.0296 1.1604 -0.1284 0.968 1 0.056 1.0928 -0.5868 -0.9536 -0.74 -0.5664 -0.096 -0.9904 -0.9696 -0.2584 -0.972 -1.04 -0.194 -1.1672 0.4432
0.53 -0.48 -0.48 0.91 -1.75 -1.91 2.1 -1.01 -1.99 -1.96 0.95 -2 -1.85 2.07 0.83 1.15427783025272 1.35968423075416 2.18028246769616 0.4046 -0.985 -0.9846 1.176 -0.5006 -1.0094 -1.1476 0.567 -1.06 -0.941 1.0042 0.4698 -0.5036 0.64 0.8636 -1.036 0.4796 1.0704 0.7916 -0.502 0.92 0.866 -0.9772 -0.3768 -0.4736 0.7 0.8736 -1.056 0.4496 0.9504 0.7016 -0.492 0.88 0.766 -1.1672 -0.5168
-0.47 0.52 0.52 -2.09 0.25 2.09 -0.9 0.99 0.01 -1.96 -2.05 1 -1.85 -0.93 1.83 0.125250058714042 0.991158992387746 0.425433258657694 0.9046 -0.175 -0.9546 0.486 -0.4306 0.0406 0.8124 1.027 -0.47 0.909 0.3442 -0.8302 -1.1536 -0.07 1.0336 -0.496 0.5096 0.1204 -1.1684 -1.112 0.48 -0.984 -0.4672 0.9732 -1.1236 -0.00999999999999995 1.0436 -0.516 0.4796 0.000400000000000037 -1.2584 -1.102 0.44 -1.084 -0.6572 0.8332
-0.47 -0.48 -0.48 0.91 -1.75 2.09 1.1 -1.01 0.01 -1.96 -0.0499999999999998 2 0.15 0.0700000000000001 0.83 -0.124154341501032 0.729192978311746 0.269981279232246 -0.5054 0.765 -0.9546 -0.454 0.5094 0.0406 0.8124 0.087 -0.94 -0.031 -0.1258 -0.3602 -0.5036 0.64 -1.0564 -0.556 0.4796 0.1104 0.7916 -0.022 -1 -0.094 -0.0172 -0.3768 -0.4736 0.7 -1.0464 -0.576 0.4496 -0.00960000000000002 0.7016 -0.012 -1.04 -0.194 -0.2072 -0.5168
0.53 -0.48 -0.48 1.91 2.25 -0.91 -1.9 -2.01 1.01 2.04 -0.0499999999999998 0 1.15 -0.93 0.83 -0.441257584442653 -0.0109707823393219 -1.47689899082084 0.9346 1.135 -0.4546 -0.944 -1.0306 0.5806 0.9724 0.037 0 0.649 -0.5858 0.4698 -0.9836 -1.28 0.3836 0.884 0.9596 -0.3696 -1.1284 -0.022 -0.04 -0.574 0.4628 -0.3768 -0.9536 -1.22 0.3936 0.864 0.9296 -0.4896 -1.2184 -0.012 -0.08 -0.674 0.2728 -0.5168
-0.47 -0.48 0.52 -2.09 1.25 1.09 1.1 1.99 2.01 2.04 1.95 2 0.15 0.0700000000000001 1.83 1.44115289576372 1.31835977015802 2.69219911467154 0.9046 -0.645 -0.4846 -0.454 -0.9006 -0.8994 -1.0676 -0.853 -0.94 -0.031 -0.1258 -0.8302 0.9364 -0.8 -0.5764 -0.556 -0.9604 -0.8496 -1.1284 -0.982 -1 -0.094 -0.0172 -0.8568 -1.1236 0.51 0.5236 0.524 0.9996 1.0404 0.8216 0.978 0.96 -0.044 -0.1372 0.8332
-0.47 0.52 -0.48 -2.09 2.25 -1.91 1.1 -2.01 1.01 0.04 1.95 2 -1.85 1.07 0.83 0.286815335400009 0.627413772404474 0.417636436295623 0.9046 -1.115 0.9254 -0.454 0.9794 -0.4294 -0.1276 -0.853 -0.94 0.909 -0.5958 -0.3602 -1.1536 0.97 -1.0464 0.544 -1.0504 0.6404 -0.1284 0.968 1 -0.984 0.5728 0.4532 0.9664 -1.22 0.8736 -0.576 0.9296 -0.4896 -0.2584 -0.972 -1.04 0.766 -0.6872 -0.5168
-0.47 -0.48 -0.48 -2.09 -1.75 -1.91 2.1 1.99 2.01 -1.96 1.95 -2 -1.85 0.0700000000000001 -0.17 0.201674254730544 0.911255173323281 1.86073209930639 0.9046 0.765 0.9254 -0.924 -0.9006 -0.8994 0.8124 -0.853 0.94 0.909 -0.1258 0.1098 0.9364 0.64 0.8636 -1.036 -0.9604 -0.8496 0.7916 -0.982 0.92 0.866 -0.0172 0.1032 0.9664 0.7 0.8736 -1.056 -0.9904 -0.9696 0.7016 -0.972 0.88 0.766 -0.2072 -0.0368
0.53 0.52 0.52 1.91 2.25 -0.91 -1.9 -0.00999999999999979 -1.99 -1.96 0.95 -1 0.15 -1.93 -0.17 0.607649613986961 1.71733362872199 0.274735892346502 0.9346 1.135 -0.4546 -0.944 0.0294 -1.0094 -1.1476 0.567 -0.53 0.119 -1.1158 -0.0602 0.9264 0.97 -0.5264 -1.016 -0.0104 -0.9196 -1.1684 0.448 -0.56 0.056 -0.9872 -0.0668 0.9564 1.03 -0.5164 -1.036 -0.0404 -1.0396 -1.2584 0.458 -0.6 -0.044 -1.1772 -0.2068
0.53 -0.48 0.52 -2.09 -1.75 2.09 1.1 -0.00999999999999979 -0.99 1.04 -2.05 1 1.15 2.07 0.83 -0.21428795677562 0.617706869357509 0.292315365040694 -1.1854 -0.985 1.1354 0.646 0.0294 -0.4794 0.4424 -1.023 0.53 0.649 1.0042 0.4698 0.9364 0.64 -1.0564 -0.556 -0.000400000000000001 0.5904 -0.6484 0.938 -0.52 -0.574 -0.9772 -0.3768 -1.1236 -1.05 1.0436 0.524 -0.0404 -0.5196 0.3016 -1.102 0.44 0.476 0.9028 0.3132
-0.47 -0.48 -0.48 -2.09 2.25 2.09 1.1 -2.01 0.01 -1.96 1.95 1 0.15 -0.93 1.83 0.616051088597345 1.25652643194105 2.17152525602907 0.9046 -1.115 -0.9546 -0.454 0.9794 0.0406 0.8124 -0.853 -0.47 -0.031 0.3442 -0.8302 0.9364 -1.28 -1.0564 -0.556 0.9596 0.1104 0.7916 -0.982 -0.52 -0.094 0.4628 -0.8568 0.9664 -1.22 -1.0464 -0.576 0.9296 -0.00960000000000002 0.7016 -0.972 -0.56 -0.194 0.2728 -0.9968
