-0.48 0.55 0.43 -2.16 -0.99 -0.76 -2.25 -2 -1.84 -1.86 -2.02 -1.03 -1.9 -1 -0.95 0.24409589042435 0.354454220559888 1.61938751033703 0.9236 0.4204 0.2496 1.03 0.95 0.8064 0.8156 0.9692 0.4788 0.764 0.35 0.302 -1.286 -0.599 -0.466 -1.195 -1.02 -0.954 -1.036 -1.112 -0.633 -1.21 -0.56 -0.625 -0.9276 -0.3814 -0.3736 -0.945 -0.87 -0.8824 -0.7396 -0.9472 -0.7158 -0.964 -0.55 -0.587
0.52 -0.45 0.43 0.84 2.01 2.24 1.75 1 0.16 -1.86 0.98 -2.03 1.1 0 -0.95 -0.100714708515834 1.29785064403783 -0.342151457249767 0.3236 0.9904 1.0496 0.86 0.51 0.00639999999999998 -1.0444 0.5092 -1.0712 0.424 -0.13 -0.648 -0.476 -0.959 -1.056 -0.745 -0.37 -0.0139999999999999 0.824 -0.442 0.847 -0.66 -0.01 0.325 0.3624 0.9086 0.9164 0.775 0.42 -0.0224 -0.7396 0.3428 -1.1458 0.326 -0.12 -0.587
-0.48 -0.45 -0.57 -1.16 2.01 1.24 -1.25 -2 -1.84 -1.86 1.98 -2.03 -1.9 2 2.05 1.22078216151239 2.0172777007341 3.31968324648653 0.4436 -1.0196 -0.7104 0.55 0.95 0.8064 0.8156 -0.9508 0.9588 0.764 -1.09 -1.138 0.424 -0.959 -0.606 0.605 0.98 0.886 0.824 -0.892 0.847 0.69 -0.91 -1.025 0.6624 -1.1014 -0.7536 0.735 1.13 0.9576 1.1204 -1.2072 0.8842 0.936 -1.26 -1.347
-0.48 0.55 -0.57 1.84 0.01 -1.76 0.75 1 -1.84 -1.86 0.98 -2.03 -1.9 -2 -1.95 -1.45768780610182 -0.539446530894166 -1.11805519991866 -0.9964 -0.0596 0.7296 -0.41 -0.49 0.8064 0.8156 -0.4708 0.9588 0.764 0.83 0.782 0.914 -0.0489999999999999 -1.016 0.455 0.63 -0.954 -1.036 0.538 -1.183 -1.21 -1.11 -1.175 -1.0476 0.0386 0.9564 -0.405 -0.58 0.9576 1.1204 -0.6372 0.8842 0.936 1.02 0.933
-0.48 -0.45 -0.57 0.84 2.01 -1.76 1.75 -2 -1.84 1.14 -2.02 -1.03 2.1 -2 -0.95 1.05344927169392 -0.334011816598653 -0.5578223521163 -0.5164 -1.0196 0.7296 -0.89 0.95 0.8064 -0.6244 0.9692 0.4788 -1.156 0.83 0.302 -0.476 -0.959 0.744 -0.745 0.98 0.886 -0.526 0.908 0.397 -1.11 0.89 0.325 -0.4776 -1.1014 0.9564 -0.975 1.13 0.9576 -0.5896 1.0728 0.3142 -1.344 1.02 0.363
0.52 -0.45 0.43 -2.16 2.01 -1.76 1.75 -1 2.16 -0.86 0.98 0.97 1.1 2 0.05 0.197431647659506 0.158691094898242 0.22491690422479 -1.2364 0.9904 -1.0304 0.86 -0.53 1.0464 -0.5244 0.5092 0.4888 0.424 0.91 -0.128 0.874 -0.959 0.744 -0.745 0.53 -0.914 0.374 -0.442 -0.503 -0.66 -0.91 -0.125 -0.9276 0.9086 -0.8036 0.775 -0.44 0.8376 -0.3096 0.3428 0.1442 0.326 0.74 -0.157
-0.48 0.55 0.43 -1.16 1.01 -1.76 1.75 2 -0.84 2.14 1.98 1.97 2.1 1 0.05 1.13028256529427 0.3230078041606 -0.104195235064604 0.4436 -0.5396 0.7296 -0.89 -0.97 0.3264 -1.1044 -0.9508 -0.9612 -1.156 -0.61 -0.178 -0.736 0.501 -1.016 1.005 1.18 -0.404 1.164 1.088 1.017 0.99 0.54 -0.075 -0.4976 0.4786 -0.8036 0.775 0.85 -0.4524 0.9804 0.7728 0.5742 0.756 0.31 -0.157
-0.48 -0.45 -0.57 -1.16 2.01 -1.76 0.75 2 0.16 -1.86 -0.02 -2.03 -0.9 -1 -1.95 1.79194821043521 1.596539927821 0.291063706112789 0.4436 -1.0196 0.7296 -0.41 -0.97 -0.1536 0.8156 0.00919999999999998 0.9588 0.284 0.35 0.782 0.424 -0.959 0.744 -0.295 -0.82 -0.0139999999999999 0.824 0.00800000000000002 0.847 0.24 0.44 0.775 0.6624 -1.1014 0.9564 -0.405 -1.15 -0.1824 1.1204 -0.0672 0.8842 0.366 0.45 0.933
0.52 -0.45 -0.57 -1.16 2.01 0.24 1.75 2 2.16 -0.86 -0.02 0.97 0.1 0 1.05 1.60982311604281 2.17156780060832 0.947982714833021 -0.7164 0.9904 0.00959999999999998 0.86 1.03 1.0464 -0.5244 -0.0108 0.4888 -0.096 -0.13 0.392 0.424 -0.959 -0.156 -0.745 -0.82 -0.914 0.374 0.00800000000000002 -0.503 -0.21 -0.01 -0.575 0.6624 -1.1014 -0.1836 -0.975 -1.15 -1.3224 0.5504 -0.0672 -0.8258 -0.204 -0.12 -0.777
0.52 0.55 0.43 -1.16 1.01 -1.76 1.75 2 1.16 1.14 -2.02 0.97 1.1 2 1.05 0.888651081377184 1.81900602421797 1.95804378208602 -0.7164 0.4704 -1.0304 0.86 1.03 0.5264 0.5156 -1.0508 0.4888 0.424 0.91 0.392 -0.736 0.501 -1.016 1.005 1.18 0.696 0.614 -1.112 0.467 0.44 1.09 0.475 -0.4976 0.4786 -0.8036 0.775 0.85 0.4076 0.5504 -0.9472 0.1442 0.326 0.74 0.273
0.52 -0.45 0.43 -2.16 0.01 0.24 -2.25 -2 2.16 0.14 -0.02 -1.03 -0.9 0 -0.95 1.56675863344427 1.25825889941308 2.94532460176316 -1.2364 -0.0495999999999999 0.00959999999999998 -1.22 -1.05 1.0464 -0.00439999999999996 -0.0108 -0.5512 -0.616 -0.13 -0.648 0.874 -0.059 -0.156 1.055 0.98 -0.914 -0.076 0.00800000000000002 0.397 0.24 -0.01 0.325 -0.9276 0.0486 0.0564 -0.945 -0.87 0.8376 0.1204 -0.0872 -0.7158 -0.534 -0.12 -0.587
-0.48 -0.45 0.43 -0.16 -1.99 -1.76 0.75 2 1.16 2.14 -0.02 -0.0299999999999998 -1.9 -2 -1.95 1.322048167469 0.988284581037203 3.78081997654015 -0.0364 0.9004 0.7296 -0.41 -0.97 -0.6336 -1.1044 0.00919999999999998 -0.00119999999999998 0.764 0.83 0.782 -0.026 0.841 0.744 -0.295 -0.82 -0.464 -0.976 0.00800000000000002 -0.053 0.69 0.89 0.775 -0.0676 -0.8114 -0.8036 0.345 0.85 0.4076 0.9804 -0.0872 -0.2858 -0.964 -0.98 -1.017
0.52 0.55 0.43 1.84 2.01 2.24 1.75 0 2.16 0.14 1.98 1.97 2.1 2 2.05 1.19054601012607 0.242961888259157 0.451520758437251 0.8436 0.9904 1.0496 0.86 -0.01 1.0464 -0.00439999999999996 1.0292 1.0088 0.944 0.91 0.912 0.914 1.051 1.184 1.005 0.08 1.246 0.064 1.088 1.017 0.99 1.09 1.025 0.7924 0.9086 0.9164 0.775 -0.01 0.8376 0.1204 0.7728 0.5742 0.756 0.74 0.703
0.52 -0.45 -0.57 1.84 2.01 2.24 1.75 1 1.16 2.14 -1.02 1.97 1.1 2 1.05 1.20161239954628 0.461332918529329 2.09717449042331 0.8436 0.9904 1.0496 0.86 0.51 0.5264 1.0356 -0.5308 1.0088 0.424 0.91 0.392 -0.926 -0.959 -1.056 -0.745 -0.37 -0.464 -0.976 0.458 -0.953 -0.66 -0.91 -0.575 -1.0476 -1.1014 -1.3236 -0.975 -0.58 -0.7524 -1.1596 0.5028 -1.3958 -0.774 -1.26 -0.777
0.52 0.55 0.43 -0.16 -0.99 2.24 1.75 0 -1.84 -1.86 -1.02 1.97 -0.9 -1 -1.95 -0.643171931457223 1.07442177766309 -1.42836982364278 -0.1964 -0.5696 1.0496 0.86 -0.01 -1.0336 -1.0444 -0.5308 1.0088 -0.616 -0.65 -1.168 -0.186 -0.599 1.184 1.005 0.08 -0.954 -1.036 -0.562 1.017 -0.66 -0.56 -1.175 -0.0676 -0.3814 0.9164 0.775 -0.01 -0.8824 -0.7396 -0.5172 0.5742 -0.534 -0.55 -1.017
-0.48 -0.45 0.43 -2.16 -0.99 1.24 1.75 -2 2.16 -1.86 -1.02 1.97 0.1 -1 0.05 -0.24518350001146 1.29334621033953 1.59932027503767 0.9236 0.4204 -0.7104 -0.89 0.95 -1.1136 0.8156 0.4892 -0.9612 -0.196 0.35 -0.178 0.874 0.391 -0.606 -0.745 0.98 -0.914 0.824 0.458 -0.953 -0.21 0.44 -0.125 -0.9276 -0.3814 0.4864 0.775 -0.87 0.8376 -0.7396 -0.5172 0.5742 -0.104 -0.55 -0.157
0.52 -0.45 -0.57 -2.16 -1.99 1.24 -0.25 1 -1.84 1.14 -0.02 -2.03 -0.9 0 -0.95 1.04227325500626 0.599217102837453 0.650674804537999 -1.2364 -1.0896 0.5296 -0.18 0.51 -1.0336 0.5156 -0.0108 -1.0712 -0.616 -0.13 -0.648 0.874 0.841 -0.606 0.155 -0.37 0.886 -0.526 0.00800000000000002 0.847 0.24 -0.01 0.325 1.2324 1.1786 -0.7536 0.165 -0.58 0.9576 -0.5896 -0.0672 0.8842 0.366 -0.12 0.363
-0.48 -0.45 -0.57 1.84 1.01 0.24 -1.25 1 0.16 1.14 1.98 -2.03 1.1 0 -0.95 0.12214561985363 1.11774806968107 0.0705745617457333 -0.9964 -0.5396 -0.2304 0.55 -0.49 -0.1536 -0.6244 -0.9508 0.9588 -0.676 -0.13 0.302 -0.926 -0.509 -0.156 0.605 -0.37 -0.0139999999999999 -0.526 -0.892 0.847 -0.66 -0.01 0.325 -1.0476 -0.5314 -0.1836 0.735 -0.58 -0.1824 -0.5896 -1.2072 0.8842 -0.774 -0.12 0.363
-0.48 0.55 0.43 -2.16 -1.99 -1.76 -0.25 2 -1.84 2.14 0.98 -2.03 1.1 0 2.05 0.880895893792978 1.66033240981768 1.45958381244675 0.9236 0.9004 0.7296 0.07 -0.97 0.8064 -1.1044 -0.4708 0.9588 -0.676 -0.13 -1.138 -1.286 -1.149 -1.016 -0.095 1.18 -0.954 1.164 0.538 -1.183 0.44 -0.01 1.025 -0.9276 -0.8114 -0.8036 -0.085 0.85 -0.8824 0.9804 0.3428 -1.1458 0.326 -0.12 0.703
-0.48 -0.45 -0.57 -2.16 -0.99 -0.76 -1.25 0 -1.84 -1.86 -2.02 -1.03 -1.9 -2 0.05 1.23731719844295 0.118758651504981 2.27802154051778 0.9236 0.4204 0.2496 0.55 -0.01 0.8064 0.8156 0.9692 0.4788 0.764 0.83 -0.178 0.874 0.391 0.294 0.605 0.08 0.886 0.824 0.908 0.397 0.69 0.89 -0.125 1.2324 0.6086 0.3864 0.735 -0.01 0.9576 1.1204 1.0728 0.3142 0.936 1.02 -0.207
0.52 -0.45 -0.57 -2.16 -1.99 -1.76 0.75 -2 -0.84 2.14 1.98 1.97 0.1 2 1.05 -0.600386246823378 -0.323379827101496 0.494153020454249 -1.2364 -1.0896 -1.0304 0.34 -1.05 -0.5136 1.0356 1.0292 1.0088 -0.096 0.91 0.392 0.874 0.841 0.744 -0.295 0.98 0.436 -0.976 -0.892 -0.953 -0.21 -0.91 -0.575 1.2324 1.1786 0.9564 -0.405 1.13 0.3876 -1.1596 -1.2072 -1.3958 -0.204 -1.26 -0.777
0.52 -0.45 0.43 1.84 -0.99 -0.76 1.75 -1 2.16 2.14 1.98 -0.0299999999999998 1.1 -1 2.05 0.956039333669843 2.08404825953102 1.81400953477834 0.8436 -0.5696 -0.5104 0.86 -0.53 1.0464 1.0356 1.0292 -0.0312 0.424 -0.65 0.912 -0.926 0.391 0.294 -0.745 0.53 -0.914 -0.976 -0.892 -0.053 -0.66 0.44 -1.025 0.7924 -0.3814 -0.3736 0.775 -0.44 0.8376 0.9804 0.7728 -0.2858 0.326 -0.55 0.703
-0.48 -0.45 0.43 -1.16 -1.99 2.24 0.75 2 -0.84 -0.86 -0.02 -0.0299999999999998 -0.9 1 0.05 0.510286706657808 1.01061617560123 2.88466562179039 0.4436 0.9004 -1.1904 -0.41 -0.97 0.3264 0.3356 0.00919999999999998 -0.00119999999999998 0.284 -0.61 -0.178 0.424 0.841 -1.056 -0.295 -0.82 0.436 0.374 0.00800000000000002 -0.053 0.24 -0.46 -0.125 -0.4976 -0.8114 0.9164 0.345 0.85 -0.4524 -0.3096 -0.0872 -0.2858 -0.534 0.31 -0.157
0.52 -0.45 0.43 1.84 -1.99 0.24 -2.25 -2 -1.84 -1.86 -0.02 -2.03 -1.9 2 0.05 1.28716740283171 1.47313304569849 0.882623248256122 0.8436 -1.0896 0.00959999999999998 -1.22 -1.05 -1.0336 -1.0444 -0.0108 -1.0712 -1.136 0.91 -0.128 -0.926 0.841 -0.156 1.055 0.98 0.886 0.824 0.00800000000000002 0.847 0.69 -0.91 -0.125 0.7924 -0.8114 0.0564 -0.945 -0.87 -0.8824 -0.7396 -0.0872 -1.1458 -0.964 0.74 -0.157
-0.48 0.55 0.43 -1.16 -1.99 -1.76 -2.25 -2 -1.84 -1.86 -1.02 -2.03 2.1 -2 -0.95 0.720415979081635 0.391963357597886 1.45920708527199 0.4436 0.9004 0.7296 1.03 0.95 0.8064 0.8156 0.4892 0.9588 -1.156 0.83 0.302 -0.736 -1.149 -1.016 -1.195 -1.02 -0.954 -1.036 -0.562 -1.183 0.99 -1.11 -0.625 -0.4976 -0.8114 -0.8036 -0.945 -0.87 -0.8824 -0.7396 -0.5172 -1.1458 0.756 -0.98 -0.587
-0.48 0.55 0.43 1.84 1.01 -0.76 1.75 0 -1.84 -1.86 -0.02 1.97 2.1 -2 2.05 1.07368645500353 0.567751130098828 0.376668314611183 -0.9964 -0.5396 0.2496 -0.89 -0.01 0.8064 0.8156 0.00919999999999998 -0.9612 -1.156 0.83 -1.138 0.914 0.501 -0.466 1.005 0.08 -0.954 -1.036 -0.012 1.017 0.99 -1.11 1.025 0.7924 0.4786 -0.3736 0.775 -0.01 -0.8824 -0.7396 -0.0872 0.5742 0.756 -0.98 0.703
-0.48 -0.45 0.43 -2.16 0.01 -1.76 0.75 0 1.16 -1.86 -1.02 1.97 -0.9 -1 -0.95 0.461855518323118 1.19814075403763 -0.727797793039421 0.9236 -0.0596 0.7296 -0.41 -0.01 -0.6336 0.8156 0.4892 -0.9612 0.284 0.35 0.302 0.874 -0.059 0.744 -0.295 0.08 -0.464 0.824 0.458 -0.953 0.24 0.44 0.325 -0.9276 0.0486 -0.8036 0.345 -0.01 0.4076 -0.7396 -0.5172 0.5742 -0.534 -0.55 -0.587
0.52 -0.45 -0.57 -0.16 0.01 0.24 -0.25 -2 2.16 -1.86 -2.02 -1.03 -1.9 -1 0.05 0.412733443065956 0.423698036804086 2.6617584115532 -0.1964 -0.0495999999999999 0.00959999999999998 -0.18 -1.05 1.0464 -1.0444 -1.0508 -0.5512 -1.136 -0.65 -0.128 -0.026 -0.059 -0.156 0.155 0.98 -0.914 0.824 0.908 0.397 0.69 0.44 -0.125 0.0924 0.0386 -0.1836 0.165 1.13 -1.3224 1.1204 1.0728 0.3142 0.936 0.45 -0.207
0.52 -0.45 -0.57 0.84 -1.99 2.24 -2.25 -2 -1.84 1.14 0.98 0.97 -1.9 0 1.05 -0.997365505505611 1.07006611639475 -0.241025539133187 0.3236 -1.0896 1.0496 -1.22 -1.05 -1.0336 0.5156 0.5092 0.4888 -1.136 -0.13 0.392 -0.476 0.841 -1.056 1.055 0.98 0.886 -0.526 -0.442 -0.503 0.69 -0.01 -0.575 -0.4776 1.1786 -1.3236 1.305 1.13 0.9576 -0.5896 -0.6372 -0.8258 0.936 -0.12 -0.777
-0.48 0.55 0.43 -1.16 2.01 2.24 1.75 0 -0.84 -1.86 -0.02 -0.0299999999999998 -1.9 -1 -1.95 2.00649126967054 0.694864787752725 1.65689521277752 0.4436 -1.0196 -1.1904 -0.89 -0.01 0.3264 0.8156 0.00919999999999998 -0.00119999999999998 0.764 0.35 0.782 -0.736 1.051 1.184 1.005 0.08 -0.404 -1.036 -0.012 -0.083 -1.21 -0.56 -1.175 -0.4976 0.9086 0.9164 0.775 -0.01 -0.4524 -0.7396 -0.0872 -0.2858 -0.964 -0.55 -1.017
0.52 -0.45 0.43 -2.16 2.01 -1.76 1.75 0 -0.84 -1.86 -2.02 1.97 1.1 1 2.05 -0.708677916552237 -0.0363421962429541 0.54015705621277 -1.2364 0.9904 -1.0304 0.86 -0.01 -0.5136 -1.0444 -1.0508 1.0088 0.424 0.39 0.912 0.874 -0.959 0.744 -0.745 0.08 0.436 0.824 0.908 -0.953 -0.66 -0.46 -1.025 -0.9276 0.9086 -0.8036 0.775 -0.01 -0.4524 -0.7396 -0.9472 0.5742 0.326 0.31 0.703
0.52 -0.45 -0.57 0.84 0.01 -1.76 -0.25 1 2.16 -0.86 -2.02 -2.03 -1.9 -2 -1.95 -0.756367876826988 -0.949153670551859 0.107074088744772 0.3236 -0.0495999999999999 -1.0304 -0.18 0.51 1.0464 -0.5244 -1.0508 -1.0712 -1.136 -1.17 -1.168 -0.476 -0.059 0.744 0.155 -0.37 -0.914 0.374 0.908 0.847 0.69 0.89 0.775 -0.4776 0.0386 0.9564 0.165 -0.58 -1.3224 0.5504 1.0728 0.8842 0.936 1.02 0.933
0.52 0.55 0.43 -0.16 -1.99 1.24 -2.25 0 -1.84 0.14 1.98 1.97 -0.9 2 -0.95 0.214477603193493 -0.214891726485019 -0.947142367313669 -0.1964 -1.0896 0.5296 -1.22 -0.01 -1.0336 -0.00439999999999996 1.0292 1.0088 -0.616 0.91 -0.648 -0.186 -1.149 0.634 -1.195 0.08 -0.954 0.064 1.088 1.017 -0.66 1.09 -0.625 -0.0676 -0.8114 0.4864 -0.945 -0.01 -0.8824 0.1204 0.7728 0.5742 -0.534 0.74 -0.587
0.52 -0.45 -0.57 -2.16 2.01 -0.76 0.75 2 2.16 0.14 -0.02 -1.03 -1.9 -2 1.05 0.848143661095488 0.136501206728485 0.507691498801302 -1.2364 0.9904 -0.5104 0.34 1.03 1.0464 -0.00439999999999996 -0.0108 -0.5512 -1.136 -1.17 0.392 0.874 -0.959 0.294 -0.295 -0.82 -0.914 -0.076 0.00800000000000002 0.397 0.69 0.89 -0.575 1.2324 -1.1014 0.3864 -0.405 -1.15 -1.3224 -0.0196 -0.0672 0.3142 0.936 1.02 -0.777
0.52 0.55 0.43 -1.16 -0.99 2.24 -0.25 -2 2.16 -0.86 -0.02 0.97 2.1 2 0.05 0.627619429239553 0.357320735564593 2.56113893051213 -0.7164 -0.5696 1.0496 -0.18 -1.05 1.0464 -0.5244 -0.0108 0.4888 0.944 0.91 -0.128 -0.736 -0.599 1.184 -0.095 -1.02 1.246 -0.486 -0.012 0.467 0.99 1.09 -0.075 -0.4976 -0.3814 0.9164 -0.085 -0.87 0.8376 -0.3096 -0.0872 0.1442 0.756 0.74 -0.157
-0.48 -0.45 -0.57 0.84 2.01 -1.76 1.75 2 2.16 1.14 -2.02 1.97 -0.9 2 2.05 -0.527166103919596 1.15940047393098 0.667075373657209 -0.5164 -1.0196 0.7296 -0.89 -0.97 -1.1136 -0.6244 0.9692 -0.9612 0.284 -1.09 -1.138 -0.476 -0.959 0.744 -0.745 -0.82 -0.914 -0.526 0.908 -0.953 0.24 -0.91 -1.025 -0.4776 -1.1014 0.9564 -0.975 -1.15 -1.3224 -0.5896 1.0728 -1.3958 0.366 -1.26 -1.347
-0.48 0.55 -0.57 0.84 2.01 1.24 1.75 -2 -1.84 2.14 1.98 -2.03 -0.9 1 -0.95 0.275670724682096 2.29820132762754 2.07235656255686 -0.5164 -1.0196 -0.7104 -0.89 0.95 0.8064 -1.1044 -0.9508 0.9588 0.284 -0.61 0.302 0.364 1.051 0.634 1.005 -1.02 -0.954 1.164 1.088 -1.183 -0.66 0.54 -0.625 -0.4776 -1.1014 -0.7536 -0.975 1.13 0.9576 -1.1596 -1.2072 0.8842 0.366 -0.69 0.363
0.52 -0.45 0.43 -1.16 -1.99 1.24 1.75 2 -0.84 1.14 1.98 -2.03 -0.9 1 -0.95 0.472051912709075 2.3937717740031 2.32305950278754 -0.7164 -1.0896 0.5296 0.86 1.03 -0.5136 0.5156 1.0292 -1.0712 -0.616 0.39 -0.648 0.424 0.841 -0.606 -0.745 -0.82 0.436 -0.526 -0.892 0.847 0.24 -0.46 0.325 -0.4976 -0.8114 0.4864 0.775 0.85 -0.4524 0.5504 0.7728 -1.1458 -0.534 0.31 -0.587
0.52 0.55 0.43 1.84 2.01 0.24 1.75 2 -1.84 1.14 -0.02 -0.0299999999999998 -0.9 2 2.05 -0.144002602504608 -0.702896314594995 0.42409291925893 0.8436 0.9904 0.00959999999999998 0.86 1.03 -1.0336 0.5156 -0.0108 -0.0312 -0.616 0.91 0.912 0.914 1.051 0.084 1.005 1.18 -0.954 0.614 -0.012 -0.083 -0.66 1.09 1.025 0.7924 0.9086 0.0564 0.775 0.85 -0.8824 0.5504 -0.0872 -0.2858 -0.534 0.74 0.703
0.52 -0.45 0.43 1.84 0.01 -1.76 -2.25 1 1.16 0.14 -1.02 -1.03 -1.9 0 2.05 0.661617748778254 1.16460030093928 2.58474511773921 0.8436 -0.0495999999999999 -1.0304 -1.22 0.51 0.5264 -0.00439999999999996 -0.5308 -0.5512 -1.136 -0.13 0.912 -0.926 -0.059 0.744 1.055 -0.37 -0.464 -0.076 0.458 0.397 0.69 -0.01 -1.025 0.7924 0.0486 -0.8036 -0.945 0.42 0.4076 0.1204 -0.5172 -0.7158 -0.964 -0.12 0.703
-0.48 -0.45 -0.57 -2.16 2.01 -1.76 -0.25 -2 2.16 0.14 -0.02 0.97 1.1 2 0.05 0.259822281243699 0.875893395216909 1.19317636130782 0.9236 -1.0196 0.7296 0.07 0.95 -1.1136 -0.1444 0.00919999999999998 -0.4812 -0.676 -1.09 -0.178 0.874 -0.959 0.744 0.155 0.98 -0.914 -0.076 0.00800000000000002 -0.503 -0.66 -0.91 -0.125 1.2324 -1.1014 0.9564 0.165 1.13 -1.3224 -0.0196 -0.0672 -0.8258 -0.774 -1.26 -0.207
0.52 -0.45 -0.57 -0.16 -1.99 0.24 1.75 2 -1.84 1.14 1.98 -2.03 -0.9 0 2.05 0.248465543639822 1.10400786971927 2.07430518249956 -0.1964 -1.0896 0.00959999999999998 0.86 1.03 -1.0336 0.5156 1.0292 -1.0712 -0.616 -0.13 0.912 -0.026 0.841 -0.156 -0.745 -0.82 0.886 -0.526 -0.892 0.847 0.24 -0.01 -1.025 0.0924 1.1786 -0.1836 -0.975 -1.15 0.9576 -0.5896 -1.2072 0.8842 0.366 -0.12 -1.347
0.52 0.55 -0.57 1.84 1.01 2.24 -2.25 -2 -1.84 -0.86 -1.02 -1.03 2.1 0 -0.95 1.98452071111437 0.8449827899673 0.797397561010959 0.8436 0.4704 1.0496 -1.22 -1.05 -1.0336 -0.5244 -0.5308 -0.5512 0.944 -0.13 -0.648 0.914 0.501 1.184 -1.195 -1.02 -0.954 -0.486 -0.562 -0.633 0.99 -0.01 -0.625 -1.0476 -0.5314 -1.3236 1.305 1.13 0.9576 0.5504 0.5028 0.3142 -1.344 -0.12 0.363
-0.48 0.55 0.43 1.84 0.01 -1.76 -2.25 -2 2.16 -1.86 -1.02 -0.0299999999999998 2.1 1 0.05 0.14093424262776 0.417750770819576 0.460050683098785 -0.9964 -0.0596 0.7296 1.03 0.95 -1.1136 0.8156 0.4892 -0.00119999999999998 -1.156 -0.61 -0.178 0.914 -0.0489999999999999 -1.016 -1.195 -1.02 1.246 -1.036 -0.562 -0.083 0.99 0.54 -0.075 0.7924 0.0486 -0.8036 -0.945 -0.87 0.8376 -0.7396 -0.5172 -0.2858 0.756 0.31 -0.157
-0.48 -0.45 -0.57 -2.16 0.01 -1.76 1.75 0 -0.84 -1.86 -2.02 -1.03 0.1 1 -1.95 0.68060030633105 0.228140234009956 -0.29833599077936 0.9236 -0.0596 0.7296 -0.89 -0.01 0.3264 0.8156 0.9692 0.4788 -0.196 -0.61 0.782 0.874 -0.059 0.744 -0.745 0.08 0.436 0.824 0.908 0.397 -0.21 -0.46 0.775 1.2324 0.0386 0.9564 -0.975 -0.01 0.3876 1.1204 1.0728 0.3142 -0.204 -0.69 0.933
-0.48 -0.45 0.43 -0.16 -0.99 -1.76 -2.25 0 -1.84 -1.86 0.98 0.97 -0.9 -1 -1.95 -0.246619508302625 0.339799514664984 -0.123197163781479 -0.0364 0.4204 0.7296 1.03 -0.01 0.8064 0.8156 -0.4708 -0.4812 0.284 0.35 0.782 -0.026 0.391 0.744 1.055 0.08 0.886 0.824 -0.442 -0.503 0.24 0.44 0.775 -0.0676 -0.3814 -0.8036 -0.945 -0.01 -0.8824 -0.7396 0.3428 0.1442 -0.534 -0.55 -1.017
0.52 0.55 0.43 0.84 -0.99 -1.76 -1.25 2 0.16 2.14 0.98 -0.0299999999999998 2.1 1 2.05 1.12113743999795 2.09902209144209 2.23801217495574 0.3236 -0.5696 -1.0304 -0.7 1.03 0.00639999999999998 1.0356 0.5092 -0.0312 0.944 0.39 0.912 0.364 -0.599 -1.016 -0.645 1.18 0.146 1.164 0.538 -0.083 0.99 0.54 1.025 0.3624 -0.3814 -0.8036 -0.515 0.85 -0.0224 0.9804 0.3428 -0.2858 0.756 0.31 0.703
-0.48 0.55 0.43 1.84 -1.99 -0.76 -2.25 -2 -1.84 -1.86 -0.02 -2.03 -1.9 -2 -1.95 -0.913239177654003 -1.43010987502976 -1.30690805622468 -0.9964 0.9004 0.2496 1.03 0.95 0.8064 0.8156 0.00919999999999998 0.9588 0.764 0.83 0.782 0.914 -1.149 -0.466 -1.195 -1.02 -0.954 -1.036 -0.012 -1.183 -1.21 -1.11 -1.175 0.7924 -0.8114 -0.3736 -0.945 -0.87 -0.8824 -0.7396 -0.0872 -1.1458 -0.964 -0.98 -1.017
-0.48 -0.45 -0.57 -2.16 -1.99 -1.76 -2.25 2 -1.84 2.14 -0.02 -0.0299999999999998 -1.9 1 1.05 0.159837541778298 -0.105415909206333 0.150384537232025 0.9236 0.9004 0.7296 1.03 -0.97 0.8064 -1.1044 0.00919999999999998 -0.00119999999999998 0.764 -0.61 -0.658 0.874 0.841 0.744 1.055 -0.82 0.886 -0.976 0.00800000000000002 -0.053 0.69 -0.46 -0.575 1.2324 1.1786 0.9564 1.305 -1.15 0.9576 -1.1596 -0.0672 -0.2558 0.936 -0.69 -0.777
-0.48 -0.45 -0.57 1.84 -1.99 -1.76 -1.25 -1 2.16 2.14 1.98 -2.03 0.1 1 0.05 1.31266498892463 -0.0996501342158052 1.80362460192391 -0.9964 0.9004 0.7296 0.55 0.47 -1.1136 -1.1044 -0.9508 0.9588 -0.196 -0.61 -0.178 -0.926 0.841 0.744 0.605 0.53 -0.914 -0.976 -0.892 0.847 -0.21 -0.46 -0.125 -1.0476 1.1786 0.9564 0.735 0.56 -1.3224 -1.1596 -1.2072 0.8842 -0.204 -0.69 -0.207
-0.48 0.55 -0.57 -1.16 -1.99 1.24 1.75 -1 -1.84 -1.86 1.98 -0.0299999999999998 -1.9 -1 -1.95 0.798175086123753 0.462126747825819 1.00975556000746 0.4436 0.9004 -0.7104 -0.89 0.47 0.8064 0.8156 -0.9508 -0.00119999999999998 0.764 0.35 0.782 -0.736 -1.149 0.634 1.005 -0.47 -0.954 -1.036 1.088 -0.083 -1.21 -0.56 -1.175 0.6624 1.1786 -0.7536 -0.975 0.56 0.9576 1.1204 -1.2072 -0.2558 0.936 0.45 0.933
0.52 0.55 0.43 0.84 -1.99 -0.76 1.75 2 1.16 0.14 -2.02 -2.03 1.1 -2 1.05 1.04138090865301 0.518875625775343 0.651521110847896 0.3236 -1.0896 -0.5104 0.86 1.03 0.5264 -0.00439999999999996 -1.0508 -1.0712 0.424 -1.17 0.392 0.364 -1.149 -0.466 1.005 1.18 0.696 0.064 -1.112 -1.183 0.44 -1.11 0.475 0.3624 -0.8114 -0.3736 0.775 0.85 0.4076 0.1204 -0.9472 -1.1458 0.326 -0.98 0.273
0.52 -0.45 0.43 0.84 2.01 -0.76 -0.25 -2 -1.84 -1.86 -0.02 -2.03 2.1 -1 -0.95 0.352806751160188 1.52283779924262 2.02548034342918 0.3236 0.9904 -0.5104 -0.18 -1.05 -1.0336 -1.0444 -0.0108 -1.0712 0.944 -0.65 -0.648 -0.476 -0.959 0.294 0.155 0.98 0.886 0.824 0.00800000000000002 0.847 -1.11 0.44 0.325 0.3624 0.9086 -0.3736 -0.085 -0.87 -0.8824 -0.7396 -0.0872 -1.1458 0.756 -0.55 -0.587
-0.48 -0.45 0.43 -0.16 2.01 0.24 1.75 2 1.16 -1.86 1.98 1.97 -0.9 1 2.05 1.06260024938096 0.521699251626018 0.451589849097885 -0.0364 -1.0196 -0.2304 -0.89 -0.97 -0.6336 0.8156 -0.9508 -0.9612 0.284 -0.61 -1.138 -0.026 -0.959 -0.156 -0.745 -0.82 -0.464 0.824 -0.892 -0.953 0.24 -0.46 -1.025 -0.0676 0.9086 0.0564 0.775 0.85 0.4076 -0.7396 0.7728 0.5742 -0.534 0.31 0.703
0.52 0.55 0.43 1.84 -1.99 1.24 -0.25 2 -1.84 -1.86 -0.02 -0.0299999999999998 -1.9 1 0.05 0.755302833710672 0.260078305232505 2.23600336532175 0.8436 -1.0896 0.5296 -0.18 1.03 -1.0336 -1.0444 -0.0108 -0.0312 -1.136 0.39 -0.128 0.914 -1.149 0.634 -0.095 1.18 -0.954 -1.036 -0.012 -0.083 -1.21 0.54 -0.075 0.7924 -0.8114 0.4864 -0.085 0.85 -0.8824 -0.7396 -0.0872 -0.2858 -0.964 0.31 -0.157
0.52 0.55 -0.57 1.84 2.01 -1.76 1.75 2 2.16 2.14 0.98 -2.03 1.1 0 2.05 0.846111375935759 1.29539510705423 1.43961369826429 0.8436 0.9904 -1.0304 0.86 1.03 1.0464 1.0356 0.5092 -1.0712 0.424 -0.13 0.912 0.914 1.051 -1.016 1.005 1.18 1.246 1.164 0.538 -1.183 0.44 -0.01 1.025 -1.0476 -1.1014 0.9564 -0.975 -1.15 -1.3224 -1.1596 -0.6372 0.8842 -0.774 -0.12 -1.347
0.52 -0.45 -0.57 1.84 -1.99 -1.76 1.75 -2 -0.84 0.14 -2.02 -2.03 0.1 -1 -1.95 0.265461311907153 0.954878050409658 0.305942624811661 0.8436 -1.0896 -1.0304 0.86 -1.05 -0.5136 -0.00439999999999996 -1.0508 -1.0712 -0.096 -0.65 -1.168 -0.926 0.841 0.744 -0.745 0.98 0.436 -0.076 0.908 0.847 -0.21 0.44 0.775 -1.0476 1.1786 0.9564 -0.975 1.13 0.3876 -0.0196 1.0728 0.8842 -0.204 0.45 0.933
-0.48 0.55 0.43 -1.16 2.01 2.24 -2.25 0 1.16 2.14 -0.02 -0.0299999999999998 -1.9 -1 0.05 0.0764533456522239 1.64954362375854 1.98527770023844 0.4436 -1.0196 -1.1904 1.03 -0.01 -0.6336 -1.1044 0.00919999999999998 -0.00119999999999998 0.764 0.35 -0.178 -0.736 1.051 1.184 -1.195 0.08 0.696 1.164 -0.012 -0.083 -1.21 -0.56 -0.075 -0.4976 0.9086 0.9164 -0.945 -0.01 0.4076 0.9804 -0.0872 -0.2858 -0.964 -0.55 -0.157
0.52 0.55 0.43 1.84 2.01 1.24 -1.25 -2 1.16 1.14 0.98 -0.0299999999999998 2.1 -2 2.05 0.774054799689434 0.535317856781827 0.189675592523495 0.8436 0.9904 0.5296 -0.7 -1.05 0.5264 0.5156 0.5092 -0.0312 0.944 -1.17 0.912 0.914 1.051 0.634 -0.645 -1.02 0.696 0.614 0.538 -0.083 0.99 -1.11 1.025 0.7924 0.9086 0.4864 -0.515 -0.87 0.4076 0.5504 0.3428 -0.2858 0.756 -0.98 0.703
0.52 0.55 0.43 -2.16 2.01 2.24 -2.25 -1 1.16 2.14 1.98 -1.03 2.1 -2 2.05 1.56975913483659 1.88837893772286 1.91405387778353 -1.2364 0.9904 1.0496 -1.22 -0.53 0.5264 1.0356 1.0292 -0.5512 0.944 -1.17 0.912 -1.286 1.051 1.184 -1.195 -0.47 0.696 1.164 1.088 -0.633 0.99 -1.11 1.025 -0.9276 0.9086 0.9164 -0.945 -0.44 0.4076 0.9804 0.7728 -0.7158 0.756 -0.98 0.703
0.52 -0.45 -0.57 -2.16 -1.99 0.24 -0.25 1 1.16 -1.86 -1.02 0.97 0.1 0 -0.95 1.86483204884267 2.67090081375144 2.88397505617406 -1.2364 -1.0896 0.00959999999999998 -0.18 0.51 0.5264 -1.0444 -0.5308 0.4888 -0.096 -0.13 -0.648 0.874 0.841 -0.156 0.155 -0.37 -0.464 0.824 0.458 -0.503 -0.21 -0.01 0.325 1.2324 1.1786 -0.1836 0.165 -0.58 -0.7524 1.1204 0.5028 -0.8258 -0.204 -0.12 0.363
0.52 0.55 -0.57 1.84 2.01 -1.76 -2.25 1 -1.84 -0.86 -0.02 -0.0299999999999998 -0.9 -2 0.05 1.17857233857259 1.96279673171287 2.3507895398234 0.8436 0.9904 -1.0304 -1.22 0.51 -1.0336 -0.5244 -0.0108 -0.0312 -0.616 -1.17 -0.128 0.914 1.051 -1.016 -1.195 0.63 -0.954 -0.486 -0.012 -0.083 -0.66 -1.11 -0.075 -1.0476 -1.1014 0.9564 1.305 -0.58 0.9576 0.5504 -0.0672 -0.2558 0.366 1.02 -0.207
-0.48 -0.45 -0.57 -2.16 -0.99 0.24 1.75 2 1.16 2.14 1.98 -1.03 1.1 -1 0.05 -0.321851348094952 0.274814498816998 0.241108327533364 0.9236 0.4204 -0.2304 -0.89 -0.97 -0.6336 -1.1044 -0.9508 0.4788 -0.676 0.35 -0.178 0.874 0.391 -0.156 -0.745 -0.82 -0.464 -0.976 -0.892 0.397 -0.66 0.44 -0.125 1.2324 0.6086 -0.1836 -0.975 -1.15 -0.7524 -1.1596 -1.2072 0.3142 -0.774 0.45 -0.207
0.52 -0.45 -0.57 1.84 -1.99 2.24 -1.25 2 -0.84 2.14 -2.02 -0.0299999999999998 1.1 2 -0.95 0.610313550658761 0.33402933860552 -0.00856299678765571 0.8436 -1.0896 1.0496 -0.7 1.03 -0.5136 1.0356 -1.0508 -0.0312 0.424 0.91 -0.648 -0.926 0.841 -1.056 0.605 -0.82 0.436 -0.976 0.908 -0.053 -0.66 -0.91 0.325 -1.0476 1.1786 -1.3236 0.735 -1.15 0.3876 -1.1596 1.0728 -0.2558 -0.774 -1.26 0.363
0.52 0.55 0.43 1.84 2.01 -1.76 0.75 2 1.16 2.14 1.98 1.97 2.1 2 2.05 0.977185743658658 2.44836302228776 3.64097936210462 0.8436 0.9904 -1.0304 0.34 1.03 0.5264 1.0356 1.0292 1.0088 0.944 0.91 0.912 0.914 1.051 -1.016 0.455 1.18 0.696 1.164 1.088 1.017 0.99 1.09 1.025 0.7924 0.9086 -0.8036 0.345 0.85 0.4076 0.9804 0.7728 0.5742 0.756 0.74 0.703
-0.48 -0.45 -0.57 -2.16 2.01 1.24 0.75 0 1.16 -1.86 -0.02 0.97 0.1 -1 -0.95 -0.689511264401842 0.164349644372732 2.75413875050089 0.9236 -1.0196 -0.7104 -0.41 -0.01 -0.6336 0.8156 0.00919999999999998 -0.4812 -0.196 0.35 0.302 0.874 -0.959 -0.606 -0.295 0.08 -0.464 0.824 0.00800000000000002 -0.503 -0.21 0.44 0.325 1.2324 -1.1014 -0.7536 -0.405 -0.01 -0.7524 1.1204 -0.0672 -0.8258 -0.204 0.45 0.363
0.52 0.55 0.43 -2.16 -1.99 2.24 -0.25 1 -1.84 2.14 0.98 1.97 1.1 -1 2.05 1.16234367176256 2.46269654094521 3.08408310276134 -1.2364 -1.0896 1.0496 -0.18 0.51 -1.0336 1.0356 0.5092 1.0088 0.424 -0.65 0.912 -1.286 -1.149 1.184 -0.095 0.63 -0.954 1.164 0.538 1.017 0.44 -0.56 1.025 -0.9276 -0.8114 0.9164 -0.085 0.42 -0.8824 0.9804 0.3428 0.5742 0.326 -0.55 0.703
-0.48 0.55 0.43 1.84 1.01 2.24 -1.25 0 1.16 -1.86 -1.02 1.97 0.1 2 1.05 0.377402138841126 0.936629518577902 1.12449169294456 -0.9964 -0.5396 -1.1904 0.55 -0.01 -0.6336 0.8156 0.4892 -0.9612 -0.196 -1.09 -0.658 0.914 0.501 1.184 -0.645 0.08 0.696 -1.036 -0.562 1.017 -0.11 1.09 0.475 0.7924 0.4786 0.9164 -0.515 -0.01 0.4076 -0.7396 -0.5172 0.5742 -0.104 0.74 0.273
0.52 -0.45 -0.57 -1.16 2.01 -1.76 1.75 1 -1.84 1.14 1.98 -1.03 0.1 0 0.05 0.382779278108521 0.356310723155187 1.17429817979741 -0.7164 0.9904 -1.0304 0.86 0.51 -1.0336 0.5156 1.0292 -0.5512 -0.096 -0.13 -0.128 0.424 -0.959 0.744 -0.745 -0.37 0.886 -0.526 -0.892 0.397 -0.21 -0.01 -0.125 0.6624 -1.1014 0.9564 -0.975 -0.58 0.9576 -0.5896 -1.2072 0.3142 -0.204 -0.12 -0.207
-0.48 0.55 0.43 -2.16 -1.99 0.24 -2.25 0 -0.84 1.14 -1.02 -1.03 -1.9 -1 -0.95 1.95643664047066 2.11551941611072 3.60704764530694 0.9236 0.9004 -0.2304 1.03 -0.01 0.3264 -0.6244 0.4892 0.4788 0.764 0.35 0.302 -1.286 -1.149 0.084 -1.195 0.08 -0.404 0.614 -0.562 -0.633 -1.21 -0.56 -0.625 -0.9276 -0.8114 0.0564 -0.945 -0.01 -0.4524 0.5504 -0.5172 -0.7158 -0.964 -0.55 -0.587
0.52 0.55 0.43 0.84 -1.99 -0.76 1.75 -2 2.16 -1.86 0.98 1.97 2.1 1 -0.95 0.433807898960362 0.0166941659377597 0.226522427884343 0.3236 -1.0896 -0.5104 0.86 -1.05 1.0464 -1.0444 0.5092 1.0088 0.944 0.39 -0.648 0.364 -1.149 -0.466 1.005 -1.02 1.246 -1.036 0.538 1.017 0.99 0.54 -0.625 0.3624 -0.8114 -0.3736 0.775 -0.87 0.8376 -0.7396 0.3428 0.5742 0.756 0.31 -0.587
-0.48 -0.45 -0.57 -1.16 0.01 2.24 -2.25 1 0.16 -1.86 -2.02 -2.03 2.1 -2 0.05 -0.79310488069029 -1.06741638672825 -0.810685320515201 0.4436 -0.0596 -1.1904 1.03 -0.49 -0.1536 0.8156 0.9692 0.9588 -1.156 0.83 -0.178 0.424 -0.059 -1.056 1.055 -0.37 -0.0139999999999999 0.824 0.908 0.847 -1.11 0.89 -0.125 0.6624 0.0386 -1.3236 1.305 -0.58 -0.1824 1.1204 1.0728 0.8842 -1.344 1.02 -0.207
0.52 0.55 0.43 1.84 2.01 -1.76 1.75 1 0.16 1.14 0.98 0.97 2.1 2 2.05 1.40116146265108 1.73568782851435 0.70587980149821 0.8436 0.9904 -1.0304 0.86 0.51 0.00639999999999998 0.5156 0.5092 0.4888 0.944 0.91 0.912 0.914 1.051 -1.016 1.005 0.63 0.146 0.614 0.538 0.467 0.99 1.09 1.025 0.7924 0.9086 -0.8036 0.775 0.42 -0.0224 0.5504 0.3428 0.1442 0.756 0.74 0.703
-0.48 -0.45 0.43 1.84 2.01 -0.76 0.75 1 2.16 -1.86 1.98 1.97 2.1 2 2.05 1.00227448050342 0.514510557835263 1.99138510002327 -0.9964 -1.0196 0.2496 -0.41 -0.49 -1.1136 0.8156 -0.9508 -0.9612 -1.156 -1.09 -1.138 -0.926 -0.959 0.294 -0.295 -0.37 -0.914 0.824 -0.892 -0.953 -1.11 -0.91 -1.025 0.7924 0.9086 -0.3736 0.345 0.42 0.8376 -0.7396 0.7728 0.5742 0.756 0.74 0.703
0.52 0.55 0.43 -2.16 -1.99 1.24 -2.25 -2 1.16 -1.86 -2.02 0.97 0.1 -2 -1.95 1.13252358663451 2.35972059324323 2.66835657919084 -1.2364 -1.0896 0.5296 -1.22 -1.05 0.5264 -1.0444 -1.0508 0.4888 -0.096 -1.17 -1.168 -1.286 -1.149 0.634 -1.195 -1.02 0.696 -1.036 -1.112 0.467 -0.11 -1.11 -1.175 -0.9276 -0.8114 0.4864 -0.945 -0.87 0.4076 -0.7396 -0.9472 0.1442 -0.104 -0.98 -1.017
-0.48 -0.45 -0.57 -2.16 -0.99 -1.76 -1.25 1 -1.84 -1.86 -2.02 -1.03 -1.9 -2 -1.95 -0.0430354856411815 0.746147384088618 -0.540908256864075 0.9236 0.4204 0.7296 0.55 -0.49 0.8064 0.8156 0.9692 0.4788 0.764 0.83 0.782 0.874 0.391 0.744 0.605 -0.37 0.886 0.824 0.908 0.397 0.69 0.89 0.775 1.2324 0.6086 0.9564 0.735 -0.58 0.9576 1.1204 1.0728 0.3142 0.936 1.02 0.933
-0.48 -0.45 -0.57 1.84 -0.99 1.24 1.75 0 2.16 2.14 1.98 1.97 -0.9 1 0.05 2.06932790198741 1.54856704578148 3.46115197932478 -0.9964 0.4204 -0.7104 -0.89 -0.01 -1.1136 -1.1044 -0.9508 -0.9612 0.284 -0.61 -0.178 -0.926 0.391 -0.606 -0.745 0.08 -0.914 -0.976 -0.892 -0.953 0.24 -0.46 -0.125 -1.0476 0.6086 -0.7536 -0.975 -0.01 -1.3224 -1.1596 -1.2072 -1.3958 0.366 -0.69 -0.207
0.52 -0.45 0.43 0.84 2.01 2.24 -2.25 -2 -1.84 -1.86 -0.02 -0.0299999999999998 -1.9 0 -0.95 0.668665322827421 0.670349256909469 2.09352635675686 0.3236 0.9904 1.0496 -1.22 -1.05 -1.0336 -1.0444 -0.0108 -0.0312 -1.136 -0.13 -0.648 -0.476 -0.959 -1.056 1.055 0.98 0.886 0.824 0.00800000000000002 -0.053 0.69 -0.01 0.325 0.3624 0.9086 0.9164 -0.945 -0.87 -0.8824 -0.7396 -0.0872 -0.2858 -0.964 -0.12 -0.587
-0.48 -0.45 -0.57 -0.16 2.01 -0.76 -1.25 2 -1.84 2.14 -0.02 -0.0299999999999998 2.1 -2 -0.95 -0.633531583488604 -0.100020628932736 0.0542293737944903 -0.0364 -1.0196 0.2496 0.55 -0.97 0.8064 -1.1044 0.00919999999999998 -0.00119999999999998 -1.156 0.83 0.302 -0.026 -0.959 0.294 0.605 -0.82 0.886 -0.976 0.00800000000000002 -0.053 -1.11 0.89 0.325 0.0924 -1.1014 0.3864 0.735 -1.15 0.9576 -1.1596 -0.0672 -0.2558 -1.344 1.02 0.363
-0.48 0.55 -0.57 1.84 2.01 -1.76 1.75 -1 -1.84 0.14 -2.02 -2.03 -1.9 -2 -0.95 -0.207365910454738 0.852480363184294 1.08997774814682 -0.9964 -1.0196 0.7296 -0.89 0.47 0.8064 -0.1444 0.9692 0.9588 0.764 0.83 0.302 0.914 1.051 -1.016 1.005 -0.47 -0.954 0.064 -1.112 -1.183 -1.21 -1.11 -0.625 -1.0476 -1.1014 0.9564 -0.975 0.56 0.9576 -0.0196 1.0728 0.8842 0.936 1.02 0.363
-0.48 0.55 0.43 -2.16 2.01 0.24 -1.25 2 2.16 1.14 0.98 1.97 2.1 1 2.05 1.79776132992045 2.45353465476452 3.87961746389883 0.9236 -1.0196 -0.2304 0.55 -0.97 -1.1136 -0.6244 -0.4708 -0.9612 -1.156 -0.61 -1.138 -1.286 1.051 0.084 -0.645 1.18 1.246 0.614 0.538 1.017 0.99 0.54 1.025 -0.9276 0.9086 0.0564 -0.515 0.85 0.8376 0.5504 0.3428 0.5742 0.756 0.31 0.703
0.52 0.55 0.43 1.84 2.01 1.24 -0.25 2 1.16 2.14 -2.02 0.97 1.1 2 -0.95 0.125292190567389 0.764433423977936 0.503772507540259 0.8436 0.9904 0.5296 -0.18 1.03 0.5264 1.0356 -1.0508 0.4888 0.424 0.91 -0.648 0.914 1.051 0.634 -0.095 1.18 0.696 1.164 -1.112 0.467 0.44 1.09 -0.625 0.7924 0.9086 0.4864 -0.085 0.85 0.4076 0.9804 -0.9472 0.1442 0.326 0.74 -0.587
-0.48 0.55 -0.57 -0.16 -1.99 -0.76 -2.25 -1 -0.84 1.14 0.98 -1.03 2.1 -1 2.05 0.459658603048801 1.5287642296085 1.42089922240432 -0.0364 0.9004 0.2496 1.03 0.47 0.3264 -0.6244 -0.4708 0.4788 -1.156 0.35 -1.138 -0.186 -1.149 -0.466 -1.195 -0.47 -0.404 0.614 0.538 -0.633 0.99 -0.56 1.025 0.0924 1.1786 0.3864 1.305 0.56 0.3876 -0.5896 -0.6372 0.3142 -1.344 0.45 -1.347
-0.48 -0.45 0.43 1.84 2.01 0.24 -0.25 0 2.16 -1.86 0.98 1.97 0.1 1 0.05 0.855963832537682 1.19406614543909 0.634369168851858 -0.9964 -1.0196 -0.2304 0.07 -0.01 -1.1136 0.8156 -0.4708 -0.9612 -0.196 -0.61 -0.178 -0.926 -0.959 -0.156 0.155 0.08 -0.914 0.824 -0.442 -0.953 -0.21 -0.46 -0.125 0.7924 0.9086 0.0564 -0.085 -0.01 0.8376 -0.7396 0.3428 0.5742 -0.104 0.31 -0.157
0.52 0.55 -0.57 1.84 2.01 2.24 -1.25 -2 1.16 -1.86 -2.02 -2.03 1.1 0 -1.95 0.594619632940493 0.583840075150169 1.02295468112307 0.8436 0.9904 1.0496 -0.7 -1.05 0.5264 -1.0444 -1.0508 -1.0712 0.424 -0.13 -1.168 0.914 1.051 1.184 -0.645 -1.02 0.696 -1.036 -1.112 -1.183 0.44 -0.01 -1.175 -1.0476 -1.1014 -1.3236 0.735 1.13 -0.7524 1.1204 1.0728 0.8842 -0.774 -0.12 0.933
-0.48 0.55 0.43 0.84 -1.99 -1.76 0.75 0 0.16 0.14 -0.02 -0.0299999999999998 1.1 2 1.05 0.469211150312341 0.985572887194045 1.02467962655071 -0.5164 0.9004 0.7296 -0.41 -0.01 -0.1536 -0.1444 0.00919999999999998 -0.00119999999999998 -0.676 -1.09 -0.658 0.364 -1.149 -1.016 0.455 0.08 0.146 0.064 -0.012 -0.083 0.44 1.09 0.475 0.3624 -0.8114 -0.8036 0.345 -0.01 -0.0224 0.1204 -0.0872 -0.2858 0.326 0.74 0.273
0.52 0.55 0.43 -1.16 2.01 -0.76 -0.25 -2 1.16 0.14 -2.02 1.97 1.1 1 2.05 1.08714007408188 -0.321873016284739 -0.0743757692211355 -0.7164 0.9904 -0.5104 -0.18 -1.05 0.5264 -0.00439999999999996 -1.0508 1.0088 0.424 0.39 0.912 -0.736 1.051 -0.466 -0.095 -1.02 0.696 0.064 -1.112 1.017 0.44 0.54 1.025 -0.4976 0.9086 -0.3736 -0.085 -0.87 0.4076 0.1204 -0.9472 0.5742 0.326 0.31 0.703
-0.48 -0.45 0.43 -2.16 -1.99 1.24 -2.25 0 -1.84 2.14 0.98 -2.03 -0.9 -2 -1.95 0.913123426229414 0.713783306562563 1.131586247447 0.9236 0.9004 -0.7104 1.03 -0.01 0.8064 -1.1044 -0.4708 0.9588 0.284 0.83 0.782 0.874 0.841 -0.606 1.055 0.08 0.886 -0.976 -0.442 0.847 0.24 0.89 0.775 -0.9276 -0.8114 0.4864 -0.945 -0.01 -0.8824 0.9804 0.3428 -1.1458 -0.534 -0.98 -1.017
-0.48 -0.45 0.43 -0.16 -1.99 -1.76 1.75 2 2.16 2.14 -1.02 1.97 0.1 0 0.05 0.186955290741223 0.327671059656287 1.27556155716382 -0.0364 0.9004 0.7296 -0.89 -0.97 -1.1136 -1.1044 0.4892 -0.9612 -0.196 -0.13 -0.178 -0.026 0.841 0.744 -0.745 -0.82 -0.914 -0.976 0.458 -0.953 -0.21 -0.01 -0.125 -0.0676 -0.8114 -0.8036 0.775 0.85 0.8376 0.9804 -0.5172 0.5742 -0.104 -0.12 -0.157
-0.48 -0.45 -0.57 1.84 0.01 1.24 -2.25 -2 -0.84 -0.86 0.98 -0.0299999999999998 -1.9 1 -1.95 1.09558716703683 1.10962475194313 2.08278547670174 -0.9964 -0.0596 -0.7104 1.03 0.95 0.3264 0.3356 -0.4708 -0.00119999999999998 0.764 -0.61 0.782 -0.926 -0.059 -0.606 1.055 0.98 0.436 0.374 -0.442 -0.053 0.69 -0.46 0.775 -1.0476 0.0386 -0.7536 1.305 1.13 0.3876 0.5504 -0.6372 -0.2558 0.936 -0.69 0.933
-0.48 -0.45 -0.57 1.84 -1.99 1.24 -0.25 -2 -0.84 1.14 -2.02 0.97 -1.9 0 -1.95 -0.162246793613448 0.929841717113644 0.878504035593763 -0.9964 0.9004 -0.7104 0.07 0.95 0.3264 -0.6244 0.9692 -0.4812 0.764 -0.13 0.782 -0.926 0.841 -0.606 0.155 0.98 0.436 -0.526 0.908 -0.503 0.69 -0.01 0.775 -1.0476 1.1786 -0.7536 0.165 1.13 0.3876 -0.5896 1.0728 -0.8258 0.936 -0.12 0.933
-0.48 0.55 0.43 -1.16 -1.99 2.24 1.75 0 0.16 2.14 -2.02 1.97 -1.9 -1 1.05 -0.160343292912993 0.269412363583387 1.41292762955687 0.4436 0.9004 -1.1904 -0.89 -0.01 -0.1536 -1.1044 0.9692 -0.9612 0.764 0.35 -0.658 -0.736 -1.149 1.184 1.005 0.08 0.146 1.164 -1.112 1.017 -1.21 -0.56 0.475 -0.4976 -0.8114 0.9164 0.775 -0.01 -0.0224 0.9804 -0.9472 0.5742 -0.964 -0.55 0.273
-0.48 0.55 -0.57 -1.16 2.01 -1.76 0.75 -1 2.16 -1.86 -1.02 -1.03 -0.9 1 -1.95 0.437487254127682 0.602274110949678 1.15586575485192 0.4436 -1.0196 0.7296 -0.41 0.47 -1.1136 0.8156 0.4892 0.4788 0.284 -0.61 0.782 -0.736 1.051 -1.016 0.455 -0.47 1.246 -1.036 -0.562 -0.633 -0.66 0.54 -1.175 0.6624 -1.1014 0.9564 -0.405 0.56 -1.3224 1.1204 0.5028 0.3142 0.366 -0.69 0.933
0.52 -0.45 0.43 1.84 0.01 1.24 1.75 2 2.16 1.14 0.98 1.97 2.1 2 2.05 1.69866666132141 1.8986944565396 0.698529477789445 0.8436 -0.0495999999999999 0.5296 0.86 1.03 1.0464 0.5156 0.5092 1.0088 0.944 0.91 0.912 -0.926 -0.059 -0.606 -0.745 -0.82 -0.914 -0.526 -0.442 -0.953 -1.11 -0.91 -1.025 0.7924 0.0486 0.4864 0.775 0.85 0.8376 0.5504 0.3428 0.5742 0.756 0.74 0.703
-0.48 -0.45 -0.57 0.84 -1.99 1.24 -0.25 -2 -1.84 0.14 -0.02 -1.03 -0.9 -2 -1.95 -0.103053232752108 1.01773199019755 1.20995283449652 -0.5164 0.9004 -0.7104 0.07 0.95 0.8064 -0.1444 0.00919999999999998 0.4788 0.284 0.83 0.782 -0.476 0.841 -0.606 0.155 0.98 0.886 -0.076 0.00800000000000002 0.397 0.24 0.89 0.775 -0.4776 1.1786 -0.7536 0.165 1.13 0.9576 -0.0196 -0.0672 0.3142 0.366 1.02 0.933
-0.48 -0.45 -0.57 1.84 -1.99 2.24 0.75 0 0.16 2.14 -2.02 -0.0299999999999998 -0.9 -2 -1.95 -0.64126215660146 -0.497030862178935 0.925790883394971 -0.9964 0.9004 -1.1904 -0.41 -0.01 -0.1536 -1.1044 0.9692 -0.00119999999999998 0.284 0.83 0.782 -0.926 0.841 -1.056 -0.295 0.08 -0.0139999999999999 -0.976 0.908 -0.053 0.24 0.89 0.775 -1.0476 1.1786 -1.3236 -0.405 -0.01 -0.1824 -1.1596 1.0728 -0.2558 0.366 1.02 0.933
-0.48 -0.45 0.43 1.84 -1.99 -0.76 -2.25 0 -1.84 0.14 0.98 1.97 -0.9 1 0.05 0.558754399799127 1.80742840372846 2.34342611716913 -0.9964 0.9004 0.2496 1.03 -0.01 0.8064 -0.1444 -0.4708 -0.9612 0.284 -0.61 -0.178 -0.926 0.841 0.294 1.055 0.08 0.886 -0.076 -0.442 -0.953 0.24 -0.46 -0.125 0.7924 -0.8114 -0.3736 -0.945 -0.01 -0.8824 0.1204 0.3428 0.5742 -0.534 0.31 -0.157
0.52 0.55 0.43 -1.16 -0.99 -1.76 1.75 -2 -0.84 2.14 -1.02 1.97 1.1 0 0.05 0.733851889504767 0.898841690344395 0.497430418022047 -0.7164 -0.5696 -1.0304 0.86 -1.05 -0.5136 1.0356 -0.5308 1.0088 0.424 -0.13 -0.128 -0.736 -0.599 -1.016 1.005 -1.02 -0.404 1.164 -0.562 1.017 0.44 -0.01 -0.075 -0.4976 -0.3814 -0.8036 0.775 -0.87 -0.4524 0.9804 -0.5172 0.5742 0.326 -0.12 -0.157
-0.48 0.55 0.43 0.84 1.01 0.24 1.75 -1 1.16 -1.86 1.98 1.97 0.1 2 2.05 2.14346547572928 2.92672776995935 3.45975927589608 -0.5164 -0.5396 -0.2304 -0.89 0.47 -0.6336 0.8156 -0.9508 -0.9612 -0.196 -1.09 -1.138 0.364 0.501 0.084 1.005 -0.47 0.696 -1.036 1.088 1.017 -0.11 1.09 1.025 0.3624 0.4786 0.0564 0.775 -0.44 0.4076 -0.7396 0.7728 0.5742 -0.104 0.74 0.703
0.52 0.55 0.43 1.84 -1.99 2.24 -2.25 -2 -1.84 -0.86 0.98 -1.03 -1.9 -1 -1.95 1.05190280584143 0.0523349291770419 0.934933837622581 0.8436 -1.0896 1.0496 -1.22 -1.05 -1.0336 -0.5244 0.5092 -0.5512 -1.136 -0.65 -1.168 0.914 -1.149 1.184 -1.195 -1.02 -0.954 -0.486 0.538 -0.633 -1.21 -0.56 -1.175 0.7924 -0.8114 0.9164 -0.945 -0.87 -0.8824 -0.3096 0.3428 -0.7158 -0.964 -0.55 -1.017
