0.52 -0.47 -0.51 -0.28 2.16 2.12 1.18 0.04 1.03 2 -0.00999999999999979 0.03 0.12 1.88 1.87 1.11838464395676 1.83191505599476 2.9938843414766 -0.0212 1.1464 1.0848 0.6272 0.0216 0.5212 1.09 0.0796 0.1212 0.1148 1.0452 0.9548 0.1232 -1.0604 -0.9928 -0.6092 -0.1676 -0.4382 -0.95 -0.0806 -0.1282 -0.1228 -0.9172 -1.0078 0.1356 -1.1432 -0.9824 -0.6036 -0.1808 -0.5406 -1.15 -0.1398 -0.1906 -0.1624 -0.9776 -1.0874
-0.48 0.53 -0.51 -2.28 -0.84 1.12 -0.82 -0.96 2.03 -1 1.99 -1.97 1.12 -0.12 -0.13 1.14804151032101 0.690150632087482 0.947490428852445 1.2188 0.4264 -0.5552 0.4072 0.4616 -0.9888 0.53 -0.8704 1.0512 -0.4852 0.1252 0.0448 -1.2168 -0.4904 0.5972 -0.4892 -0.6576 1.1218 -0.54 0.9694 -1.1582 0.5272 -0.0972 -0.1978 1.1556 0.3868 -0.4724 0.4164 0.3292 -1.0506 0.38 -1.1598 0.8294 -0.6724 0.0424 -0.0674
-0.48 0.53 0.49 -2.28 -1.84 -1.88 0.18 -1.96 1.03 -1 1.99 0.03 -0.88 0.88 1.87 -0.617939930690762 1.28660255918268 2.43081238635677 1.2188 0.9064 0.8848 -0.0728 0.9416 -0.5088 0.53 -0.8704 0.0912 0.4748 -0.3548 -0.9152 -1.2168 -1.0204 -0.9928 0.0408 -1.1876 0.5918 -0.54 0.9694 -0.0982 -0.5328 0.4328 0.8622 -1.1244 -0.9432 -0.8224 0.0864 -1.1208 0.4894 -0.62 0.8302 -0.1606 -0.5324 0.4124 0.7826
0.52 0.53 0.49 -0.28 0.16 2.12 -0.82 0.04 0.03 0 -2.01 1.03 0.12 -1.12 0.87 1.6841399449322 2.19653656562925 3.31808912966318 -0.0212 0.1064 1.0848 -0.4128 0.0216 0.00119999999999997 0.05 -0.9604 0.6412 0.1148 -0.5148 0.4348 -0.1568 0.0396 1.1272 -0.4892 -0.1276 0.0618 -0.01 -1.1506 0.4318 -0.00280000000000002 -0.6272 0.3322 -0.1444 0.0368 1.1376 -0.4036 -0.1408 -0.000600000000000038 -0.13 -1.1298 0.3294 -0.0424 -0.5676 0.2926
0.52 0.53 0.49 1.72 -1.84 -1.88 2.18 2.04 2.03 2 1.99 2.03 2.12 1.88 1.87 1.18804513162731 0.823633249351903 2.40435801280702 1.0188 -0.9336 -0.9952 1.1472 1.0616 1.0412 1.09 1.1196 1.1612 1.1548 1.0452 0.9548 0.9032 -1.0204 -0.9928 1.1008 0.9324 1.1218 1.05 0.9694 0.9618 1.0572 0.9628 0.8622 0.8356 -0.9432 -0.8224 1.0664 0.8392 0.9794 0.85 0.8302 0.8194 0.9376 0.9024 0.7826
-0.48 -0.47 -0.51 1.72 1.16 1.12 -0.82 -0.96 -0.97 1 -0.00999999999999979 1.03 -1.88 -0.12 -1.13 1.37910934695565 0.832156728062072 2.01658602125883 -0.7012 -0.5336 -0.5552 0.4072 0.4616 0.4512 -0.43 0.0896 -0.3888 0.9548 0.1252 0.5248 -0.8168 -0.5904 -0.5228 0.3308 0.3024 0.5018 -0.48 -0.0806 -0.5982 0.8172 0.0228 0.4022 -0.8844 -0.6332 -0.4724 0.4164 0.3292 0.4794 -0.64 -0.1398 -0.7006 0.8576 0.0424 0.4426
0.52 0.53 -0.51 1.72 1.16 -0.88 2.18 -0.96 -0.97 0 1.99 2.03 -0.88 1.88 1.87 1.53109397174012 0.90483573481576 3.51207556744608 1.0188 0.6264 -0.4752 1.1472 -0.4984 -0.5188 0.05 1.1196 1.1612 -0.4052 1.0452 0.9548 0.9032 0.5696 -0.4628 1.1008 -0.6576 -0.4682 -0.01 0.9694 0.9618 -0.5328 0.9628 0.8622 -0.8844 -0.6332 0.5476 -1.1136 0.3292 0.4794 -0.13 -1.1598 -1.2106 0.3476 -0.9776 -1.0874
-0.48 -0.47 0.49 1.72 2.16 1.12 2.18 2.04 2.03 2 -1.01 2.03 0.12 1.88 1.87 0.927027476050767 0.545088548889911 0.213369786326556 -0.7012 -1.0136 -0.5552 -1.0328 -0.9784 -0.9888 -0.91 0.5696 -0.8688 -0.00519999999999997 -0.8348 -0.9152 -0.8168 -1.0604 -0.5228 -1.0792 -1.1076 -0.9082 -0.95 0.3894 -1.0682 -0.1228 -0.9172 -1.0078 0.8356 1.0168 0.6476 1.0664 0.8392 0.9794 0.85 -0.6398 0.8194 -0.0424 0.9024 0.7826
-0.48 -0.47 -0.51 -0.28 -0.84 -1.88 2.18 2.04 2.03 2 -1.01 2.03 2.12 0.88 1.87 1.05432590916221 1.63436109300033 1.13381187066436 0.2588 0.4264 0.8848 -1.0328 -0.9784 -0.9888 -0.91 0.5696 -0.8688 -0.9652 -0.3548 -0.9152 0.1232 0.3496 0.8872 -1.0792 -1.1076 -0.9082 -0.95 0.3894 -1.0682 -1.0628 -0.4472 -1.0078 0.1356 0.3868 1.0576 -1.1136 -1.2008 -1.0506 -1.15 0.3702 -1.2106 -1.1824 -0.4676 -1.0874
-0.48 0.53 -0.51 0.72 -0.84 0.12 -0.82 -0.96 0.03 -2 -0.00999999999999979 2.03 -1.88 -1.12 -1.13 -0.578138871973447 1.56265521293107 -0.0257011711078007 -0.2212 0.4264 -0.0752 0.4072 0.4616 -0.0288 1.01 0.0896 -0.8688 0.9548 0.6052 0.5248 0.3732 -0.4904 0.0672 -0.4892 -0.6576 0.0618 -1.07 -0.0906 0.9618 -1.0628 -0.6272 -0.7278 -0.3744 0.3868 0.0376 0.4164 0.3292 -0.0306 0.89 -0.1398 -1.2106 0.8576 0.5524 0.4426
-0.48 -0.47 -0.51 -1.28 -1.84 2.12 -0.82 0.04 0.03 -2 1.99 0.03 -1.88 0.88 0.87 -0.375177955723408 1.92483943281911 0.732806122511598 0.7388 0.9064 -1.0352 0.4072 -0.0184 -0.0288 1.01 -0.8704 0.0912 0.9548 -0.3548 -0.4352 0.5932 0.8196 -0.9928 0.3308 -0.1676 0.0318 0.93 -1.0206 -0.1282 0.8172 -0.4472 -0.5378 0.6456 0.8968 -0.9824 0.4164 -0.1808 -0.0306 0.89 -1.1598 -0.1906 0.8576 -0.4676 -0.5774
0.52 0.53 0.49 -1.28 2.16 2.12 -1.82 -1.96 -1.97 -2 -0.00999999999999979 0.03 0.12 -0.12 -0.13 0.777730450254306 1.09774325352098 1.778468958205 -0.5412 1.1464 1.0848 -0.9328 -1.0184 -1.0388 -0.99 0.0796 0.1212 0.1148 0.00519999999999998 -0.0852 -0.6868 1.0996 1.1272 -1.0192 -1.1876 -0.9982 -1.07 -0.0906 -0.0982 -0.00280000000000002 -0.0972 -0.1978 -0.6344 1.0168 1.1376 -0.8936 -1.1208 -0.9806 -1.11 -0.1498 -0.1606 -0.0424 -0.0776 -0.1974
0.52 0.53 -0.51 -2.28 -0.84 0.12 0.18 2.04 2.03 1 -0.00999999999999979 -0.97 2.12 1.88 1.87 1.13880208527445 3.93402876898793 1.16349277868474 -1.0612 -0.4136 0.0448 0.1072 1.0616 1.0412 0.57 0.0796 -0.3988 1.1548 1.0452 0.9548 -1.2168 -0.4904 0.0672 0.0408 0.9324 1.1218 0.52 -0.0906 -0.6282 1.0572 0.9628 0.8622 1.1556 0.3868 0.0376 -0.0936 -1.2008 -1.0506 -0.64 -0.1398 0.3194 -1.1824 -0.9776 -1.0874
0.52 -0.47 -0.51 -2.28 0.16 -1.88 2.18 -1.96 1.03 2 -0.00999999999999979 1.03 -1.88 -2.12 -0.13 0.479464708056105 0.090358551699442 1.61722781554323 -1.0612 0.1064 -0.9952 1.1472 -1.0184 0.5212 1.09 0.0796 0.6412 -0.9252 -1.0348 -0.0852 1.0632 -0.1204 0.8872 -1.0792 0.7724 -0.4382 -0.95 -0.0806 -0.5982 0.8172 0.9628 -0.0678 1.1556 -0.1232 1.0576 -1.1136 0.8392 -0.5406 -1.15 -0.1398 -0.7006 0.8576 1.0624 -0.0674
-0.48 -0.47 -0.51 -1.28 -1.84 -0.88 -1.82 -1.96 -1.97 -1 0.99 -1.97 -1.88 -1.12 -0.13 -0.919573638874334 0.0975942287636337 -1.32649199113972 0.7388 0.9064 0.4048 0.8872 0.9416 0.9312 0.53 -0.3904 1.0512 0.9548 0.6052 0.0448 0.5932 0.8196 0.4172 0.8008 0.7724 0.9718 0.46 -0.5506 0.8118 0.8172 0.4928 -0.0678 0.6456 0.8968 0.5476 0.9264 0.8392 0.9894 0.38 -0.6498 0.8294 0.8576 0.5524 -0.0674
-0.48 -0.47 -0.51 -2.28 2.16 0.12 0.18 0.04 -0.97 2 -1.01 -1.97 2.12 1.88 -0.13 -0.351622092851636 0.862571437995245 1.56582407684323 1.2188 -1.0136 -0.0752 -0.0728 -0.0184 0.4512 -0.91 0.5696 1.0512 -0.9652 -0.8348 0.0448 1.0632 -1.0604 -0.0528 -0.1392 -0.1676 0.5018 -0.95 0.3894 0.8118 -1.0628 -0.9172 -0.0678 1.1556 -1.1432 0.0376 -0.0936 -0.1808 0.4794 -1.15 0.3702 0.8294 -1.1824 -0.9776 -0.0674
-0.48 -0.47 0.49 -1.28 2.16 2.12 1.18 2.04 -0.97 2 0.99 2.03 2.12 0.88 1.87 1.25274863122659 0.995980484845917 2.24168232383412 0.7388 -1.0136 -1.0352 -0.5528 -0.9784 0.4512 -0.91 -0.3904 -0.8688 -0.9652 -0.3548 -0.9152 0.5932 -1.0604 -0.9928 -0.6092 -1.1076 0.5018 -0.95 -0.5506 -1.0682 -1.0628 -0.4472 -1.0078 -0.6344 1.0168 1.1376 0.5764 0.8392 -0.4906 0.85 0.3402 0.8194 0.9376 0.4124 0.7826
0.52 -0.47 0.49 -2.28 -1.84 -1.88 1.18 -1.96 2.03 2 1.99 1.03 2.12 -0.12 -0.13 0.586774772764198 0.501312069885159 0.235107898392773 -1.0612 -0.9336 -0.9952 0.6272 -1.0184 1.0412 1.09 1.1196 0.6412 1.1548 0.00519999999999998 -0.0852 1.0632 0.8196 0.8872 -0.6092 0.7724 -0.9082 -0.95 -1.0206 -0.5982 -1.0628 0.0228 -0.0678 -1.1244 -0.9432 -0.8224 0.5764 -1.1208 0.9794 0.85 0.8302 0.3294 0.9376 -0.0776 -0.1974
0.52 0.53 0.49 0.72 2.16 -1.88 1.18 2.04 1.03 -1 1.99 2.03 -0.88 1.88 -0.13 1.48804413365213 -0.112838329928005 1.67660745092182 0.4988 1.1464 -0.9952 0.6272 1.0616 0.5212 -0.47 1.1196 1.1612 -0.4052 1.0452 -0.0852 0.3732 1.0996 -0.9928 0.5708 0.9324 0.5918 -0.54 0.9694 0.9618 -0.5328 0.9628 -0.1978 0.3456 1.0168 -0.8224 0.5764 0.8392 0.4894 -0.62 0.8302 0.8194 -0.5324 0.9024 -0.1974
-0.48 -0.47 0.49 0.72 2.16 -1.88 2.18 2.04 2.03 -2 1.99 1.03 1.12 1.88 1.87 1.48038377202994 1.75381401050013 1.51344921526239 -0.2212 -1.0136 0.8848 -1.0328 -0.9784 -0.9888 1.01 -0.8704 -0.3888 -0.4852 -0.8348 -0.9152 -0.3468 -1.0604 0.8872 -1.0792 -1.1076 -0.9082 0.93 -1.0206 -0.5982 -0.5928 -0.9172 -1.0078 0.3456 1.0168 -0.8224 1.0664 0.8392 0.9794 -1.11 0.8302 0.3294 0.4476 0.9024 0.7826
0.52 -0.47 -0.51 -2.28 -1.84 -1.88 2.18 -1.96 -0.97 -2 -1.01 -1.97 -1.88 -2.12 -1.13 0.341952635764239 0.015574040873845 -1.12629492839108 -1.0612 -0.9336 -0.9952 1.1472 -1.0184 -0.5188 -0.99 -0.4404 -0.9188 -0.9252 -1.0348 -0.6052 1.0632 0.8196 0.8872 -1.0792 0.7724 0.5018 0.93 0.3894 0.8118 0.8172 0.9628 0.4022 1.1556 0.8968 1.0576 -1.1136 0.8392 0.4794 0.89 0.3702 0.8294 0.8576 1.0624 0.4426
-0.48 0.53 0.49 1.72 2.16 -1.88 1.18 2.04 0.03 2 1.99 2.03 2.12 1.88 0.87 0.830801378047424 0.766829404138074 3.20238115931942 -0.7012 -1.0136 0.8848 -0.5528 -0.9784 -0.0288 -0.91 -0.8704 -0.8688 -0.9652 -0.8348 -0.4352 0.9032 1.0996 -0.9928 0.5708 0.9324 0.0618 1.05 0.9694 0.9618 1.0572 0.9628 0.3322 0.8356 1.0168 -0.8224 0.5764 0.8392 -0.000600000000000038 0.85 0.8302 0.8194 0.9376 0.9024 0.2926
-0.48 -0.47 -0.51 -1.28 2.16 0.12 -0.82 -1.96 -1.97 -2 -0.00999999999999979 2.03 -1.88 0.88 -0.13 0.615861494971294 1.10531937291321 1.59435550681432 0.7388 -1.0136 -0.0752 0.4072 0.9416 0.9312 1.01 0.0896 -0.8688 0.9548 -0.3548 0.0448 0.5932 -1.0604 -0.0528 0.3308 0.7724 0.9718 0.93 -0.0806 -1.0682 0.8172 -0.4472 -0.0678 0.6456 -1.1432 0.0376 0.4164 0.8392 0.9894 0.89 -0.1398 -1.2106 0.8576 -0.4676 -0.0674
0.52 0.53 0.49 -2.28 -0.84 -1.88 2.18 -1.96 -1.97 -1 -2.01 -1.97 -1.88 -2.12 1.87 -0.192277915114524 0.194218579628801 1.01408373548104 -1.0612 -0.4136 -0.9952 1.1472 -1.0184 -1.0388 -0.47 -0.9604 -0.9188 -0.9252 -1.0348 0.9548 -1.2168 -0.4904 -0.9928 1.1008 -1.1876 -0.9982 -0.54 -1.1506 -1.1582 -1.0628 -1.1572 0.8622 -1.1244 -0.4532 -0.8224 1.0664 -1.1208 -0.9806 -0.62 -1.1298 -1.1406 -1.0224 -1.0576 0.7826
0.52 -0.47 0.49 -0.28 0.16 2.12 1.18 -1.96 2.03 -2 1.99 -1.97 -1.88 -2.12 -2.13 0.158067596220866 0.755927991501504 -0.202895793838258 -0.0212 0.1064 1.0848 0.6272 -1.0184 1.0412 -0.99 1.1196 -0.9188 -0.9252 -1.0348 -1.1252 0.1232 -0.1204 -0.9928 -0.6092 0.7724 -0.9082 0.93 -1.0206 0.8118 0.8172 0.9628 0.8722 -0.1444 0.0368 1.1376 0.5764 -1.1208 0.9794 -1.11 0.8302 -1.1406 -1.0224 -1.0576 -1.1774
0.52 0.53 0.49 1.72 1.16 0.12 2.18 1.04 -1.97 0 1.99 -0.97 1.12 0.88 1.87 0.737933253036431 0.551457960874942 1.96743773730711 1.0188 0.6264 0.0448 1.1472 0.5416 -1.0388 0.05 1.1196 -0.3988 0.6348 0.5252 0.9548 0.9032 0.5696 0.0672 1.1008 0.4024 -0.9982 -0.01 0.9694 -0.6282 0.5272 0.4328 0.8622 0.8356 0.5268 0.1576 1.0664 0.3492 -0.9806 -0.13 0.8302 -0.6506 0.4476 0.4124 0.7826
0.52 0.53 0.49 -0.28 2.16 -1.88 -0.82 -0.96 -1.97 1 -2.01 0.03 0.12 -1.12 1.87 -0.00283306843454412 0.63901744232645 2.30660241466444 -0.0212 1.1464 -0.9952 -0.4128 -0.4984 -1.0388 0.57 -0.9604 0.1212 0.1148 -0.5148 0.9548 -0.1568 1.0996 -0.9928 -0.4892 -0.6576 -0.9982 0.52 -1.1506 -0.0982 -0.00280000000000002 -0.6272 0.8622 -0.1444 1.0168 -0.8224 -0.4036 -0.6308 -0.9806 0.36 -1.1298 -0.1606 -0.0424 -0.5676 0.7826
-0.48 -0.47 -0.51 1.72 -1.84 -1.88 -0.82 -0.96 2.03 -2 -2.01 -0.97 -0.88 0.88 -2.13 0.660654802845607 1.24019877467985 0.872212859895592 -0.7012 0.9064 0.8848 0.4072 0.4616 -0.9888 1.01 1.0496 0.5712 0.4748 -0.3548 1.0048 -0.8168 0.8196 0.8872 0.3308 0.3024 -0.9082 0.93 0.8594 0.3418 0.3472 -0.4472 0.8722 -0.8844 0.8968 1.0576 0.4164 0.3292 -1.0506 0.89 0.8802 0.3194 0.3476 -0.4676 0.9526
0.52 0.53 0.49 -0.28 -0.84 2.12 -0.82 1.04 0.03 -2 -2.01 1.03 -0.88 -2.12 -1.13 0.753955422788115 1.05100648997794 1.67601245711081 -0.0212 -0.4136 1.0848 -0.4128 0.5416 0.00119999999999997 -0.99 -0.9604 0.6412 -0.4052 -1.0348 -0.6052 -0.1568 -0.4904 1.1272 -0.4892 0.4024 0.0618 -1.07 -1.1506 0.4318 -0.5328 -1.1572 -0.7278 -0.1444 -0.4532 1.1376 -0.4036 0.3492 -0.000600000000000038 -1.11 -1.1298 0.3294 -0.5324 -1.0576 -0.6874
-0.48 -0.47 0.49 1.72 1.16 -1.88 2.18 -0.96 2.03 2 0.99 2.03 1.12 -2.12 1.87 -0.294441662616684 1.38026387656984 -0.448024552351876 -0.7012 -0.5336 0.8848 -1.0328 0.4616 -0.9888 -0.91 -0.3904 -0.8688 -0.4852 1.0852 -0.9152 -0.8168 -0.5904 0.8872 -1.0792 0.3024 -0.9082 -0.95 -0.5506 -1.0682 -0.5928 0.9628 -1.0078 0.8356 0.5268 -0.8224 1.0664 -0.6308 0.9794 0.85 0.3402 0.8194 0.4476 -1.0576 0.7826
0.52 0.53 0.49 0.72 2.16 -1.88 -1.82 1.04 1.03 -1 -2.01 -0.97 -1.88 -1.12 -0.13 1.47905080539128 1.8965202491441 3.65296843358218 0.4988 1.1464 -0.9952 -0.9328 0.5416 0.5212 -0.47 -0.9604 -0.3988 -0.9252 -0.5148 -0.0852 0.3732 1.0996 -0.9928 -1.0192 0.4024 0.5918 -0.54 -1.1506 -0.6282 -1.0628 -0.6272 -0.1978 0.3456 1.0168 -0.8224 -0.8936 0.3492 0.4894 -0.62 -1.1298 -0.6506 -1.0224 -0.5676 -0.1974
0.52 -0.47 -0.51 -2.28 0.16 2.12 0.18 -0.96 0.03 -2 -2.01 1.03 1.12 -0.12 -1.13 0.365910648250452 1.92342498388283 -0.00432941306703538 -1.0612 0.1064 1.0848 0.1072 -0.4984 0.00119999999999997 -0.99 -0.9604 0.6412 0.6348 0.00519999999999998 -0.6052 1.0632 -0.1204 -0.9928 -0.1392 0.3024 0.0318 0.93 0.8594 -0.5982 -0.5928 0.0228 0.4022 1.1556 -0.1232 -0.9824 -0.0936 0.3292 -0.0306 0.89 0.8802 -0.7006 -0.6724 0.0424 0.4426
0.52 0.53 0.49 -2.28 0.16 1.12 1.18 -1.96 -1.97 0 -1.01 -0.97 0.12 0.88 -1.13 2.68392558576922 2.6542224416471 1.16349823744707 -1.0612 0.1064 0.5648 0.6272 -1.0184 -1.0388 0.05 -0.4404 -0.3988 0.1148 0.5252 -0.6052 -1.2168 0.0396 0.5972 0.5708 -1.1876 -0.9982 -0.01 -0.6206 -0.6282 -0.00280000000000002 0.4328 -0.7278 -1.1244 0.0368 0.6476 0.5764 -1.1208 -0.9806 -0.13 -0.6398 -0.6506 -0.0424 0.4124 -0.6874
0.52 0.53 0.49 -1.28 2.16 0.12 -0.82 -1.96 -1.97 -2 -0.00999999999999979 -1.97 0.12 -2.12 -2.13 1.32207834389337 1.27803517674964 1.67958403029906 -0.5412 1.1464 0.0448 -0.4128 -1.0184 -1.0388 -0.99 0.0796 -0.9188 0.1148 -1.0348 -1.1252 -0.6868 1.0996 0.0672 -0.4892 -1.1876 -0.9982 -1.07 -0.0906 -1.1582 -0.00280000000000002 -1.1572 -1.2578 -0.6344 1.0168 0.1576 -0.4036 -1.1208 -0.9806 -1.11 -0.1498 -1.1406 -0.0424 -1.0576 -1.1774
-0.48 0.53 0.49 1.72 0.16 -0.88 -0.82 2.04 2.03 -2 1.99 2.03 1.12 1.88 -1.13 1.62851674773774 -0.0719570075265681 0.088053478634861 -0.7012 -0.0536 0.4048 0.4072 -0.9784 -0.9888 1.01 -0.8704 -0.8688 -0.4852 -0.8348 0.5248 0.9032 0.0396 -0.4628 -0.4892 0.9324 1.1218 -1.07 0.9694 0.9618 0.5272 0.9628 -0.7278 0.8356 0.0368 -0.3324 -0.4036 0.8392 0.9794 -1.11 0.8302 0.8194 0.4476 0.9024 -0.6874
-0.48 -0.47 -0.51 -0.28 -0.84 0.12 -1.82 -1.96 2.03 -1 1.99 -0.97 1.12 0.88 0.87 -0.486052739117855 0.575726648894232 -0.447951397978976 0.2588 0.4264 -0.0752 0.8872 0.9416 -0.9888 0.53 -0.8704 0.5712 -0.4852 -0.3548 -0.4352 0.1232 0.3496 -0.0528 0.8008 0.7724 -0.9082 0.46 -1.0206 0.3418 -0.5928 -0.4472 -0.5378 0.1356 0.3868 0.0376 0.9264 0.8392 -1.0506 0.38 -1.1598 0.3194 -0.6724 -0.4676 -0.5774
-0.48 -0.47 -0.51 1.72 2.16 -1.88 -1.82 -1.96 -1.97 2 -2.01 1.03 -0.88 0.88 -1.13 -0.101044527751862 0.0403001013115741 2.0495958206275 -0.7012 -1.0136 0.8848 0.8872 0.9416 0.9312 -0.91 1.0496 -0.3888 0.4748 -0.3548 0.5248 -0.8168 -1.0604 0.8872 0.8008 0.7724 0.9718 -0.95 0.8594 -0.5982 0.3472 -0.4472 0.4022 -0.8844 -1.1432 1.0576 0.9264 0.8392 0.9894 -1.15 0.8802 -0.7006 0.3476 -0.4676 0.4426
0.52 0.53 0.49 1.72 1.16 1.12 0.18 2.04 2.03 2 -0.00999999999999979 -0.97 0.12 1.88 1.87 -0.322256986804409 1.65259350582897 2.0166276097513 1.0188 0.6264 0.5648 0.1072 1.0616 1.0412 1.09 0.0796 -0.3988 0.1148 1.0452 0.9548 0.9032 0.5696 0.5972 0.0408 0.9324 1.1218 1.05 -0.0906 -0.6282 -0.00280000000000002 0.9628 0.8622 0.8356 0.5268 0.6476 0.0864 0.8392 0.9794 0.85 -0.1498 -0.6506 -0.0424 0.9024 0.7826
-0.48 -0.47 -0.51 -0.28 2.16 -0.88 -0.82 0.04 -1.97 0 -2.01 -0.97 -0.88 0.88 -1.13 1.03777882458152 -0.313591724904582 0.883992059561788 0.2588 -1.0136 0.4048 0.4072 -0.0184 0.9312 0.05 1.0496 0.5712 0.4748 -0.3548 0.5248 0.1232 -1.0604 0.4172 0.3308 -0.1676 0.9718 -0.01 0.8594 0.3418 0.3472 -0.4472 0.4022 0.1356 -1.1432 0.5476 0.4164 -0.1808 0.9894 -0.13 0.8802 0.3194 0.3476 -0.4676 0.4426
0.52 0.53 0.49 -2.28 -0.84 -0.88 -1.82 -1.96 1.03 2 -1.01 -0.97 -0.88 1.88 -0.13 1.4192988801816 1.65079033367278 3.12587113600346 -1.0612 -0.4136 -0.4752 -0.9328 -1.0184 0.5212 1.09 -0.4404 -0.3988 -0.4052 1.0452 -0.0852 -1.2168 -0.4904 -0.4628 -1.0192 -1.1876 0.5918 1.05 -0.6206 -0.6282 -0.5328 0.9628 -0.1978 -1.1244 -0.4532 -0.3324 -0.8936 -1.1208 0.4894 0.85 -0.6398 -0.6506 -0.5324 0.9024 -0.1974
-0.48 -0.47 -0.51 -2.28 2.16 -0.88 -0.82 -1.96 1.03 1 1.99 -1.97 -1.88 -0.12 -1.13 1.32604846595646 1.51403492552051 2.40236980928125 1.2188 -1.0136 0.4048 0.4072 0.9416 -0.5088 -0.43 -0.8704 1.0512 0.9548 0.1252 0.5248 1.0632 -1.0604 0.4172 0.3308 0.7724 -0.4382 -0.48 -1.0206 0.8118 0.8172 0.0228 0.4022 1.1556 -1.1432 0.5476 0.4164 0.8392 -0.5406 -0.64 -1.1598 0.8294 0.8576 0.0424 0.4426
-0.48 0.53 0.49 0.72 -1.84 2.12 -1.82 1.04 -1.97 2 1.99 2.03 -1.88 -0.12 -0.13 1.50200007874016 1.75593402343226 3.01830534854179 -0.2212 0.9064 -1.0352 0.8872 -0.4984 0.9312 -0.91 -0.8704 -0.8688 0.9548 0.1252 0.0448 0.3732 -1.0204 1.1272 -1.0192 0.4024 -0.9982 1.05 0.9694 0.9618 -1.0628 -0.0972 -0.1978 0.3456 -0.9432 1.1376 -0.8936 0.3492 -0.9806 0.85 0.8302 0.8194 -1.0224 -0.0776 -0.1974
-0.48 -0.47 -0.51 -0.28 2.16 1.12 -1.82 -1.96 1.03 -2 -2.01 -1.97 -1.88 -1.12 -1.13 0.38455803481148 1.69220879982143 1.00934644045158 0.2588 -1.0136 -0.5552 0.8872 0.9416 -0.5088 1.01 1.0496 1.0512 0.9548 0.6052 0.5248 0.1232 -1.0604 -0.5228 0.8008 0.7724 -0.4382 0.93 0.8594 0.8118 0.8172 0.4928 0.4022 0.1356 -1.1432 -0.4724 0.9264 0.8392 -0.5406 0.89 0.8802 0.8294 0.8576 0.5524 0.4426
0.52 -0.47 0.49 -2.28 2.16 -0.88 -0.82 -1.96 -0.97 0 -2.01 -1.97 -0.88 -2.12 -2.13 0.390890070983994 -0.693723593517289 -1.05159265807058 -1.0612 1.1464 -0.4752 -0.4128 -1.0184 -0.5188 0.05 -0.9604 -0.9188 -0.4052 -1.0348 -1.1252 1.0632 -1.0604 0.4172 0.3308 0.7724 0.5018 -0.01 0.8594 0.8118 0.3472 0.9628 0.8722 -1.1244 1.0168 -0.3324 -0.4036 -1.1208 -0.4906 -0.13 -1.1298 -1.1406 -0.5324 -1.0576 -1.1774
-0.48 0.53 0.49 -0.28 2.16 1.12 -1.82 2.04 -1.97 -2 -2.01 2.03 2.12 -0.12 1.87 2.40138234646474 1.10415748403742 1.3219791288014 0.2588 -1.0136 -0.5552 0.8872 -0.9784 0.9312 1.01 1.0496 -0.8688 -0.9652 0.1252 -0.9152 -0.1568 1.0996 0.5972 -1.0192 0.9324 -0.9982 -1.07 -1.1506 0.9618 1.0572 -0.0972 0.8622 -0.1444 1.0168 0.6476 -0.8936 0.8392 -0.9806 -1.11 -1.1298 0.8194 0.9376 -0.0776 0.7826
-0.48 -0.47 -0.51 1.72 -0.84 0.12 2.18 2.04 0.03 -1 1.99 -0.97 -0.88 0.88 0.87 0.114977429116083 0.462302713692696 0.394390866688191 -0.7012 0.4264 -0.0752 -1.0328 -0.9784 -0.0288 0.53 -0.8704 0.5712 0.4748 -0.3548 -0.4352 -0.8168 0.3496 -0.0528 -1.0792 -1.1076 0.0318 0.46 -1.0206 0.3418 0.3472 -0.4472 -0.5378 -0.8844 0.3868 0.0376 -1.1136 -1.2008 -0.0306 0.38 -1.1598 0.3194 0.3476 -0.4676 -0.5774
-0.48 -0.47 -0.51 1.72 -1.84 -0.88 -1.82 -0.96 -1.97 2 1.99 1.03 0.12 1.88 -0.13 1.84422181362205 1.44283081944005 2.09907367648942 -0.7012 0.9064 0.4048 0.8872 0.4616 0.9312 -0.91 -0.8704 -0.3888 -0.00519999999999997 -0.8348 0.0448 -0.8168 0.8196 0.4172 0.8008 0.3024 0.9718 -0.95 -1.0206 -0.5982 -0.1228 -0.9172 -0.0678 -0.8844 0.8968 0.5476 0.9264 0.3292 0.9894 -1.15 -1.1598 -0.7006 -0.1624 -0.9776 -0.0674
0.52 -0.47 -0.51 -1.28 0.16 2.12 -0.82 -1.96 2.03 -1 -2.01 2.03 -0.88 -0.12 -2.13 1.33865197054067 1.76848518258949 2.48008746364261 -0.5412 0.1064 1.0848 -0.4128 -1.0184 1.0412 -0.47 -0.9604 1.1612 -0.4052 0.00519999999999998 -1.1252 0.5932 -0.1204 -0.9928 0.3308 0.7724 -0.9082 0.46 0.8594 -1.0682 0.3472 0.0228 0.8722 0.6456 -0.1232 -0.9824 0.4164 0.8392 -1.0506 0.38 0.8802 -1.2106 0.3476 0.0424 0.9526
0.52 0.53 0.49 1.72 -1.84 1.12 0.18 2.04 2.03 1 1.99 0.03 1.12 1.88 1.87 1.71868976682687 0.623854224016927 2.21362077247645 1.0188 -0.9336 0.5648 0.1072 1.0616 1.0412 0.57 1.1196 0.1212 0.6348 1.0452 0.9548 0.9032 -1.0204 0.5972 0.0408 0.9324 1.1218 0.52 0.9694 -0.0982 0.5272 0.9628 0.8622 0.8356 -0.9432 0.6476 0.0864 0.8392 0.9794 0.36 0.8302 -0.1606 0.4476 0.9024 0.7826
-0.48 -0.47 0.49 0.72 2.16 -1.88 -0.82 2.04 2.03 -2 1.99 2.03 0.12 -0.12 -1.13 0.121503041485556 0.376274950026124 0.649809034332987 -0.2212 -1.0136 0.8848 0.4072 -0.9784 -0.9888 1.01 -0.8704 -0.8688 -0.00519999999999997 0.1252 0.5248 -0.3468 -1.0604 0.8872 0.3308 -1.1076 -0.9082 0.93 -1.0206 -1.0682 -0.1228 0.0228 0.4022 0.3456 1.0168 -0.8224 -0.4036 0.8392 0.9794 -1.11 0.8302 0.8194 -0.0424 -0.0776 -0.6874
-0.48 0.53 0.49 -2.28 -0.84 -1.88 -0.82 -1.96 -1.97 1 0.99 -0.97 -1.88 -2.12 -2.13 -0.0401526654896968 -0.370604933313025 1.73581906396956 1.2188 0.4264 0.8848 0.4072 0.9416 0.9312 -0.43 -0.3904 0.5712 0.9548 1.0852 1.0048 -1.2168 -0.4904 -0.9928 -0.4892 -1.1876 -0.9982 0.52 0.4394 -0.6282 -1.0628 -1.1572 -1.2578 -1.1244 -0.4532 -0.8224 -0.4036 -1.1208 -0.9806 0.36 0.3402 -0.6506 -1.0224 -1.0576 -1.1774
0.52 0.53 0.49 -0.28 -1.84 2.12 -0.82 2.04 -1.97 2 -0.00999999999999979 1.03 2.12 1.88 0.87 0.486265062549812 0.711786136371978 1.21197689274063 -0.0212 -0.9336 1.0848 -0.4128 1.0616 -1.0388 1.09 0.0796 0.6412 1.1548 1.0452 0.4348 -0.1568 -1.0204 1.1272 -0.4892 0.9324 -0.9982 1.05 -0.0906 0.4318 1.0572 0.9628 0.3322 -0.1444 -0.9432 1.1376 -0.4036 0.8392 -0.9806 0.85 -0.1498 0.3294 0.9376 0.9024 0.2926
-0.48 -0.47 -0.51 0.72 -1.84 2.12 2.18 -1.96 1.03 0 -1.01 2.03 -0.88 -2.12 -2.13 0.101486944221017 0.322859168092536 1.46699945725347 -0.2212 0.9064 -1.0352 -1.0328 0.9416 -0.5088 0.05 0.5696 -0.8688 0.4748 1.0852 1.0048 -0.3468 0.8196 -0.9928 -1.0792 0.7724 -0.4382 -0.01 0.3894 -1.0682 0.3472 0.9628 0.8722 -0.3744 0.8968 -0.9824 -1.1136 0.8392 -0.5406 -0.13 0.3702 -1.2106 0.3476 1.0624 0.9526
-0.48 0.53 0.49 -0.28 -0.84 -1.88 2.18 1.04 -0.97 2 1.99 2.03 -0.88 -2.12 -0.13 2.59218176288761 1.22044134192774 0.889450520687105 0.2588 0.4264 0.8848 -1.0328 -0.4984 0.4512 -0.91 -0.8704 -0.8688 0.4748 1.0852 0.0448 -0.1568 -0.4904 -0.9928 1.1008 0.4024 -0.4682 1.05 0.9694 0.9618 -0.5328 -1.1572 -0.1978 -0.1444 -0.4532 -0.8224 1.0664 0.3492 -0.4906 0.85 0.8302 0.8194 -0.5324 -1.0576 -0.1974
0.52 0.53 0.49 1.72 -1.84 -0.88 1.18 0.04 1.03 -2 -2.01 -1.97 -0.88 0.88 -1.13 -0.0202857875046136 2.1823985654732 1.4580353160731 1.0188 -0.9336 -0.4752 0.6272 0.0216 0.5212 -0.99 -0.9604 -0.9188 -0.4052 0.5252 -0.6052 0.9032 -1.0204 -0.4628 0.5708 -0.1276 0.5918 -1.07 -1.1506 -1.1582 -0.5328 0.4328 -0.7278 0.8356 -0.9432 -0.3324 0.5764 -0.1408 0.4894 -1.11 -1.1298 -1.1406 -0.5324 0.4124 -0.6874
-0.48 0.53 0.49 -0.28 0.16 0.12 2.18 2.04 -0.97 2 -1.01 0.03 -0.88 1.88 -1.13 1.93786263370487 0.646345420893919 1.7287407443873 0.2588 -0.0536 -0.0752 -1.0328 -0.9784 0.4512 -0.91 0.5696 0.0912 0.4748 -0.8348 0.5248 -0.1568 0.0396 0.0672 1.1008 0.9324 -0.4682 1.05 -0.6206 -0.0982 -0.5328 0.9628 -0.7278 -0.1444 0.0368 0.1576 1.0664 0.8392 -0.4906 0.85 -0.6398 -0.1606 -0.5324 0.9024 -0.6874
-0.48 -0.47 -0.51 1.72 1.16 2.12 -0.82 -0.96 -1.97 2 1.99 -1.97 1.12 -0.12 0.87 1.53127365074458 1.71920247320034 0.680836922028154 -0.7012 -0.5336 -1.0352 0.4072 0.4616 0.9312 -0.91 -0.8704 1.0512 -0.4852 0.1252 -0.4352 -0.8168 -0.5904 -0.9928 0.3308 0.3024 0.9718 -0.95 -1.0206 0.8118 -0.5928 0.0228 -0.5378 -0.8844 -0.6332 -0.9824 0.4164 0.3292 0.9894 -1.15 -1.1598 0.8294 -0.6724 0.0424 -0.5774
-0.48 -0.47 -0.51 -0.28 -1.84 -1.88 0.18 -1.96 -0.97 1 -2.01 1.03 -0.88 -2.12 -2.13 -0.55312195751465 0.0040145221837582 0.253284351538085 0.2588 0.9064 0.8848 -0.0728 0.9416 0.4512 -0.43 1.0496 -0.3888 0.4748 1.0852 1.0048 0.1232 0.8196 0.8872 -0.1392 0.7724 0.5018 -0.48 0.8594 -0.5982 0.3472 0.9628 0.8722 0.1356 0.8968 1.0576 -0.0936 0.8392 0.4794 -0.64 0.8802 -0.7006 0.3476 1.0624 0.9526
-0.48 0.53 0.49 -0.28 1.16 2.12 -1.82 1.04 -1.97 0 -2.01 2.03 -0.88 -1.12 -0.13 2.08574727197768 2.77500848064791 1.50494197100378 0.2588 -0.5336 -1.0352 0.8872 -0.4984 0.9312 0.05 1.0496 -0.8688 0.4748 0.6052 0.0448 -0.1568 0.5696 1.1272 -1.0192 0.4024 -0.9982 -0.01 -1.1506 0.9618 -0.5328 -0.6272 -0.1978 -0.1444 0.5268 1.1376 -0.8936 0.3492 -0.9806 -0.13 -1.1298 0.8194 -0.5324 -0.5676 -0.1974
0.52 -0.47 0.49 0.72 -1.84 -1.88 -1.82 1.04 -0.97 0 -0.00999999999999979 2.03 -0.88 1.88 -0.13 0.0253779954085807 2.88935810597878 2.29995511280249 0.4988 -0.9336 -0.9952 -0.9328 0.5416 -0.5188 0.05 0.0796 1.1612 -0.4052 1.0452 -0.0852 -0.3468 0.8196 0.8872 0.8008 -0.6376 0.5018 -0.01 -0.0806 -1.0682 0.3472 -0.9172 -0.0678 0.3456 -0.9432 -0.8224 -0.8936 0.3492 -0.4906 -0.13 -0.1498 0.8194 -0.5324 0.9024 -0.1974
0.52 0.53 0.49 -2.28 -1.84 -1.88 -1.82 1.04 -1.97 -1 -0.00999999999999979 -1.97 -1.88 -2.12 0.87 1.16462692404005 0.634013975768021 0.863808143645744 -1.0612 -0.9336 -0.9952 -0.9328 0.5416 -1.0388 -0.47 0.0796 -0.9188 -0.9252 -1.0348 0.4348 -1.2168 -1.0204 -0.9928 -1.0192 0.4024 -0.9982 -0.54 -0.0906 -1.1582 -1.0628 -1.1572 0.3322 -1.1244 -0.9432 -0.8224 -0.8936 0.3492 -0.9806 -0.62 -0.1498 -1.1406 -1.0224 -1.0576 0.2926
-0.48 0.53 -0.51 0.72 -1.84 2.12 -1.82 2.04 0.03 2 -2.01 0.03 1.12 -2.12 -2.13 0.157154268380961 0.82379848125839 0.107003901357229 -0.2212 0.9064 -1.0352 0.8872 -0.9784 -0.0288 -0.91 1.0496 0.0912 -0.4852 1.0852 1.0048 0.3732 -1.0204 1.1272 -1.0192 0.9324 0.0618 1.05 -1.1506 -0.0982 0.5272 -1.1572 -1.2578 -0.3744 0.8968 -0.9824 0.9264 -1.2008 -0.0306 -1.15 0.8802 -0.1906 -0.6724 1.0624 0.9526
0.52 -0.47 0.49 -0.28 -0.84 1.12 0.18 0.04 -1.97 2 -0.00999999999999979 -1.97 2.12 -0.12 1.87 0.559831740975928 -0.315389682072202 2.36859691614644 -0.0212 -0.4136 0.5648 0.1072 0.0216 -1.0388 1.09 0.0796 -0.9188 1.1548 0.00519999999999998 0.9548 0.1232 0.3496 -0.5228 -0.1392 -0.1676 0.9718 -0.95 -0.0806 0.8118 -1.0628 0.0228 -1.0078 -0.1444 -0.4532 0.6476 0.0864 -0.1408 -0.9806 0.85 -0.1498 -1.1406 0.9376 -0.0776 0.7826
-0.48 -0.47 0.49 1.72 -1.84 2.12 -0.82 1.04 1.03 -2 0.99 -1.97 1.12 -0.12 0.87 1.01327471724764 1.38255311934399 1.85702500774794 -0.7012 0.9064 -1.0352 0.4072 -0.4984 -0.5088 1.01 -0.3904 1.0512 -0.4852 0.1252 -0.4352 -0.8168 0.8196 -0.9928 0.3308 -0.6376 -0.4382 0.93 -0.5506 0.8118 -0.5928 0.0228 -0.5378 0.8356 -0.9432 1.1376 -0.4036 0.3492 0.4894 -1.11 0.3402 -1.1406 0.4476 -0.0776 0.2926
0.52 0.53 -0.51 1.72 0.16 2.12 -0.82 2.04 -0.97 -2 1.99 -0.97 2.12 1.88 1.87 1.14153511437321 -0.140549340614466 0.66875927018195 1.0188 0.1064 1.0848 -0.4128 1.0616 -0.5188 -0.99 1.1196 -0.3988 1.1548 1.0452 0.9548 0.9032 0.0396 1.1272 -0.4892 0.9324 -0.4682 -1.07 0.9694 -0.6282 1.0572 0.9628 0.8622 -0.8844 -0.1232 -0.9824 0.4164 -1.2008 0.4794 0.89 -1.1598 0.3194 -1.1824 -0.9776 -1.0874
0.52 0.53 0.49 -0.28 0.16 -1.88 -0.82 -1.96 -0.97 -2 -0.00999999999999979 -1.97 -0.88 -2.12 -2.13 1.50523933453884 0.333514410709473 1.78554961526225 -0.0212 0.1064 -0.9952 -0.4128 -1.0184 -0.5188 -0.99 0.0796 -0.9188 -0.4052 -1.0348 -1.1252 -0.1568 0.0396 -0.9928 -0.4892 -1.1876 -0.4682 -1.07 -0.0906 -1.1582 -0.5328 -1.1572 -1.2578 -0.1444 0.0368 -0.8224 -0.4036 -1.1208 -0.4906 -1.11 -0.1498 -1.1406 -0.5324 -1.0576 -1.1774
-0.48 -0.47 -0.51 1.72 -1.84 -1.88 1.18 0.04 -1.97 0 1.99 -1.97 -0.88 1.88 -0.13 1.65358379475217 1.45948485372757 -0.76847390881434 -0.7012 0.9064 0.8848 -0.5528 -0.0184 0.9312 0.05 -0.8704 1.0512 0.4748 -0.8348 0.0448 -0.8168 0.8196 0.8872 -0.6092 -0.1676 0.9718 -0.01 -1.0206 0.8118 0.3472 -0.9172 -0.0678 -0.8844 0.8968 1.0576 -0.6036 -0.1808 0.9894 -0.13 -1.1598 0.8294 0.3476 -0.9776 -0.0674
0.52 0.53 -0.51 -0.28 2.16 2.12 0.18 0.04 -1.97 1 -2.01 -0.97 1.12 -2.12 -2.13 1.16678327578279 1.58643511650886 1.26312203520634 -0.0212 1.1464 1.0848 0.1072 0.0216 -1.0388 0.57 -0.9604 -0.3988 0.6348 -1.0348 -1.1252 -0.1568 1.0996 1.1272 0.0408 -0.1276 -0.9982 0.52 -1.1506 -0.6282 0.5272 -1.1572 -1.2578 0.1356 -1.1432 -0.9824 -0.0936 -0.1808 0.9894 -0.64 0.8802 0.3194 -0.6724 1.0624 0.9526
-0.48 0.53 -0.51 -2.28 1.16 1.12 2.18 1.04 2.03 -1 1.99 2.03 0.12 1.88 1.87 0.21266498164801 -0.393548026229139 -0.716174758540328 1.2188 -0.5336 -0.5552 -1.0328 -0.4984 -0.9888 0.53 -0.8704 -0.8688 -0.00519999999999997 -0.8348 -0.9152 -1.2168 0.5696 0.5972 1.1008 0.4024 1.1218 -0.54 0.9694 0.9618 -0.00280000000000002 0.9628 0.8622 1.1556 -0.6332 -0.4724 -1.1136 -0.6908 -1.0506 0.38 -1.1598 -1.2106 -0.1624 -0.9776 -1.0874
0.52 -0.47 -0.51 -1.28 2.16 1.12 -0.82 1.04 0.03 -2 -0.00999999999999979 -1.97 -1.88 0.88 -2.13 0.725059047066059 1.08846669908935 1.02826804591438 -0.5412 1.1464 0.5648 -0.4128 0.5416 0.00119999999999997 -0.99 0.0796 -0.9188 -0.9252 0.5252 -1.1252 0.5932 -1.0604 -0.5228 0.3308 -0.6376 0.0318 0.93 -0.0806 0.8118 0.8172 -0.4472 0.8722 0.6456 -1.1432 -0.4724 0.4164 -0.6908 -0.0306 0.89 -0.1398 0.8294 0.8576 -0.4676 0.9526
0.52 0.53 0.49 -0.28 2.16 -1.88 1.18 1.04 -0.97 1 1.99 0.03 1.12 1.88 1.87 0.310576685956105 2.12801633535286 2.62285212803565 -0.0212 1.1464 -0.9952 0.6272 0.5416 -0.5188 0.57 1.1196 0.1212 0.6348 1.0452 0.9548 -0.1568 1.0996 -0.9928 0.5708 0.4024 -0.4682 0.52 0.9694 -0.0982 0.5272 0.9628 0.8622 -0.1444 1.0168 -0.8224 0.5764 0.3492 -0.4906 0.36 0.8302 -0.1606 0.4476 0.9024 0.7826
-0.48 -0.47 -0.51 -1.28 2.16 -1.88 -0.82 -1.96 -1.97 -2 -2.01 -1.97 -0.88 -1.12 -2.13 0.506377128731226 -0.857154750949809 -1.26903979231913 0.7388 -1.0136 0.8848 0.4072 0.9416 0.9312 1.01 1.0496 1.0512 0.4748 0.6052 1.0048 0.5932 -1.0604 0.8872 0.3308 0.7724 0.9718 0.93 0.8594 0.8118 0.3472 0.4928 0.8722 0.6456 -1.1432 1.0576 0.4164 0.8392 0.9894 0.89 0.8802 0.8294 0.3476 0.5524 0.9526
0.52 0.53 0.49 -1.28 2.16 0.12 2.18 -0.96 2.03 -2 0.99 2.03 1.12 -1.12 -0.13 1.27238938424879 1.26412212316576 1.67486468948389 -0.5412 1.1464 0.0448 1.1472 -0.4984 1.0412 -0.99 0.5996 1.1612 0.6348 -0.5148 -0.0852 -0.6868 1.0996 0.0672 1.1008 -0.6576 1.1218 -1.07 0.4394 0.9618 0.5272 -0.6272 -0.1978 -0.6344 1.0168 0.1576 1.0664 -0.6308 0.9794 -1.11 0.3402 0.8194 0.4476 -0.5676 -0.1974
0.52 0.53 0.49 -0.28 1.16 2.12 -0.82 -1.96 0.03 2 -1.01 2.03 2.12 -0.12 0.87 0.826683649520212 1.7191625352236 2.01234090977177 -0.0212 0.6264 1.0848 -0.4128 -1.0184 0.00119999999999997 1.09 -0.4404 1.1612 1.1548 0.00519999999999998 0.4348 -0.1568 0.5696 1.1272 -0.4892 -1.1876 0.0618 1.05 -0.6206 0.9618 1.0572 -0.0972 0.3322 -0.1444 0.5268 1.1376 -0.4036 -1.1208 -0.000600000000000038 0.85 -0.6398 0.8194 0.9376 -0.0776 0.2926
0.52 -0.47 0.49 -2.28 -1.84 1.12 -1.82 1.04 2.03 2 1.99 2.03 2.12 1.88 1.87 1.18141857671649 2.02863444715725 1.82505632430279 -1.0612 -0.9336 0.5648 -0.9328 0.5416 1.0412 1.09 1.1196 1.1612 1.1548 1.0452 0.9548 1.0632 0.8196 -0.5228 0.8008 -0.6376 -0.9082 -0.95 -1.0206 -1.0682 -1.0628 -0.9172 -1.0078 -1.1244 -0.9432 0.6476 -0.8936 0.3492 0.9794 0.85 0.8302 0.8194 0.9376 0.9024 0.7826
-0.48 -0.47 -0.51 -2.28 -1.84 0.12 2.18 -0.96 -1.97 -2 -1.01 -1.97 -1.88 -0.12 0.87 0.570259975845508 0.908746174381183 0.969365125335231 1.2188 0.9064 -0.0752 -1.0328 0.4616 0.9312 1.01 0.5696 1.0512 0.9548 0.1252 -0.4352 1.0632 0.8196 -0.0528 -1.0792 0.3024 0.9718 0.93 0.3894 0.8118 0.8172 0.0228 -0.5378 1.1556 0.8968 0.0376 -1.1136 0.3292 0.9894 0.89 0.3702 0.8294 0.8576 0.0424 -0.5774
0.52 -0.47 -0.51 1.72 -0.84 -1.88 -1.82 2.04 1.03 1 0.99 -0.97 0.12 0.88 1.87 1.65039830962294 0.83760985778883 2.15968870504985 1.0188 -0.4136 -0.9952 -0.9328 1.0616 0.5212 0.57 0.5996 -0.3988 0.1148 0.5252 0.9548 -0.8168 0.3496 0.8872 0.8008 -1.1076 -0.4382 -0.48 -0.5506 0.3418 -0.1228 -0.4472 -1.0078 -0.8844 0.3868 1.0576 0.9264 -1.2008 -0.5406 -0.64 -0.6498 0.3194 -0.1624 -0.4676 -1.0874
-0.48 -0.47 -0.51 -1.28 0.16 2.12 -0.82 -1.96 1.03 -2 -2.01 -1.97 2.12 -0.12 -1.13 -0.28804270514613 -0.302064212972366 0.562200693499809 0.7388 -0.0536 -1.0352 0.4072 0.9416 -0.5088 1.01 1.0496 1.0512 -0.9652 0.1252 0.5248 0.5932 -0.1204 -0.9928 0.3308 0.7724 -0.4382 0.93 0.8594 0.8118 -1.0628 0.0228 0.4022 0.6456 -0.1232 -0.9824 0.4164 0.8392 -0.5406 0.89 0.8802 0.8294 -1.1824 0.0424 0.4426
-0.48 0.53 -0.51 1.72 2.16 1.12 1.18 -1.96 1.03 0 1.99 2.03 1.12 0.88 1.87 -0.204618332745348 0.065940356630465 -0.127442513404426 -0.7012 -1.0136 -0.5552 -0.5528 0.9416 -0.5088 0.05 -0.8704 -0.8688 -0.4852 -0.3548 -0.9152 0.9032 1.0996 0.5972 0.5708 -1.1876 0.5918 -0.01 0.9694 0.9618 0.5272 0.4328 0.8622 -0.8844 -1.1432 -0.4724 -0.6036 0.8392 -0.5406 -0.13 -1.1598 -1.2106 -0.6724 -0.4676 -1.0874
0.52 -0.47 -0.51 -0.28 1.16 -1.88 0.18 -1.96 -1.97 -1 -0.00999999999999979 2.03 -1.88 -0.12 -1.13 1.43633077198668 2.27894824310669 2.28806898924519 -0.0212 0.6264 -0.9952 0.1072 -1.0184 -1.0388 -0.47 0.0796 1.1612 -0.9252 0.00519999999999998 -0.6052 0.1232 -0.5904 0.8872 -0.1392 0.7724 0.9718 0.46 -0.0806 -1.0682 0.8172 0.0228 0.4022 0.1356 -0.6332 1.0576 -0.0936 0.8392 0.9894 0.38 -0.1398 -1.2106 0.8576 0.0424 0.4426
-0.48 -0.47 -0.51 1.72 -1.84 -1.88 -1.82 1.04 0.03 -1 -2.01 -0.97 0.12 1.88 -2.13 -0.814871682100251 -0.739543280772684 -1.48847664353742 -0.7012 0.9064 0.8848 0.8872 -0.4984 -0.0288 0.53 1.0496 0.5712 -0.00519999999999997 -0.8348 1.0048 -0.8168 0.8196 0.8872 0.8008 -0.6376 0.0318 0.46 0.8594 0.3418 -0.1228 -0.9172 0.8722 -0.8844 0.8968 1.0576 0.9264 -0.6908 -0.0306 0.38 0.8802 0.3194 -0.1624 -0.9776 0.9526
-0.48 -0.47 -0.51 0.72 -1.84 0.12 0.18 2.04 2.03 -1 -2.01 -0.97 2.12 0.88 0.87 0.913935182328951 0.399540738242913 0.390319768987633 -0.2212 0.9064 -0.0752 -0.0728 -0.9784 -0.9888 0.53 1.0496 0.5712 -0.9652 -0.3548 -0.4352 -0.3468 0.8196 -0.0528 -0.1392 -1.1076 -0.9082 0.46 0.8594 0.3418 -1.0628 -0.4472 -0.5378 -0.3744 0.8968 0.0376 -0.0936 -1.2008 -1.0506 0.38 0.8802 0.3194 -1.1824 -0.4676 -0.5774
0.52 0.53 0.49 1.72 1.16 -1.88 -0.82 2.04 0.03 -2 0.99 -1.97 -1.88 -2.12 -2.13 0.99658502439793 1.11228509402514 1.53690584828493 1.0188 0.6264 -0.9952 -0.4128 1.0616 0.00119999999999997 -0.99 0.5996 -0.9188 -0.9252 -1.0348 -1.1252 0.9032 0.5696 -0.9928 -0.4892 0.9324 0.0618 -1.07 0.4394 -1.1582 -1.0628 -1.1572 -1.2578 0.8356 0.5268 -0.8224 -0.4036 0.8392 -0.000600000000000038 -1.11 0.3402 -1.1406 -1.0224 -1.0576 -1.1774
-0.48 0.53 -0.51 -0.28 -0.84 -0.88 0.18 -1.96 -0.97 1 -2.01 -1.97 1.12 -1.12 0.87 0.925789603066173 1.1145911453847 2.13867662504813 0.2588 0.4264 0.4048 -0.0728 0.9416 0.4512 -0.43 1.0496 1.0512 -0.4852 0.6052 -0.4352 -0.1568 -0.4904 -0.4628 0.0408 -1.1876 -0.4682 0.52 -1.1506 -1.1582 0.5272 -0.6272 0.3322 0.1356 0.3868 0.5476 -0.0936 0.8392 0.4794 -0.64 0.8802 0.8294 -0.6724 0.5524 -0.5774
0.52 -0.47 0.49 0.72 -1.84 2.12 -1.82 1.04 -0.97 0 1.99 1.03 1.12 -0.12 0.87 0.267535746495337 0.83925338717001 -0.164551761494565 0.4988 -0.9336 1.0848 -0.9328 0.5416 -0.5188 0.05 1.1196 0.6412 0.6348 0.00519999999999998 0.4348 -0.3468 0.8196 -0.9928 0.8008 -0.6376 0.5018 -0.01 -1.0206 -0.5982 -0.5928 0.0228 -0.5378 0.3456 -0.9432 1.1376 -0.8936 0.3492 -0.4906 -0.13 0.8302 0.3294 0.4476 -0.0776 0.2926
-0.48 -0.47 -0.51 -0.28 2.16 0.12 0.18 0.04 2.03 1 -0.00999999999999979 -1.97 0.12 -1.12 0.87 0.982480787986203 0.579334491072731 0.872179153911044 0.2588 -1.0136 -0.0752 -0.0728 -0.0184 -0.9888 -0.43 0.0896 1.0512 -0.00519999999999997 0.6052 -0.4352 0.1232 -1.0604 -0.0528 -0.1392 -0.1676 -0.9082 -0.48 -0.0806 0.8118 -0.1228 0.4928 -0.5378 0.1356 -1.1432 0.0376 -0.0936 -0.1808 -1.0506 -0.64 -0.1398 0.8294 -0.1624 0.5524 -0.5774
-0.48 0.53 0.49 1.72 -0.84 1.12 0.18 0.04 -0.97 2 1.99 2.03 1.12 -0.12 -0.13 0.130190673855447 0.448638540245587 0.777261286984708 -0.7012 0.4264 -0.5552 -0.0728 -0.0184 0.4512 -0.91 -0.8704 -0.8688 -0.4852 0.1252 0.0448 0.9032 -0.4904 0.5972 0.0408 -0.1276 -0.4682 1.05 0.9694 0.9618 0.5272 -0.0972 -0.1978 0.8356 -0.4532 0.6476 0.0864 -0.1408 -0.4906 0.85 0.8302 0.8194 0.4476 -0.0776 -0.1974
-0.48 -0.47 0.49 -0.28 -1.84 -1.88 0.18 -0.96 -1.97 0 -2.01 -0.97 -0.88 -1.12 -0.13 0.121689923558015 -0.0826068446881429 -0.218163846677939 0.2588 0.9064 0.8848 -0.0728 0.4616 0.9312 0.05 1.0496 0.5712 0.4748 0.6052 0.0448 0.1232 0.8196 0.8872 -0.1392 0.3024 0.9718 -0.01 0.8594 0.3418 0.3472 0.4928 -0.0678 -0.1444 -0.9432 -0.8224 0.0864 -0.6308 -0.9806 -0.13 -1.1298 -0.6506 -0.5324 -0.5676 -0.1974
0.52 -0.47 0.49 1.72 -1.84 1.12 -0.82 2.04 1.03 2 -2.01 -0.97 0.12 -0.12 0.87 0.263161796519382 0.738723292184314 1.66877927952484 1.0188 -0.9336 0.5648 -0.4128 1.0616 0.5212 1.09 -0.9604 -0.3988 0.1148 0.00519999999999998 0.4348 -0.8168 0.8196 -0.5228 0.3308 -1.1076 -0.4382 -0.95 0.8594 0.3418 -0.1228 0.0228 -0.5378 0.8356 -0.9432 0.6476 -0.4036 0.8392 0.4894 0.85 -1.1298 -0.6506 -0.0424 -0.0776 0.2926
-0.48 -0.47 0.49 1.72 0.16 0.12 -0.82 -1.96 2.03 2 1.99 2.03 2.12 0.88 -1.13 1.82615660755767 2.42434764979674 3.11885553564656 -0.7012 -0.0536 -0.0752 0.4072 0.9416 -0.9888 -0.91 -0.8704 -0.8688 -0.9652 -0.3548 0.5248 -0.8168 -0.1204 -0.0528 0.3308 0.7724 -0.9082 -0.95 -1.0206 -1.0682 -1.0628 -0.4472 0.4022 0.8356 0.0368 0.1576 -0.4036 -1.1208 0.9794 0.85 0.8302 0.8194 0.9376 0.4124 -0.6874
0.52 -0.47 -0.51 -0.28 -0.84 -1.88 0.18 1.04 0.03 0 -2.01 -1.97 -1.88 -2.12 -2.13 -0.156365694164053 -0.00195049981318851 0.529052259761787 -0.0212 -0.4136 -0.9952 0.1072 0.5416 0.00119999999999997 0.05 -0.9604 -0.9188 -0.9252 -1.0348 -1.1252 0.1232 0.3496 0.8872 -0.1392 -0.6376 0.0318 -0.01 0.8594 0.8118 0.8172 0.9628 0.8722 0.1356 0.3868 1.0576 -0.0936 -0.6908 -0.0306 -0.13 0.8802 0.8294 0.8576 1.0624 0.9526
-0.48 0.53 -0.51 1.72 -0.84 0.12 2.18 2.04 2.03 -1 1.99 2.03 2.12 1.88 1.87 0.130188205642049 0.33173083643372 0.5955270232053 -0.7012 0.4264 -0.0752 -1.0328 -0.9784 -0.9888 0.53 -0.8704 -0.8688 -0.9652 -0.8348 -0.9152 0.9032 -0.4904 0.0672 1.1008 0.9324 1.1218 -0.54 0.9694 0.9618 1.0572 0.9628 0.8622 -0.8844 0.3868 0.0376 -1.1136 -1.2008 -1.0506 0.38 -1.1598 -1.2106 -1.1824 -0.9776 -1.0874
0.52 0.53 -0.51 1.72 -1.84 2.12 2.18 1.04 0.03 -2 -2.01 -1.97 -1.88 -1.12 -0.13 -0.388141701260686 0.51707607589861 -0.0530224895117188 1.0188 -0.9336 1.0848 1.1472 0.5416 0.00119999999999997 -0.99 -0.9604 -0.9188 -0.9252 -0.5148 -0.0852 0.9032 -1.0204 1.1272 1.1008 0.4024 0.0618 -1.07 -1.1506 -1.1582 -1.0628 -0.6272 -0.1978 -0.8844 0.8968 -0.9824 -1.1136 -0.6908 -0.0306 0.89 0.8802 0.8294 0.8576 0.5524 -0.0674
-0.48 0.53 0.49 1.72 0.16 -1.88 2.18 1.04 2.03 2 1.99 0.03 2.12 0.88 0.87 0.652154684259389 1.1716626164743 2.36294520208387 -0.7012 -0.0536 0.8848 -1.0328 -0.4984 -0.9888 -0.91 -0.8704 0.0912 -0.9652 -0.3548 -0.4352 0.9032 0.0396 -0.9928 1.1008 0.4024 1.1218 1.05 0.9694 -0.0982 1.0572 0.4328 0.3322 0.8356 0.0368 -0.8224 1.0664 0.3492 0.9794 0.85 0.8302 -0.1606 0.9376 0.4124 0.2926
0.52 -0.47 -0.51 -0.28 -1.84 1.12 -1.82 -1.96 0.03 -2 0.99 -1.97 -1.88 -2.12 -2.13 1.38815124023746 1.41637264350374 1.78067083257872 -0.0212 -0.9336 0.5648 -0.9328 -1.0184 0.00119999999999997 -0.99 0.5996 -0.9188 -0.9252 -1.0348 -1.1252 0.1232 0.8196 -0.5228 0.8008 0.7724 0.0318 0.93 -0.5506 0.8118 0.8172 0.9628 0.8722 0.1356 0.8968 -0.4724 0.9264 0.8392 -0.0306 0.89 -0.6498 0.8294 0.8576 1.0624 0.9526
-0.48 -0.47 -0.51 1.72 1.16 2.12 0.18 2.04 -1.97 0 -2.01 2.03 0.12 -2.12 -1.13 -0.350445743073612 -0.0181215282909077 -0.452551580567078 -0.7012 -0.5336 -1.0352 -0.0728 -0.9784 0.9312 0.05 1.0496 -0.8688 -0.00519999999999997 1.0852 0.5248 -0.8168 -0.5904 -0.9928 -0.1392 -1.1076 0.9718 -0.01 0.8594 -1.0682 -0.1228 0.9628 0.4022 -0.8844 -0.6332 -0.9824 -0.0936 -1.2008 0.9894 -0.13 0.8802 -1.2106 -0.1624 1.0624 0.4426
-0.48 -0.47 -0.51 1.72 -1.84 2.12 0.18 2.04 -1.97 2 -2.01 -1.97 1.12 -1.12 -0.13 0.753114901162509 1.18920107552446 1.9679450584382 -0.7012 0.9064 -1.0352 -0.0728 -0.9784 0.9312 -0.91 1.0496 1.0512 -0.4852 0.6052 0.0448 -0.8168 0.8196 -0.9928 -0.1392 -1.1076 0.9718 -0.95 0.8594 0.8118 -0.5928 0.4928 -0.0678 -0.8844 0.8968 -0.9824 -0.0936 -1.2008 0.9894 -1.15 0.8802 0.8294 -0.6724 0.5524 -0.0674
0.52 0.53 0.49 -0.28 -0.84 -0.88 -1.82 0.04 0.03 0 -0.00999999999999979 0.03 0.12 -0.12 -1.13 -0.223166435117162 1.51134628227144 0.928895633676664 -0.0212 -0.4136 -0.4752 -0.9328 0.0216 0.00119999999999997 0.05 0.0796 0.1212 0.1148 0.00519999999999998 -0.6052 -0.1568 -0.4904 -0.4628 -1.0192 -0.1276 0.0618 -0.01 -0.0906 -0.0982 -0.00280000000000002 -0.0972 -0.7278 -0.1444 -0.4532 -0.3324 -0.8936 -0.1408 -0.000600000000000038 -0.13 -0.1498 -0.1606 -0.0424 -0.0776 -0.6874
0.52 0.53 0.49 -0.28 -1.84 -1.88 0.18 1.04 2.03 2 -2.01 2.03 -1.88 0.88 0.87 0.905698698655664 0.789892381864822 1.05745049240473 -0.0212 -0.9336 -0.9952 0.1072 0.5416 1.0412 1.09 -0.9604 1.1612 -0.9252 0.5252 0.4348 -0.1568 -1.0204 -0.9928 0.0408 0.4024 1.1218 1.05 -1.1506 0.9618 -1.0628 0.4328 0.3322 -0.1444 -0.9432 -0.8224 0.0864 0.3492 0.9794 0.85 -1.1298 0.8194 -1.0224 0.4124 0.2926
0.52 -0.47 -0.51 1.72 -1.84 1.12 0.18 0.04 2.03 -1 -2.01 -0.97 1.12 -2.12 -0.13 0.342440666481472 1.44629846906017 0.773320054253029 1.0188 -0.9336 0.5648 0.1072 0.0216 1.0412 -0.47 -0.9604 -0.3988 0.6348 -1.0348 -0.0852 -0.8168 0.8196 -0.5228 -0.1392 -0.1676 -0.9082 0.46 0.8594 0.3418 -0.5928 0.9628 -0.0678 -0.8844 0.8968 -0.4724 -0.0936 -0.1808 -1.0506 0.38 0.8802 0.3194 -0.6724 1.0624 -0.0674
