0.5 -0.51 0.46 0.13 -2.08 2.12 -1.18 -1.05 -2.03 -0.13 -0.17 -2.03 -0.98 0.85 -0.9 0.364319406812992 0.747771349285572 -0.247691783104138 -0.12 -1 0.99 -0.63 -0.58 -0.88 -0.07 -0.16 -1.03 -0.44 0.58 -0.43 -0.1626 1.0916 -1.0624 0.5036 0.451 1.0206 -0.0174 0.0434 0.9806 0.4496 -0.407 0.348 -0.0704 -0.9736 0.8004 -0.6056 -0.696 -0.9976 -0.1396 -0.2464 -1.0676 -0.5016 0.292 -0.568
-0.5 -0.51 -0.54 -0.87 -2.08 -0.88 -2.18 1.95 -0.0299999999999998 0.87 1.83 0.97 2.02 1.85 2.1 0.859903296974532 -0.261827284437095 0.202103826618468 0.25 1.08 0.37 1.05 -1.03 0.15 -0.44 -0.99 -0.5 -0.96 -0.77 -1.03 0.3474 1.0916 0.4676 1.0136 -1.079 0.000600000000000007 -0.5274 -0.9766 -0.5494 -1.0804 -0.917 -1.182 0.3396 1.1064 0.3004 1.1144 -1.266 -0.0476 -0.5496 -1.1564 -0.6576 -1.1416 -1.098 -1.288
0.5 0.49 0.46 2.13 1.92 2.12 1.82 -1.05 -2.03 1.87 -2.17 1.97 -1.98 -1.15 0.1 2.0604664236797 1.90379257463478 3.03268641603718 0.88 1 0.99 0.87 -0.58 -0.88 0.93 -1.16 0.97 -0.94 -0.42 0.07 0.9474 0.9716 1.0576 0.7936 -0.599 -1.0094 0.8326 -1.1066 0.9106 -1.0204 -0.537 -0.062 0.8496 0.8664 0.8004 0.7744 -0.696 -0.9976 0.7804 -1.1664 0.7724 -0.9616 -0.628 -0.108
0.5 0.49 0.46 2.13 -1.08 2.12 1.82 0.95 -1.03 1.87 0.83 0.97 1.02 1.85 2.1 3.66283276292061 0.946772742284472 1.92685811342101 0.88 -0.5 0.99 0.87 0.42 -0.38 0.93 0.34 0.47 0.56 1.08 1.07 0.9474 -0.4984 1.0576 0.7936 0.381 -0.5194 0.8326 0.3634 0.4206 0.4496 0.933 0.918 0.8496 -0.5136 0.8004 0.7744 0.224 -0.5376 0.7804 0.2136 0.3124 0.4184 0.752 0.812
-0.5 0.49 0.46 -1.87 0.92 2.12 -0.18 -0.0499999999999998 -2.03 1.87 -0.17 -2.03 -1.98 -2.15 1.1 0.192952070647883 0.916621818996582 1.70368287524151 0.75 -0.42 -1.13 0.05 -0.03 1.15 -0.94 0.01 1 1.04 1.23 -0.53 -1.0126 0.4816 1.0576 -0.1864 -0.109 -1.0094 0.8326 -0.1266 -1.0494 -1.0204 -1.027 0.428 -0.9904 0.4064 0.8004 -0.1456 -0.236 -0.9976 0.7804 -0.2464 -1.0676 -0.9616 -1.088 0.352
0.5 0.49 -0.54 0.13 1.92 -1.88 -2.18 -1.05 1.97 0.87 1.83 0.97 -1.98 -2.15 -1.9 0.201301335118101 0.0232047951862834 1.05550374174596 -0.12 1 -1.01 -1.13 -0.58 1.12 0.43 0.84 0.47 -0.94 -0.92 -0.93 -0.0326 0.9716 -0.9024 -1.1664 -0.599 0.9506 0.3426 0.8534 0.4206 -1.0204 -1.027 -1.042 -0.2004 -1.0536 0.8404 1.1144 0.354 -1.1276 -0.5496 -1.1564 -0.6576 1.0184 1.062 0.872
-0.5 0.49 0.46 -1.87 1.92 -1.88 -0.18 -1.05 -1.03 -0.13 0.83 1.97 1.02 -2.15 -0.9 1.61075834151579 1.58810862537615 1.18933345194331 0.75 -0.92 0.87 0.05 0.47 0.65 0.06 -0.49 -1 -0.46 1.23 0.47 -1.0126 0.9716 -0.9024 -0.1864 -0.599 -0.5194 -0.1474 0.3634 0.9106 0.4496 -1.027 -0.552 -0.9904 0.8664 -1.0396 -0.1456 -0.696 -0.5376 -0.1396 0.2136 0.7724 0.4184 -1.088 -0.568
-0.5 0.49 -0.54 0.13 -2.08 -1.88 -2.18 -2.05 -1.03 -2.13 -1.17 -1.03 -1.98 -1.15 -1.9 0.565025796359582 0.902273013799317 -0.188475085462608 -0.25 1.08 0.87 1.05 0.97 0.65 1.06 0.51 0.5 1.04 0.73 0.97 -0.0326 -0.9884 -0.9024 -1.1664 -1.089 -0.5194 -1.1274 -0.6166 -0.5594 -1.0204 -0.537 -1.042 -0.2004 1.1064 0.8404 1.1144 0.894 0.4924 1.0704 0.4636 0.4224 1.0184 0.522 0.872
0.5 0.49 0.46 -1.87 -1.08 2.12 -0.18 0.95 1.97 -1.13 -2.17 -2.03 -1.98 -0.15 0.1 -0.593510730737966 -0.0315604494521925 0.987512244262073 -1.12 -0.5 0.99 -0.13 0.42 1.12 -0.57 -1.16 -1.03 -0.94 0.08 0.07 -1.0126 -0.4984 1.0576 -0.1864 0.381 0.9506 -0.6374 -1.1066 -1.0494 -1.0204 -0.047 -0.062 -0.9904 -0.5136 0.8004 -0.1456 0.224 0.8424 -0.5996 -1.1664 -1.0676 -0.9616 -0.168 -0.108
-0.5 -0.51 -0.54 -1.87 0.92 -1.88 -0.18 -0.0499999999999998 -2.03 -2.13 -2.17 -2.03 0.02 -2.15 -1.9 0.0602164560001041 1.45675189474045 0.841222494808947 0.75 -0.42 0.87 0.05 -0.03 1.15 1.06 1.01 1 0.04 1.23 0.97 0.8574 -0.4384 0.9776 -0.00640000000000003 -0.059 1.0206 1.0026 1.0634 0.9806 -0.0604 1.123 0.858 0.8796 -0.5136 0.8404 0.0344 -0.186 1.0324 1.0704 1.0036 0.9624 -0.0616 1.062 0.872
0.5 -0.51 0.46 -1.87 -1.08 2.12 -2.18 0.95 -2.03 -2.13 -0.17 -1.03 -0.98 -2.15 -1.9 -0.730283968186366 -0.204080107921689 2.36887878538824 -1.12 -0.5 0.99 -1.13 0.42 -0.88 -1.07 -0.16 -0.53 -0.44 -0.92 -0.93 0.8574 0.5816 -1.0624 1.0136 -0.569 1.0206 1.0026 0.0434 0.4706 0.4496 1.123 0.858 -0.9904 -0.5136 0.8004 -1.0656 0.224 -0.9976 -1.0596 -0.2464 -0.6076 -0.5016 -1.088 -1.028
-0.5 -0.51 -0.54 2.13 -1.08 -0.88 -2.18 -2.05 0.97 -0.13 -2.17 -1.03 1.02 -0.15 1.1 0.303587283539824 1.1012947895822 2.64239009513144 -1.25 0.58 0.37 1.05 0.97 -0.35 0.06 1.01 0.5 -0.46 0.23 -0.53 -1.1826 0.5816 0.4676 1.0136 0.961 -0.5094 -0.0174 1.0634 0.4706 -0.5704 0.103 -0.672 -1.2804 0.5664 0.3004 1.1144 0.894 -0.5876 -0.00960000000000001 1.0036 0.4224 -0.6016 -0.018 -0.748
-0.5 -0.51 0.46 -1.87 1.92 2.12 0.82 1.95 1.97 -2.13 0.83 1.97 -1.98 1.85 2.1 0.170559714096744 -1.32115186979567 -0.913286241954575 0.75 -0.92 -1.13 -0.45 -1.03 -0.85 1.06 -0.49 -1 1.04 -0.77 -1.03 0.8574 -0.9484 -1.0624 -0.5164 -1.079 -1.0194 1.0026 -0.4666 -1.0594 0.9596 -0.917 -1.182 -0.9904 0.8664 0.8004 0.3144 0.684 0.8424 -1.0596 0.2136 0.7724 -0.9616 0.752 0.812
0.5 0.49 0.46 0.13 1.92 -1.88 -1.18 1.95 -2.03 -1.13 -0.17 1.97 1.02 -0.15 -0.9 0.793609424478474 -0.10931900236745 0.587431330925059 -0.12 1 -1.01 -0.63 0.92 -0.88 -0.57 -0.16 0.97 0.56 0.08 -0.43 -0.0326 0.9716 -0.9024 -0.6764 0.871 -1.0094 -0.6374 -0.1266 0.9106 0.4496 -0.047 -0.552 -0.0704 0.8664 -1.0396 -0.6056 0.684 -0.9976 -0.5996 -0.2464 0.7724 0.4184 -0.168 -0.568
0.5 0.49 0.46 -0.87 -2.08 0.12 -2.18 0.95 -2.03 -2.13 -2.17 -0.0299999999999998 1.02 -2.15 0.1 0.745587216693771 1.06365580164667 1.45421535517918 -0.62 -1 -0.01 -1.13 0.42 -0.88 -1.07 -1.16 -0.03 0.56 -0.92 0.07 -0.5226 -0.9884 0.0776 -1.1664 0.381 -1.0094 -1.1274 -1.1066 -0.0694 0.4496 -1.027 -0.062 -0.5304 -0.9736 -0.1196 -1.0656 0.224 -0.9976 -1.0596 -1.1664 -0.1476 0.4184 -1.088 -0.108
0.5 -0.51 0.46 2.13 -0.0800000000000001 0.12 1.82 -0.0499999999999998 1.97 0.87 1.83 0.97 -0.98 -2.15 -1.9 -0.704922449689957 -0.356633407862143 -0.151538782661065 0.88 0 -0.01 0.87 -0.08 1.12 0.43 0.84 0.47 -0.44 -0.92 -0.93 -1.1826 0.0716 -0.0424 -1.0264 -0.059 -1.0194 -0.5274 -0.9766 -0.5494 0.4496 1.123 0.858 0.8496 -0.0536 -0.1196 0.7744 -0.236 0.8424 0.3204 0.6736 0.3124 -0.5016 -1.088 -1.028
0.5 0.49 0.46 0.13 1.92 -1.88 1.82 -0.0499999999999998 1.97 0.87 1.83 0.97 -0.98 0.85 -0.9 -0.119453616138766 -0.519923939377016 1.40276775294322 -0.12 1 -1.01 0.87 -0.08 1.12 0.43 0.84 0.47 -0.44 0.58 -0.43 -0.0326 0.9716 -0.9024 0.7936 -0.109 0.9506 0.3426 0.8534 0.4206 -0.5304 0.443 -0.552 -0.0704 0.8664 -1.0396 0.7744 -0.236 0.8424 0.3204 0.6736 0.3124 -0.5016 0.292 -0.568
0.5 -0.51 0.46 -0.87 0.92 1.12 1.82 -2.05 -1.03 -1.13 0.83 -2.03 2.02 -0.15 -0.9 1.84116525180423 2.62346836947149 3.70214950388403 -0.62 0.5 0.49 0.87 -1.08 -0.38 -0.57 0.34 -1.03 1.06 0.08 -0.43 0.3474 -0.4384 -0.5524 -1.0264 0.961 0.5106 0.4926 -0.4666 0.9806 -1.0804 0.103 0.348 -0.5304 0.4064 0.3404 0.7744 -1.156 -0.5376 -0.5996 0.2136 -1.0676 0.8784 -0.168 -0.568
0.5 0.49 0.46 0.13 1.92 -1.88 0.82 1.95 -1.03 1.87 0.83 -2.03 0.02 -1.15 2.1 1.10316326617561 -1.30226117690363 -1.00287736703191 -0.12 1 -1.01 0.37 0.92 -0.38 0.93 0.34 -1.03 0.06 -0.42 1.07 -0.0326 0.9716 -0.9024 0.3036 0.871 -0.5194 0.8326 0.3634 -1.0494 -0.0404 -0.537 0.918 -0.0704 0.8664 -1.0396 0.3144 0.684 -0.5376 0.7804 0.2136 -1.0676 -0.0416 -0.628 0.812
-0.5 0.49 0.46 2.13 -2.08 -0.88 1.82 -0.0499999999999998 0.97 1.87 1.83 1.97 2.02 1.85 -0.9 1.79961821890889 2.8208898505665 3.2530084440111 -1.25 1.08 0.37 -0.95 -0.03 -0.35 -0.94 -0.99 -1 -0.96 -0.77 0.47 0.9474 -0.9884 -0.4124 0.7936 -0.109 0.4606 0.8326 0.8534 0.9106 0.9396 0.933 -0.552 0.8496 -0.9736 -0.5796 0.7744 -0.236 0.3824 0.7804 0.6736 0.7724 0.8784 0.752 -0.568
-0.5 0.49 -0.54 -0.87 1.92 -1.88 1.82 1.95 -2.03 1.87 0.83 -2.03 -1.98 0.85 0.1 0.543943004740642 1.63703121338167 1.94669687958157 0.25 -0.92 0.87 -0.95 -1.03 1.15 -0.94 -0.49 1 1.04 -0.27 -0.03 -0.5226 0.9716 -0.9024 0.7936 0.871 -1.0094 0.8326 0.3634 -1.0494 -1.0204 0.443 -0.062 0.3396 -1.0536 0.8404 -1.0456 -1.266 1.0324 -1.0896 -0.6164 0.9624 1.0184 -0.558 -0.208
0.5 0.49 0.46 2.13 1.92 -0.88 0.82 0.95 1.97 -2.13 -0.17 0.97 0.02 -1.15 2.1 0.343925018411709 0.274747018552589 0.93234118400705 0.88 1 -0.51 0.37 0.42 1.12 -1.07 -0.16 0.47 0.06 -0.42 1.07 0.9474 0.9716 -0.4124 0.3036 0.381 0.9506 -1.1274 -0.1266 0.4206 -0.0404 -0.537 0.918 0.8496 0.8664 -0.5796 0.3144 0.224 0.8424 -1.0596 -0.2464 0.3124 -0.0416 -0.628 0.812
0.5 0.49 0.46 1.13 1.92 2.12 -1.18 1.95 1.97 -1.13 1.83 -1.03 1.02 1.85 2.1 2.81896021067737 1.45080802209084 3.72305840395909 0.38 1 0.99 -0.63 0.92 1.12 -0.57 0.84 -0.53 0.56 1.08 1.07 0.4574 0.9716 1.0576 -0.6764 0.871 0.9506 -0.6374 0.8534 -0.5594 0.4496 0.933 0.918 0.3896 0.8664 0.8004 -0.6056 0.684 0.8424 -0.5996 0.6736 -0.6076 0.4184 0.752 0.812
-0.5 0.49 0.46 -1.87 -2.08 2.12 1.82 0.95 -1.03 1.87 -0.17 1.97 1.02 1.85 2.1 0.0124260028451527 0.441262130619389 -0.335983658543969 0.75 1.08 -1.13 -0.95 -0.53 0.65 -0.94 0.01 -1 -0.46 -0.77 -1.03 -1.0126 -0.9884 1.0576 0.7936 0.381 -0.5194 0.8326 -0.1266 0.9106 0.4496 0.933 0.918 -0.9904 -0.9736 0.8004 0.7744 0.224 -0.5376 0.7804 -0.2464 0.7724 0.4184 0.752 0.812
0.5 -0.51 -0.54 -1.87 -2.08 -1.88 -2.18 -1.05 -1.03 -2.13 -0.17 -0.0299999999999998 0.02 -0.15 -1.9 -0.12548889927204 0.526871054113661 0.249322410443274 -1.12 -1 -1.01 -1.13 -0.58 -0.38 -1.07 -0.16 -0.03 0.06 0.08 -0.93 0.8574 1.0916 0.9776 1.0136 0.451 0.5106 1.0026 0.0434 -0.0394 -0.0604 0.103 0.858 0.8796 1.1064 0.8404 1.1144 0.354 0.4924 1.0704 -0.0764 -0.1176 -0.0616 -0.018 0.872
0.5 0.49 0.46 2.13 -2.08 1.12 -1.18 1.95 1.97 -2.13 1.83 -2.03 -1.98 -2.15 0.1 -0.536170878357299 -0.135945436381803 1.58495402161337 0.88 -1 0.49 -0.63 0.92 1.12 -1.07 0.84 -1.03 -0.94 -0.92 0.07 0.9474 -0.9884 0.5676 -0.6764 0.871 0.9506 -1.1274 0.8534 -1.0494 -1.0204 -1.027 -0.062 0.8496 -0.9736 0.3404 -0.6056 0.684 0.8424 -1.0596 0.6736 -1.0676 -0.9616 -1.088 -0.108
-0.5 0.49 -0.54 1.13 -2.08 -0.88 1.82 1.95 -0.0299999999999998 -2.13 -1.17 -1.03 0.02 -0.15 -0.9 1.50268401267175 0.131427751684361 1.57468519120241 -0.75 1.08 0.37 -0.95 -1.03 0.15 1.06 0.51 0.5 0.04 0.23 0.47 0.4574 -0.9884 -0.4124 0.7936 0.871 -0.0294 -1.1274 -0.6166 -0.5594 -0.0404 -0.047 -0.552 -0.7404 1.1064 0.3004 -1.0456 -1.266 -0.0476 1.0704 0.4636 0.4224 -0.0616 -0.018 0.332
-0.5 -0.51 0.46 2.13 -1.08 0.12 -0.18 -1.05 1.97 1.87 0.83 1.97 2.02 1.85 2.1 3.03706432122322 2.18903012576483 1.92704303069885 -1.25 0.58 -0.13 0.05 0.47 -0.85 -0.94 -0.49 -1 -0.96 -0.77 -1.03 -1.1826 0.5816 -0.0424 -0.00640000000000003 0.451 -1.0194 -1.0374 -0.4666 -1.0594 -1.0804 -0.917 -1.182 0.8496 -0.5136 -0.1196 -0.1456 -0.696 0.8424 0.7804 0.2136 0.7724 0.8784 0.752 0.812
-0.5 0.49 -0.54 -1.87 -0.0800000000000001 1.12 -0.18 -1.05 0.97 -0.13 -1.17 -1.03 2.02 -0.15 0.1 1.3806743337618 -0.171693840000298 0.160136943445613 0.75 0.08 -0.63 0.05 0.47 -0.35 0.06 0.51 0.5 -0.96 0.23 -0.03 -1.0126 -0.00839999999999999 0.5676 -0.1864 -0.599 0.4606 -0.1474 -0.6166 -0.5594 0.9396 -0.047 -0.062 0.8796 0.0264 -0.7796 0.0344 0.354 -0.5876 -0.00960000000000001 0.4636 0.4224 -1.1416 -0.018 -0.208
-0.5 -0.51 0.46 2.13 1.92 2.12 0.82 0.95 0.97 0.87 1.83 1.97 2.02 1.85 1.1 1.10271846846798 1.60916388696216 2.59199650760246 -1.25 -0.92 -1.13 -0.45 -0.53 -0.35 -0.44 -0.99 -1 -0.96 -0.77 -0.53 -1.1826 -0.9484 -1.0624 -0.5164 -0.569 -0.5094 -0.5274 -0.9766 -1.0594 -1.0804 -0.917 -0.672 0.8496 0.8664 0.8004 0.3144 0.224 0.3824 0.3204 0.6736 0.7724 0.8784 0.752 0.352
-0.5 0.49 0.46 1.13 -2.08 1.12 -1.18 0.95 1.97 -1.13 -1.17 -2.03 -1.98 -1.15 2.1 0.731465229540255 1.51638097862057 1.6419149305047 -0.75 1.08 -0.63 0.55 -0.53 -0.85 0.56 0.51 1 1.04 0.73 -1.03 0.4574 -0.9884 0.5676 -0.6764 0.381 0.9506 -0.6374 -0.6166 -1.0494 -1.0204 -0.537 0.918 0.3896 -0.9736 0.3404 -0.6056 0.224 0.8424 -0.5996 -0.7064 -1.0676 -0.9616 -0.628 0.812
-0.5 0.49 -0.54 -1.87 -1.08 2.12 1.82 -1.05 1.97 -2.13 -2.17 1.97 0.02 -0.15 -1.9 2.55339305016657 0.716049609534205 1.37235399790514 0.75 0.58 -1.13 -0.95 0.47 -0.85 1.06 1.01 -1 0.04 0.23 0.97 -1.0126 -0.4984 1.0576 0.7936 -0.599 0.9506 -1.1274 -1.1066 0.9106 -0.0404 -0.047 -1.042 0.8796 0.5664 -1.3196 -1.0456 0.354 -1.1276 1.0704 1.0036 -1.1976 -0.0616 -0.018 0.872
0.5 0.49 0.46 0.13 1.92 1.12 0.82 1.95 -1.03 1.87 1.83 1.97 1.02 1.85 2.1 1.46541621491161 1.41124914570449 0.402558377730316 -0.12 1 0.49 0.37 0.92 -0.38 0.93 0.84 0.97 0.56 1.08 1.07 -0.0326 0.9716 0.5676 0.3036 0.871 -0.5194 0.8326 0.8534 0.9106 0.4496 0.933 0.918 -0.0704 0.8664 0.3404 0.3144 0.684 -0.5376 0.7804 0.6736 0.7724 0.4184 0.752 0.812
0.5 -0.51 0.46 2.13 -1.08 -0.88 1.82 -0.0499999999999998 -2.03 -2.13 -0.17 -2.03 0.02 -1.15 -0.9 1.32197625558275 1.19629150073756 2.5485828143745 0.88 -0.5 -0.51 0.87 -0.08 -0.88 -1.07 -0.16 -1.03 0.06 -0.42 -0.43 -1.1826 0.5816 0.4676 -1.0264 -0.059 1.0206 1.0026 0.0434 0.9806 -0.0604 0.613 0.348 0.8496 -0.5136 -0.5796 0.7744 -0.236 -0.9976 -1.0596 -0.2464 -1.0676 -0.0416 -0.628 -0.568
0.5 -0.51 -0.54 2.13 -2.08 2.12 0.82 0.95 -2.03 1.87 1.83 0.97 2.02 -2.15 -0.9 1.44877551366425 1.72218867581064 0.744710995807096 0.88 -1 0.99 0.37 0.42 -0.88 0.93 0.84 0.47 1.06 -0.92 -0.43 -1.1826 1.0916 -1.0624 -0.5164 -0.569 1.0206 -1.0374 -0.9766 -0.5494 -1.0804 1.123 0.348 -1.2804 1.1064 -1.3196 -0.5056 -0.726 1.0324 -1.0896 -1.1564 -0.6576 -1.1416 1.062 0.332
-0.5 0.49 0.46 2.13 0.92 -1.88 -2.18 0.95 1.97 -0.13 0.83 -0.0299999999999998 2.02 -1.15 0.1 1.78822318669104 1.69480542327021 2.74398925185647 -1.25 -0.42 0.87 1.05 -0.53 -0.85 0.06 -0.49 1.73472347597681e-18 -0.96 0.73 -0.03 0.9474 0.4816 -0.9024 -1.1664 0.381 0.9506 -0.1474 0.3634 -0.0694 0.9396 -0.537 -0.062 0.8496 0.4064 -1.0396 -1.0656 0.224 0.8424 -0.1396 0.2136 -0.1476 0.8784 -0.628 -0.108
-0.5 0.49 0.46 -1.87 1.92 -1.88 0.82 -1.05 -2.03 -2.13 -0.17 -0.0299999999999998 -1.98 -1.15 -0.9 0.865423982595141 0.306695041589548 0.341010387219349 0.75 -0.92 0.87 -0.45 0.47 1.15 1.06 0.01 1.73472347597681e-18 1.04 0.73 0.47 -1.0126 0.9716 -0.9024 0.3036 -0.599 -1.0094 -1.1274 -0.1266 -0.0694 -1.0204 -0.537 -0.552 -0.9904 0.8664 -1.0396 0.3144 -0.696 -0.9976 -1.0596 -0.2464 -0.1476 -0.9616 -0.628 -0.568
0.5 0.49 -0.54 2.13 1.92 1.12 -1.18 -0.0499999999999998 -0.0299999999999998 1.87 -2.17 -1.03 1.02 -2.15 -1.9 -0.000858600132680215 0.543726686119927 -0.345833321040394 0.88 1 0.49 -0.63 -0.08 0.12 0.93 -1.16 -0.53 0.56 -0.92 -0.93 0.9474 0.9716 0.5676 -0.6764 -0.109 -0.0294 0.8326 -1.1066 -0.5594 0.4496 -1.027 -1.042 -1.2804 -1.0536 -0.7796 0.5744 -0.186 -0.0476 -1.0896 1.0036 0.4224 -0.6016 1.062 0.872
-0.5 -0.51 -0.54 2.13 1.92 1.12 1.82 -2.05 -2.03 1.87 -2.17 -2.03 -1.98 -2.15 -1.9 -1.4060052151486 -2.05092376469459 -0.660260260077291 -1.25 -0.92 -0.63 -0.95 0.97 1.15 -0.94 1.01 1 1.04 1.23 0.97 -1.1826 -0.9484 -0.5524 -1.0264 0.961 1.0206 -1.0374 1.0634 0.9806 0.9596 1.123 0.858 -1.2804 -1.0536 -0.7796 -1.0456 0.894 1.0324 -1.0896 1.0036 0.9624 1.0184 1.062 0.872
-0.5 -0.51 0.46 0.13 1.92 2.12 -0.18 -0.0499999999999998 1.97 0.87 0.83 -1.03 1.02 -0.15 2.1 0.469779212592698 0.668813510835158 -0.00147264203010861 -0.25 -0.92 -1.13 0.05 -0.03 -0.85 -0.44 -0.49 0.5 -0.46 0.23 -1.03 -0.1626 -0.9484 -1.0624 -0.00640000000000003 -0.059 -1.0194 -0.5274 -0.4666 0.4706 -0.5704 0.103 -1.182 -0.0704 0.8664 0.8004 -0.1456 -0.236 0.8424 0.3204 0.2136 -0.6076 0.4184 -0.168 0.812
0.5 -0.51 0.46 1.13 -2.08 0.12 -1.18 0.95 -1.03 0.87 -1.17 -1.03 -1.98 -2.15 -1.9 0.700548353176477 1.14859286878613 0.665614135386101 0.38 -1 -0.01 -0.63 0.42 -0.38 0.43 -0.66 -0.53 -0.94 -0.92 -0.93 -0.6726 1.0916 -0.0424 0.5036 -0.569 0.5106 -0.5274 0.5534 0.4706 0.9596 1.123 0.858 0.3896 -0.9736 -0.1196 -0.6056 0.224 -0.5376 0.3204 -0.7064 -0.6076 -0.9616 -1.088 -1.028
-0.5 -0.51 -0.54 -1.87 -2.08 -1.88 1.82 -2.05 -0.0299999999999998 1.87 1.83 1.97 -1.98 -0.15 -1.9 1.35018346435316 1.88602270225144 -0.0955874030229518 0.75 1.08 0.87 -0.95 0.97 0.15 -0.94 -0.99 -1 1.04 0.23 0.97 0.8574 1.0916 0.9776 -1.0264 0.961 0.000600000000000007 -1.0374 -0.9766 -1.0594 0.9596 0.103 0.858 0.8796 1.1064 0.8404 -1.0456 0.894 -0.0476 -1.0896 -1.1564 -1.1976 1.0184 -0.018 0.872
-0.5 -0.51 -0.54 -1.87 0.92 -1.88 -1.18 1.95 -1.03 -0.13 -2.17 1.97 1.02 0.85 -1.9 0.0166174564576967 0.650049923826032 0.361970042265991 0.75 -0.42 0.87 0.55 -1.03 0.65 0.06 1.01 -1 -0.46 -0.27 0.97 0.8574 -0.4384 0.9776 0.5036 -1.079 0.5106 -0.0174 1.0634 -1.0594 -0.5704 -0.407 0.858 0.8796 -0.5136 0.8404 0.5744 -1.266 0.4924 -0.00960000000000001 1.0036 -1.1976 -0.6016 -0.558 0.872
-0.5 0.49 -0.54 2.13 -2.08 2.12 1.82 -2.05 1.97 -0.13 -0.17 -1.03 2.02 0.85 1.1 1.82338851598429 0.749775934045278 -0.027529304793491 -1.25 1.08 -1.13 -0.95 0.97 -0.85 0.06 0.01 0.5 -0.96 -0.27 -0.53 0.9474 -0.9884 1.0576 0.7936 -1.089 0.9506 -0.1474 -0.1266 -0.5594 0.9396 0.443 0.428 -1.2804 1.1064 -1.3196 -1.0456 0.894 -1.1276 -0.00960000000000001 -0.0764 0.4224 -1.1416 -0.558 -0.748
-0.5 -0.51 -0.54 -1.87 0.92 -0.88 1.82 0.95 1.97 1.87 -2.17 -2.03 1.02 -1.15 1.1 0.0372567747007758 1.44614267781379 1.57394002915289 0.75 -0.42 0.37 -0.95 -0.53 -0.85 -0.94 1.01 1 -0.46 0.73 -0.53 0.8574 -0.4384 0.4676 -1.0264 -0.569 -1.0194 -1.0374 1.0634 0.9806 -0.5704 0.613 -0.672 0.8796 -0.5136 0.3004 -1.0456 -0.726 -1.1276 -1.0896 1.0036 0.9624 -0.6016 0.522 -0.748
-0.5 0.49 -0.54 -1.87 -0.0800000000000001 2.12 -1.18 -1.05 -2.03 -0.13 -2.17 -0.0299999999999998 -1.98 -1.15 -0.9 1.83025890958963 1.55090624105494 2.46019447804585 0.75 0.08 -1.13 0.55 0.47 1.15 0.06 1.01 1.73472347597681e-18 1.04 0.73 0.47 -1.0126 -0.00839999999999999 1.0576 -0.6764 -0.599 -1.0094 -0.1474 -1.1066 -0.0694 -1.0204 -0.537 -0.552 0.8796 0.0264 -1.3196 0.5744 0.354 1.0324 -0.00960000000000001 1.0036 -0.1176 1.0184 0.522 0.332
0.5 0.49 -0.54 0.13 -1.08 0.12 1.82 -2.05 -2.03 1.87 1.83 -0.0299999999999998 1.02 -2.15 -0.9 1.50615408263632 2.51562988793179 0.792693212445167 -0.12 -0.5 -0.01 0.87 -1.08 -0.88 0.93 0.84 -0.03 0.56 -0.92 -0.43 -0.0326 -0.4984 0.0776 0.7936 -1.089 -1.0094 0.8326 0.8534 -0.0694 0.4496 -1.027 -0.552 -0.2004 0.5664 -0.2396 -1.0456 0.894 1.0324 -1.0896 -1.1564 -0.1176 -0.6016 1.062 0.332
0.5 0.49 0.46 -1.87 -2.08 2.12 1.82 -2.05 -1.03 -1.13 0.83 0.97 -0.98 -0.15 0.1 1.58559001050543 0.0599764760176493 -0.371603101681546 -1.12 -1 0.99 0.87 -1.08 -0.38 -0.57 0.34 0.47 -0.44 0.08 0.07 -1.0126 -0.9884 1.0576 0.7936 -1.089 -0.5194 -0.6374 0.3634 0.4206 -0.5304 -0.047 -0.062 -0.9904 -0.9736 0.8004 0.7744 -1.156 -0.5376 -0.5996 0.2136 0.3124 -0.5016 -0.168 -0.108
-0.5 -0.51 -0.54 -1.87 1.92 2.12 0.82 -2.05 0.97 -1.13 -2.17 1.97 -0.98 -2.15 -1.9 1.15844887730042 1.33601352840903 3.14859340156213 0.75 -0.92 -1.13 -0.45 0.97 -0.35 0.56 1.01 -1 0.54 1.23 0.97 0.8574 -0.9484 -1.0624 -0.5164 0.961 -0.5094 0.4926 1.0634 -1.0594 0.4496 1.123 0.858 0.8796 -1.0536 -1.3196 -0.5056 0.894 -0.5876 0.5304 1.0036 -1.1976 0.4784 1.062 0.872
0.5 0.49 0.46 1.13 -2.08 2.12 0.82 -2.05 -2.03 0.87 1.83 -2.03 -1.98 -0.15 0.1 1.97887297518019 0.150369369710831 1.75504979869214 0.38 -1 0.99 0.37 -1.08 -0.88 0.43 0.84 -1.03 -0.94 0.08 0.07 0.4574 -0.9884 1.0576 0.3036 -1.089 -1.0094 0.3426 0.8534 -1.0494 -1.0204 -0.047 -0.062 0.3896 -0.9736 0.8004 0.3144 -1.156 -0.9976 0.3204 0.6736 -1.0676 -0.9616 -0.168 -0.108
0.5 0.49 0.46 -0.87 -1.08 1.12 1.82 -0.0499999999999998 -2.03 -0.13 -1.17 -0.0299999999999998 1.02 -0.15 -0.9 1.0651560482951 0.246039779415999 1.0172648886658 -0.62 -0.5 0.49 0.87 -0.08 -0.88 -0.07 -0.66 -0.03 0.56 0.08 -0.43 -0.5226 -0.4984 0.5676 0.7936 -0.109 -1.0094 -0.1474 -0.6166 -0.0694 0.4496 -0.047 -0.552 -0.5304 -0.5136 0.3404 0.7744 -0.236 -0.9976 -0.1396 -0.7064 -0.1476 0.4184 -0.168 -0.568
0.5 -0.51 0.46 2.13 -0.0800000000000001 0.12 -2.18 -2.05 -2.03 -1.13 -2.17 -2.03 -1.98 -0.15 -1.9 0.655051869150293 0.79973281549177 1.00223447979685 0.88 0 -0.01 -1.13 -1.08 -0.88 -0.57 -1.16 -1.03 -0.94 0.08 -0.93 -1.1826 0.0716 -0.0424 1.0136 0.961 1.0206 0.4926 1.0634 0.9806 0.9596 0.103 0.858 0.8496 -0.0536 -0.1196 -1.0656 -1.156 -0.9976 -0.5996 -1.1664 -1.0676 -0.9616 -0.168 -1.028
0.5 0.49 0.46 0.13 1.92 -1.88 -0.18 0.95 -0.0299999999999998 0.87 1.83 0.97 2.02 -1.15 0.1 0.341560308356126 -0.435921646744964 1.59859581204794 -0.12 1 -1.01 -0.13 0.42 0.12 0.43 0.84 0.47 1.06 -0.42 0.07 -0.0326 0.9716 -0.9024 -0.1864 0.381 -0.0294 0.3426 0.8534 0.4206 0.9396 -0.537 -0.062 -0.0704 0.8664 -1.0396 -0.1456 0.224 -0.0776 0.3204 0.6736 0.3124 0.8784 -0.628 -0.108
0.5 -0.51 0.46 0.13 -1.08 2.12 1.82 1.95 1.97 -0.13 -1.17 -0.0299999999999998 2.02 0.85 1.1 1.11583103600404 0.0140419906195423 0.992215079619244 -0.12 -0.5 0.99 0.87 0.92 1.12 -0.07 -0.66 -0.03 1.06 0.58 0.57 -0.1626 0.5816 -1.0624 -1.0264 -1.079 -1.0194 -0.0174 0.5534 -0.0394 -1.0804 -0.407 -0.672 -0.0704 -0.5136 0.8004 0.7744 0.684 0.8424 -0.1396 -0.7064 -0.1476 0.8784 0.292 0.352
-0.5 -0.51 -0.54 -1.87 1.92 -1.88 -2.18 -0.0499999999999998 -2.03 -1.13 -2.17 -1.03 -0.98 1.85 2.1 0.807262875634196 1.30672352768796 -0.0552524435685592 0.75 -0.92 0.87 1.05 -0.03 1.15 0.56 1.01 0.5 0.54 -0.77 -1.03 0.8574 -0.9484 0.9776 1.0136 -0.059 1.0206 0.4926 1.0634 0.4706 0.4496 -0.917 -1.182 0.8796 -1.0536 0.8404 1.1144 -0.186 1.0324 0.5304 1.0036 0.4224 0.4784 -1.098 -1.288
0.5 0.49 0.46 -1.87 -0.0800000000000001 -0.88 0.82 1.95 1.97 1.87 1.83 -1.03 -1.98 0.85 0.1 1.30510332147085 2.01426586775142 3.27605487546853 -1.12 0 -0.51 0.37 0.92 1.12 0.93 0.84 -0.53 -0.94 0.58 0.07 -1.0126 -0.00839999999999999 -0.4124 0.3036 0.871 0.9506 0.8326 0.8534 -0.5594 -1.0204 0.443 -0.062 -0.9904 -0.0536 -0.5796 0.3144 0.684 0.8424 0.7804 0.6736 -0.6076 -0.9616 0.292 -0.108
-0.5 -0.51 -0.54 2.13 -2.08 2.12 -2.18 -2.05 -2.03 -1.13 -2.17 -2.03 -1.98 -2.15 -1.9 0.930071230034224 -0.515574237619014 1.14228407148162 -1.25 1.08 -1.13 1.05 0.97 1.15 0.56 1.01 1 1.04 1.23 0.97 -1.1826 1.0916 -1.0624 1.0136 0.961 1.0206 0.4926 1.0634 0.9806 0.9596 1.123 0.858 -1.2804 1.1064 -1.3196 1.1144 0.894 1.0324 0.5304 1.0036 0.9624 1.0184 1.062 0.872
-0.5 0.49 -0.54 2.13 1.92 0.12 1.82 -1.05 1.97 0.87 1.83 1.97 2.02 1.85 2.1 0.536655374025148 -0.443287915582363 0.882734476900224 -1.25 -0.92 -0.13 -0.95 0.47 -0.85 -0.44 -0.99 -1 -0.96 -0.77 -1.03 0.9474 0.9716 0.0776 0.7936 -0.599 0.9506 0.3426 0.8534 0.9106 0.9396 0.933 0.918 -1.2804 -1.0536 -0.2396 -1.0456 0.354 -1.1276 -0.5496 -1.1564 -1.1976 -1.1416 -1.098 -1.288
0.5 0.49 0.46 2.13 1.92 -1.88 0.82 1.95 -2.03 1.87 -0.17 1.97 -0.98 0.85 2.1 -0.00309067387098094 1.89829854137973 2.75417626138838 0.88 1 -1.01 0.37 0.92 -0.88 0.93 -0.16 0.97 -0.44 0.58 1.07 0.9474 0.9716 -0.9024 0.3036 0.871 -1.0094 0.8326 -0.1266 0.9106 -0.5304 0.443 0.918 0.8496 0.8664 -1.0396 0.3144 0.684 -0.9976 0.7804 -0.2464 0.7724 -0.5016 0.292 0.812
-0.5 -0.51 -0.54 0.13 -0.0800000000000001 2.12 1.82 1.95 -1.03 -0.13 -0.17 1.97 -1.98 -0.15 -0.9 1.72931669135472 1.39109611260609 0.816979597145096 -0.25 0.08 -1.13 -0.95 -1.03 0.65 0.06 0.01 -1 1.04 0.23 0.47 -0.1626 0.0716 -1.0624 -1.0264 -1.079 0.5106 -0.0174 0.0434 -1.0594 0.9596 0.103 0.348 -0.2004 0.0264 -1.3196 -1.0456 -1.266 0.4924 -0.00960000000000001 -0.0764 -1.1976 1.0184 -0.018 0.332
-0.5 0.49 -0.54 -1.87 -2.08 -1.88 -2.18 1.95 1.97 0.87 -2.17 -1.03 2.02 1.85 2.1 0.305394802853251 0.19428993793412 -0.674517614551799 0.75 1.08 0.87 1.05 -1.03 -0.85 -0.44 1.01 0.5 -0.96 -0.77 -1.03 -1.0126 -0.9884 -0.9024 -1.1664 0.871 0.9506 0.3426 -1.1066 -0.5594 0.9396 0.933 0.918 0.8796 1.1064 0.8404 1.1144 -1.266 -1.1276 -0.5496 1.0036 0.4224 -1.1416 -1.098 -1.288
0.5 0.49 0.46 2.13 1.92 -0.88 -2.18 1.95 -0.0299999999999998 -1.13 -2.17 1.97 -0.98 -0.15 -1.9 -0.00426442401064819 0.800463877904493 0.225496525433077 0.88 1 -0.51 -1.13 0.92 0.12 -0.57 -1.16 0.97 -0.44 0.08 -0.93 0.9474 0.9716 -0.4124 -1.1664 0.871 -0.0294 -0.6374 -1.1066 0.9106 -0.5304 -0.047 -1.042 0.8496 0.8664 -0.5796 -1.0656 0.684 -0.0776 -0.5996 -1.1664 0.7724 -0.5016 -0.168 -1.028
0.5 0.49 0.46 -0.87 1.92 0.12 -0.18 -1.05 -1.03 -2.13 0.83 1.97 2.02 1.85 -0.9 1.95618970088771 1.94996193168131 2.06999345917878 -0.62 1 -0.01 -0.13 -0.58 -0.38 -1.07 0.34 0.97 1.06 1.08 -0.43 -0.5226 0.9716 0.0776 -0.1864 -0.599 -0.5194 -1.1274 0.3634 0.9106 0.9396 0.933 -0.552 -0.5304 0.8664 -0.1196 -0.1456 -0.696 -0.5376 -1.0596 0.2136 0.7724 0.8784 0.752 -0.568
-0.5 -0.51 -0.54 0.13 0.92 -1.88 -2.18 -0.0499999999999998 0.97 1.87 1.83 -1.03 -0.98 1.85 -0.9 2.23867053147772 0.900739345811342 2.72564143254724 -0.25 -0.42 0.87 1.05 -0.03 -0.35 -0.94 -0.99 0.5 0.54 -0.77 0.47 -0.1626 -0.4384 0.9776 1.0136 -0.059 -0.5094 -1.0374 -0.9766 0.4706 0.4496 -0.917 0.348 -0.2004 -0.5136 0.8404 1.1144 -0.186 -0.5876 -1.0896 -1.1564 0.4224 0.4784 -1.098 0.332
0.5 0.49 0.46 -1.87 -0.0800000000000001 2.12 -0.18 -2.05 -0.0299999999999998 1.87 1.83 -2.03 1.02 0.85 -0.9 0.260228668139657 0.361449151151583 1.96955156331235 -1.12 0 0.99 -0.13 -1.08 0.12 0.93 0.84 -1.03 0.56 0.58 -0.43 -1.0126 -0.00839999999999999 1.0576 -0.1864 -1.089 -0.0294 0.8326 0.8534 -1.0494 0.4496 0.443 -0.552 -0.9904 -0.0536 0.8004 -0.1456 -1.156 -0.0776 0.7804 0.6736 -1.0676 0.4184 0.292 -0.568
-0.5 -0.51 -0.54 -1.87 -1.08 -1.88 -0.18 -1.05 -0.0299999999999998 -1.13 1.83 -0.0299999999999998 -0.98 -0.15 -0.9 0.413763339999476 1.36379334403187 2.02879580568704 0.75 0.58 0.87 0.05 0.47 0.15 0.56 -0.99 1.73472347597681e-18 0.54 0.23 0.47 0.8574 0.5816 0.9776 -0.00640000000000003 0.451 0.000600000000000007 0.4926 -0.9766 -0.0394 0.4496 0.103 0.348 0.8796 0.5664 0.8404 0.0344 0.354 -0.0476 0.5304 -1.1564 -0.1176 0.4784 -0.018 0.332
0.5 0.49 0.46 2.13 -1.08 0.12 -2.18 0.95 -1.03 0.87 -1.17 1.97 0.02 1.85 2.1 1.2475922764547 2.42999633537426 2.19444097849006 0.88 -0.5 -0.01 -1.13 0.42 -0.38 0.43 -0.66 0.97 0.06 1.08 1.07 0.9474 -0.4984 0.0776 -1.1664 0.381 -0.5194 0.3426 -0.6166 0.9106 -0.0404 0.933 0.918 0.8496 -0.5136 -0.1196 -1.0656 0.224 -0.5376 0.3204 -0.7064 0.7724 -0.0416 0.752 0.812
-0.5 -0.51 -0.54 -1.87 -2.08 -1.88 0.82 -0.0499999999999998 1.97 -1.13 -2.17 -2.03 -0.98 -2.15 -1.9 0.0483929447141239 0.557279874479095 0.218928162273096 0.75 1.08 0.87 -0.45 -0.03 -0.85 0.56 1.01 1 0.54 1.23 0.97 0.8574 1.0916 0.9776 -0.5164 -0.059 -1.0194 0.4926 1.0634 0.9806 0.4496 1.123 0.858 0.8796 1.1064 0.8404 -0.5056 -0.186 -1.1276 0.5304 1.0036 0.9624 0.4784 1.062 0.872
0.5 -0.51 0.46 -1.87 0.92 1.12 -0.18 -0.0499999999999998 0.97 -0.13 0.83 -0.0299999999999998 1.02 -0.15 1.1 0.862856970022423 0.818435197055333 2.11759635323876 -1.12 0.5 0.49 -0.13 -0.08 0.62 -0.07 0.34 -0.03 0.56 0.08 0.57 0.8574 -0.4384 -0.5524 -0.00640000000000003 -0.059 -0.5094 -0.0174 -0.4666 -0.0394 -0.5704 0.103 -0.672 -0.9904 0.4064 0.3404 -0.1456 -0.236 0.3824 -0.1396 0.2136 -0.1476 0.4184 -0.168 0.352
-0.5 -0.51 -0.54 -0.87 0.92 -1.88 1.82 -0.0499999999999998 1.97 -0.13 1.83 -2.03 0.02 1.85 2.1 0.419308953299884 0.0349127145064556 0.243339672831969 0.25 -0.42 0.87 -0.95 -0.03 -0.85 0.06 -0.99 1 0.04 -0.77 -1.03 0.3474 -0.4384 0.9776 -1.0264 -0.059 -1.0194 -0.0174 -0.9766 0.9806 -0.0604 -0.917 -1.182 0.3396 -0.5136 0.8404 -1.0456 -0.186 -1.1276 -0.00960000000000001 -1.1564 0.9624 -0.0616 -1.098 -1.288
0.5 -0.51 -0.54 -1.87 1.92 1.12 1.82 -2.05 -2.03 -2.13 1.83 1.97 2.02 -2.15 -1.9 1.28832211955902 0.379821603652462 1.44812951206359 -1.12 1 0.49 0.87 -1.08 -0.88 -1.07 0.84 0.97 1.06 -0.92 -0.93 0.8574 -0.9484 -0.5524 -1.0264 0.961 1.0206 1.0026 -0.9766 -1.0594 -1.0804 1.123 0.858 0.8796 -1.0536 -0.7796 -1.0456 0.894 1.0324 1.0704 -1.1564 -1.1976 -1.1416 1.062 0.872
-0.5 -0.51 0.46 -1.87 -1.08 2.12 -1.18 1.95 1.97 1.87 -1.17 1.97 2.02 1.85 0.1 0.477249107468238 1.95940473951786 1.48914668141789 0.75 0.58 -1.13 0.55 -1.03 -0.85 -0.94 0.51 -1 -0.96 -0.77 -0.03 0.8574 0.5816 -1.0624 0.5036 -1.079 -1.0194 -1.0374 0.5534 -1.0594 -1.0804 -0.917 -0.162 -0.9904 -0.5136 0.8004 -0.6056 0.684 0.8424 0.7804 -0.7064 0.7724 0.8784 0.752 -0.108
-0.5 -0.51 0.46 -1.87 1.92 2.12 -2.18 -1.05 1.97 1.87 1.83 1.97 2.02 0.85 1.1 1.75674251400206 1.55442881178835 2.53423351905272 0.75 -0.92 -1.13 1.05 0.47 -0.85 -0.94 -0.99 -1 -0.96 -0.27 -0.53 0.8574 -0.9484 -1.0624 1.0136 0.451 -1.0194 -1.0374 -0.9766 -1.0594 -1.0804 -0.407 -0.672 -0.9904 0.8664 0.8004 -1.0656 -0.696 0.8424 0.7804 0.6736 0.7724 0.8784 0.292 0.352
0.5 0.49 0.46 -1.87 -0.0800000000000001 1.12 -0.18 0.95 -0.0299999999999998 0.87 1.83 -1.03 1.02 -0.15 1.1 -0.212145719086675 -0.199377947966417 -0.56917754671493 -1.12 0 0.49 -0.13 0.42 0.12 0.43 0.84 -0.53 0.56 0.08 0.57 -1.0126 -0.00839999999999999 0.5676 -0.1864 0.381 -0.0294 0.3426 0.8534 -0.5594 0.4496 -0.047 0.428 -0.9904 -0.0536 0.3404 -0.1456 0.224 -0.0776 0.3204 0.6736 -0.6076 0.4184 -0.168 0.352
0.5 0.49 0.46 0.13 -2.08 0.12 -1.18 -1.05 -2.03 -2.13 -1.17 1.97 -1.98 -1.15 -1.9 -0.0821642244240733 -0.101217779424106 0.039198096395169 -0.12 -1 -0.01 -0.63 -0.58 -0.88 -1.07 -0.66 0.97 -0.94 -0.42 -0.93 -0.0326 -0.9884 0.0776 -0.6764 -0.599 -1.0094 -1.1274 -0.6166 0.9106 -1.0204 -0.537 -1.042 -0.0704 -0.9736 -0.1196 -0.6056 -0.696 -0.9976 -1.0596 -0.7064 0.7724 -0.9616 -0.628 -1.028
-0.5 -0.51 -0.54 -1.87 1.92 -0.88 -1.18 -1.05 -0.0299999999999998 1.87 1.83 -1.03 -1.98 1.85 0.1 -0.0599807068873827 0.729169781954583 0.751269735155353 0.75 -0.92 0.37 0.55 0.47 0.15 -0.94 -0.99 0.5 1.04 -0.77 -0.03 0.8574 -0.9484 0.4676 0.5036 0.451 0.000600000000000007 -1.0374 -0.9766 0.4706 0.9596 -0.917 -0.162 0.8796 -1.0536 0.3004 0.5744 0.354 -0.0476 -1.0896 -1.1564 0.4224 1.0184 -1.098 -0.208
0.5 -0.51 -0.54 2.13 1.92 -0.88 1.82 -0.0499999999999998 -2.03 1.87 -0.17 -0.0299999999999998 -0.98 1.85 1.1 0.0915735051435785 1.36480653748324 1.20016689106568 0.88 1 -0.51 0.87 -0.08 -0.88 0.93 -0.16 -0.03 -0.44 1.08 0.57 -1.1826 -0.9484 0.4676 -1.0264 -0.059 1.0206 -1.0374 0.0434 -0.0394 0.4496 -0.917 -0.672 -1.2804 -1.0536 0.3004 -1.0456 -0.186 1.0324 -1.0896 -0.0764 -0.1176 0.4784 -1.098 -0.748
-0.5 -0.51 -0.54 0.13 -1.08 2.12 0.82 0.95 -2.03 1.87 -0.17 -0.0299999999999998 1.02 1.85 2.1 1.52611969623856 0.617143432072251 0.358277854968032 -0.25 0.58 -1.13 -0.45 -0.53 1.15 -0.94 0.01 1.73472347597681e-18 -0.46 -0.77 -1.03 -0.1626 0.5816 -1.0624 -0.5164 -0.569 1.0206 -1.0374 0.0434 -0.0394 -0.5704 -0.917 -1.182 -0.2004 0.5664 -1.3196 -0.5056 -0.726 1.0324 -1.0896 -0.0764 -0.1176 -0.6016 -1.098 -1.288
-0.5 0.49 0.46 0.13 -0.0800000000000001 -1.88 0.82 1.95 1.97 -0.13 -0.17 1.97 1.02 1.85 0.1 1.2249009593034 1.54144208192996 2.42285051507891 -0.25 0.08 0.87 -0.45 -1.03 -0.85 0.06 0.01 -1 -0.46 -0.77 -0.03 -0.0326 -0.00839999999999999 -0.9024 0.3036 0.871 0.9506 -0.1474 -0.1266 0.9106 0.4496 0.933 -0.062 -0.0704 -0.0536 -1.0396 0.3144 0.684 0.8424 -0.1396 -0.2464 0.7724 0.4184 0.752 -0.108
-0.5 -0.51 -0.54 -1.87 1.92 2.12 -1.18 -0.0499999999999998 -1.03 1.87 0.83 1.97 2.02 1.85 1.1 1.82106154570938 1.43601242946104 1.49267962744485 0.75 -0.92 -1.13 0.55 -0.03 0.65 -0.94 -0.49 -1 -0.96 -0.77 -0.53 0.8574 -0.9484 -1.0624 0.5036 -0.059 0.5106 -1.0374 -0.4666 -1.0594 -1.0804 -0.917 -0.672 0.8796 -1.0536 -1.3196 0.5744 -0.186 0.4924 -1.0896 -0.6164 -1.1976 -1.1416 -1.098 -0.748
-0.5 -0.51 -0.54 -1.87 1.92 -1.88 0.82 -0.0499999999999998 1.97 -1.13 0.83 -2.03 0.02 1.85 -1.9 1.00432015087648 1.71141349743548 1.05502771459103 0.75 -0.92 0.87 -0.45 -0.03 -0.85 0.56 -0.49 1 0.04 -0.77 0.97 0.8574 -0.9484 0.9776 -0.5164 -0.059 -1.0194 0.4926 -0.4666 0.9806 -0.0604 -0.917 0.858 0.8796 -1.0536 0.8404 -0.5056 -0.186 -1.1276 0.5304 -0.6164 0.9624 -0.0616 -1.098 0.872
0.5 0.49 0.46 1.13 -2.08 -1.88 1.82 -1.05 0.97 1.87 -2.17 1.97 2.02 -0.15 1.1 0.723536473464312 1.92083084505609 1.87264902374448 0.38 -1 -1.01 0.87 -0.58 0.62 0.93 -1.16 0.97 1.06 0.08 0.57 0.4574 -0.9884 -0.9024 0.7936 -0.599 0.4606 0.8326 -1.1066 0.9106 0.9396 -0.047 0.428 0.3896 -0.9736 -1.0396 0.7744 -0.696 0.3824 0.7804 -1.1664 0.7724 0.8784 -0.168 0.352
0.5 0.49 -0.54 2.13 -1.08 -1.88 -0.18 -2.05 0.97 -0.13 -1.17 0.97 1.02 -1.15 1.1 1.47877240785472 1.2071253243912 3.26302351170386 0.88 -0.5 -1.01 -0.13 -1.08 0.62 -0.07 -0.66 0.47 0.56 -0.42 0.57 0.9474 -0.4984 -0.9024 -0.1864 -1.089 0.4606 -0.1474 -0.6166 0.4206 0.4496 -0.537 0.428 -1.2804 0.5664 0.8404 0.0344 0.894 -0.5876 -0.00960000000000001 0.4636 -0.6576 -0.6016 0.522 -0.748
-0.5 -0.51 -0.54 -1.87 -0.0800000000000001 1.12 -2.18 1.95 1.97 -1.13 0.83 0.97 2.02 0.85 0.1 0.0641378506949689 0.302552704130502 0.0710789623234603 0.75 0.08 -0.63 1.05 -1.03 -0.85 0.56 -0.49 -0.5 -0.96 -0.27 -0.03 0.8574 0.0716 -0.5524 1.0136 -1.079 -1.0194 0.4926 -0.4666 -0.5494 -1.0804 -0.407 -0.162 0.8796 0.0264 -0.7796 1.1144 -1.266 -1.1276 0.5304 -0.6164 -0.6576 -1.1416 -0.558 -0.208
-0.5 -0.51 0.46 1.13 1.92 -0.88 -2.18 -0.0499999999999998 0.97 -2.13 0.83 1.97 -1.98 1.85 -1.9 0.102156788349983 -0.863525689018735 0.000402577088508216 -0.75 -0.92 0.37 1.05 -0.03 -0.35 1.06 -0.49 -1 1.04 -0.77 0.97 -0.6726 -0.9484 0.4676 1.0136 -0.059 -0.5094 1.0026 -0.4666 -1.0594 0.9596 -0.917 0.858 0.3896 0.8664 -0.5796 -1.0656 -0.236 0.3824 -1.0596 0.2136 0.7724 -0.9616 0.752 -1.028
-0.5 -0.51 -0.54 2.13 -1.08 -1.88 1.82 -2.05 -2.03 -2.13 -2.17 -2.03 1.02 0.85 -0.9 0.709823936325274 0.0660314527537071 0.116177315661379 -1.25 0.58 0.87 -0.95 0.97 1.15 1.06 1.01 1 -0.46 -0.27 0.47 -1.1826 0.5816 0.9776 -1.0264 0.961 1.0206 1.0026 1.0634 0.9806 -0.5704 -0.407 0.348 -1.2804 0.5664 0.8404 -1.0456 0.894 1.0324 1.0704 1.0036 0.9624 -0.6016 -0.558 0.332
0.5 0.49 0.46 1.13 -0.0800000000000001 -1.88 1.82 1.95 1.97 -1.13 0.83 -1.03 -1.98 1.85 -0.9 0.124322095587107 0.783024862322459 1.03574320794524 0.38 0 -1.01 0.87 0.92 1.12 -0.57 0.34 -0.53 -0.94 1.08 -0.43 0.4574 -0.00839999999999999 -0.9024 0.7936 0.871 0.9506 -0.6374 0.3634 -0.5594 -1.0204 0.933 -0.552 0.3896 -0.0536 -1.0396 0.7744 0.684 0.8424 -0.5996 0.2136 -0.6076 -0.9616 0.752 -0.568
0.5 -0.51 -0.54 2.13 -2.08 -1.88 -0.18 1.95 -1.03 -2.13 -2.17 -1.03 -1.98 -2.15 1.1 0.73036503449039 0.464419910273888 1.42773303572007 0.88 -1 -1.01 -0.13 0.92 -0.38 -1.07 -1.16 -0.53 -0.94 -0.92 0.57 -1.1826 1.0916 0.9776 -0.00640000000000003 -1.079 0.5106 1.0026 1.0634 0.4706 0.9596 1.123 -0.672 -1.2804 1.1064 0.8404 0.0344 -1.266 0.4924 1.0704 1.0036 0.4224 1.0184 1.062 -0.748
0.5 0.49 -0.54 -1.87 1.92 0.12 -1.18 -2.05 -2.03 -1.13 -0.17 -2.03 0.02 -2.15 0.1 1.17877269014884 0.947029742955209 1.4299784778753 -1.12 1 -0.01 -0.63 -1.08 -0.88 -0.57 -0.16 -1.03 0.06 -0.92 0.07 -1.0126 0.9716 0.0776 -0.6764 -1.089 -1.0094 -0.6374 -0.1266 -1.0494 -0.0404 -1.027 -0.062 0.8796 -1.0536 -0.2396 0.5744 0.894 1.0324 0.5304 -0.0764 0.9624 -0.0616 1.062 -0.208
0.5 0.49 0.46 2.13 -1.08 -1.88 -2.18 1.95 1.97 0.87 1.83 -1.03 1.02 1.85 2.1 0.912113983132922 2.33390154642968 2.21848382573145 0.88 -0.5 -1.01 -1.13 0.92 1.12 0.43 0.84 -0.53 0.56 1.08 1.07 0.9474 -0.4984 -0.9024 -1.1664 0.871 0.9506 0.3426 0.8534 -0.5594 0.4496 0.933 0.918 0.8496 -0.5136 -1.0396 -1.0656 0.684 0.8424 0.3204 0.6736 -0.6076 0.4184 0.752 0.812
-0.5 0.49 0.46 1.13 -0.0800000000000001 0.12 1.82 -1.05 0.97 1.87 0.83 -2.03 2.02 -1.15 1.1 0.824066144808894 1.13072824177286 0.726740623687015 -0.75 0.08 -0.13 -0.95 0.47 -0.35 -0.94 -0.49 1 -0.96 0.73 -0.53 0.4574 -0.00839999999999999 0.0776 0.7936 -0.599 0.4606 0.8326 0.3634 -1.0494 0.9396 -0.537 0.428 0.3896 -0.0536 -0.1196 0.7744 -0.696 0.3824 0.7804 0.2136 -1.0676 0.8784 -0.628 0.352
-0.5 -0.51 -0.54 2.13 1.92 -0.88 -2.18 -1.05 1.97 -0.13 1.83 1.97 2.02 0.85 2.1 0.897253865858162 1.1070229632977 1.38134612377621 -1.25 -0.92 0.37 1.05 0.47 -0.85 0.06 -0.99 -1 -0.96 -0.27 -1.03 -1.1826 -0.9484 0.4676 1.0136 0.451 -1.0194 -0.0174 -0.9766 -1.0594 -1.0804 -0.407 -1.182 -1.2804 -1.0536 0.3004 1.1144 0.354 -1.1276 -0.00960000000000001 -1.1564 -1.1976 -1.1416 -0.558 -1.288
0.5 -0.51 -0.54 1.13 1.92 0.12 -0.18 -2.05 1.97 0.87 -1.17 -0.0299999999999998 -1.98 -2.15 1.1 2.18628384726516 2.08324807777307 2.63875511153593 0.38 1 -0.01 -0.13 -1.08 1.12 0.43 -0.66 -0.03 -0.94 -0.92 0.57 -0.6726 -0.9484 -0.0424 -0.00640000000000003 0.961 -1.0194 -0.5274 0.5534 -0.0394 0.9596 1.123 -0.672 -0.7404 -1.0536 -0.2396 0.0344 0.894 -1.1276 -0.5496 0.4636 -0.1176 1.0184 1.062 -0.748
0.5 0.49 0.46 -1.87 -1.08 -1.88 1.82 0.95 0.97 1.87 1.83 0.97 -0.98 1.85 2.1 1.68449479595024 1.07280933328993 2.74659869089734 -1.12 -0.5 -1.01 0.87 0.42 0.62 0.93 0.84 0.47 -0.44 1.08 1.07 -1.0126 -0.4984 -0.9024 0.7936 0.381 0.4606 0.8326 0.8534 0.4206 -0.5304 0.933 0.918 -0.9904 -0.5136 -1.0396 0.7744 0.224 0.3824 0.7804 0.6736 0.3124 -0.5016 0.752 0.812
0.5 -0.51 -0.54 -1.87 -2.08 0.12 -2.18 -2.05 0.97 -2.13 -1.17 -0.0299999999999998 -1.98 -2.15 -1.9 -0.193413253043049 0.153755852873455 0.116193583929287 -1.12 -1 -0.01 -1.13 -1.08 0.62 -1.07 -0.66 -0.03 -0.94 -0.92 -0.93 0.8574 1.0916 -0.0424 1.0136 0.961 -0.5094 1.0026 0.5534 -0.0394 0.9596 1.123 0.858 0.8796 1.1064 -0.2396 1.1144 0.894 -0.5876 1.0704 0.4636 -0.1176 1.0184 1.062 0.872
0.5 -0.51 0.46 0.13 0.92 0.12 0.82 1.95 0.97 1.87 0.83 1.97 0.02 1.85 2.1 0.676804886050416 0.645782535050995 0.601669120885933 -0.12 0.5 -0.01 0.37 0.92 0.62 0.93 0.34 0.97 0.06 1.08 1.07 -0.1626 -0.4384 -0.0424 -0.5164 -1.079 -0.5094 -1.0374 -0.4666 -1.0594 -0.0604 -0.917 -1.182 -0.0704 0.4064 -0.1196 0.3144 0.684 0.3824 0.7804 0.2136 0.7724 -0.0416 0.752 0.812
-0.5 -0.51 -0.54 -1.87 -2.08 -1.88 -2.18 -1.05 -2.03 -1.13 -2.17 -2.03 -0.98 1.85 0.1 -0.816274257280489 0.295253176286623 -1.22702350952705 0.75 1.08 0.87 1.05 0.47 1.15 0.56 1.01 1 0.54 -0.77 -0.03 0.8574 1.0916 0.9776 1.0136 0.451 1.0206 0.4926 1.0634 0.9806 0.4496 -0.917 -0.162 0.8796 1.1064 0.8404 1.1144 0.354 1.0324 0.5304 1.0036 0.9624 0.4784 -1.098 -0.208
-0.5 -0.51 -0.54 -1.87 -2.08 -1.88 0.82 -2.05 -2.03 -2.13 -0.17 -1.03 -0.98 -1.15 -1.9 -0.37749147388865 -0.0632212343008354 -0.0158528143314088 0.75 1.08 0.87 -0.45 0.97 1.15 1.06 0.01 0.5 0.54 0.73 0.97 0.8574 1.0916 0.9776 -0.5164 0.961 1.0206 1.0026 0.0434 0.4706 0.4496 0.613 0.858 0.8796 1.1064 0.8404 -0.5056 0.894 1.0324 1.0704 -0.0764 0.4224 0.4784 0.522 0.872
0.5 0.49 0.46 2.13 -2.08 2.12 0.82 -0.0499999999999998 -0.0299999999999998 -0.13 -0.17 -0.0299999999999998 2.02 0.85 -1.9 0.976279288158089 1.11352071288929 1.37548762543859 0.88 -1 0.99 0.37 -0.08 0.12 -0.07 -0.16 -0.03 1.06 0.58 -0.93 0.9474 -0.9884 1.0576 0.3036 -0.109 -0.0294 -0.1474 -0.1266 -0.0694 0.9396 0.443 -1.042 0.8496 -0.9736 0.8004 0.3144 -0.236 -0.0776 -0.1396 -0.2464 -0.1476 0.8784 0.292 -1.028
-0.5 -0.51 -0.54 2.13 1.92 -0.88 -0.18 1.95 0.97 -2.13 0.83 -1.03 -1.98 -0.15 -1.9 -0.40510559508174 0.377714974201486 -1.04019950299771 -1.25 -0.92 0.37 0.05 -1.03 -0.35 1.06 -0.49 0.5 1.04 0.23 0.97 -1.1826 -0.9484 0.4676 -0.00640000000000003 -1.079 -0.5094 1.0026 -0.4666 0.4706 0.9596 0.103 0.858 -1.2804 -1.0536 0.3004 0.0344 -1.266 -0.5876 1.0704 -0.6164 0.4224 1.0184 -0.018 0.872
