-0.17626961E-16 -0.16339405E-16 -0.54056243E-16  0.98324266E-16  0.90802878E-16  0.10018298E-15  0.86025750E-17  0.14330827E-15 -0.19696805E-15 -0.24284652E-15
-0.32399986E-16  0.95960660E-16  0.24690676E-16  0.50679940E-16  0.89675438E-16  0.56169432E+00  0.88505250E+00  0.10714133E+01  0.81265962E-17 -0.12509906E-16
 0.49126786E-16  0.12644941E-16  0.11278929E-16 -0.39412433E-16 -0.49876751E-16 -0.78102976E-16  0.20980793E-17 -0.15559750E-16 -0.61092045E-17  0.14464851E-16
 0.21177809E-16 -0.46811633E-16  0.49580999E-17 -0.44915965E-17  0.53250083E-17 -0.80069032E-17  0.61356546E-18  0.84608864E-17  0.35354328E-16  0.62135895E-16
-0.18706659E-17  0.93639600E-17  0.25088620E-16  0.96781215E-17 -0.50380771E-17  0.16890493E-17 -0.13442521E-16 -0.96553244E-17  0.21053841E-16 -0.10009481E-16
-0.15049312E-16 -0.18188474E-16 -0.82864059E-17  0.11631117E-16  0.91088939E+00  0.87914360E+00  0.20457883E+00  0.45529836E+00  0.18154535E+00  0.56585526E+00
 0.65454513E+00  0.49664783E+00  0.59404022E+00  0.61631948E+00  0.83700013E+00  0.10987606E+01  0.79241186E+00  0.74447745E+00  0.91743302E+00  0.11372460E+00
 0.37832069E+00  0.38234693E+00  0.47939149E+00  0.63386607E+00  0.46990547E+00  0.58622587E+00  0.43768102E+00  0.79367954E+00  0.95610124E+00  0.90767568E+00
 0.87979496E+00 -0.31399563E-01  0.33008289E+00  0.36966056E+00  0.47088662E+00  0.61854178E+00  0.42930377E+00  0.60919112E+00  0.40641156E+00  0.74479580E+00
 0.95395893E+00  0.88279802E+00  0.90132815E+00  0.22276509E+00  0.37402669E+00  0.33017501E+00  0.54654258E+00  0.65884072E+00  0.45904976E+00  0.70840806E+00
 0.53760135E+00  0.93707937E+00  0.11159728E+01  0.96090215E+00  0.16912650E+00  0.17575580E+00  0.15435746E+00  0.26654522E+01  0.25971408E+01  0.22744088E+01
 0.21911488E+01  0.21984479E+01  0.22215006E+01  0.20297265E+01  0.21049705E+01  0.16819882E+01  0.12461081E+01  0.13472536E+01  0.97804523E+00  0.40441868E+00
 0.42742667E+00  0.53636938E+00  0.68073004E+00  0.67499250E+00  0.55365688E+00  0.56993210E+00  0.57275230E+00  0.56670833E+00  0.49674627E+00  0.58102876E+00
 0.48472068E+00  0.44665349E+00  0.35840294E+00  0.35717338E+00  0.67515534E+00  0.67687732E+00  0.54894602E+00  0.58321863E+00  0.58131301E+00  0.58214623E+00
 0.52481902E+00  0.59563822E+00  0.49818414E+00  0.46037906E+00  0.35408777E+00  0.35230371E+00  0.66567993E+00  0.67515624E+00  0.55503851E+00  0.56558210E+00
 0.58546674E+00  0.57774764E+00  0.50606853E+00  0.57066751E+00  0.43845859E+00  0.39844409E+00  0.33417326E+00  0.32753995E+00  0.13396704E+01  0.24412051E+00
 0.15709633E+00  0.95542535E-01  0.32698106E-01  0.10070552E+01  0.53074992E+00  0.15442934E-02 -0.23208864E-01  0.17122814E+00  0.78671992E+00  0.46685958E+00
 0.27619821E+00  0.54939028E-01
 0.49839742E-01  0.49959984E-01  0.49989998E-01  0.16454786E+00  0.16750821E+00  0.15190786E+00  0.15854336E+00  0.16216967E+00  0.15715915E+00  0.15443769E+00
 0.15771811E+00  0.15451537E+00  0.15690443E+00  0.14069825E+00  0.14089358E+00  0.91676362E-01  0.10438371E+00  0.11502562E+00  0.82640462E-01  0.83636105E-01
 0.76071590E-01  0.78056581E-01  0.80096774E-01  0.77750713E-01  0.74537955E-01  0.78347303E-01  0.76979347E-01  0.77664547E-01  0.70673436E-01  0.69979325E-01
 0.82178108E-01  0.83398648E-01  0.75653434E-01  0.78815341E-01  0.80425359E-01  0.78339249E-01  0.76704897E-01  0.78988604E-01  0.77017404E-01  0.78498602E-01
 0.69823444E-01  0.70100509E-01  0.82108282E-01  0.83612822E-01  0.75743318E-01  0.78532122E-01  0.81227578E-01  0.78347303E-01  0.76941408E-01  0.78749917E-01
 0.76734409E-01  0.78210659E-01  0.70162229E-01  0.70623510E-01  0.32451957E+00  0.34258100E+00  0.20229997E+00  0.19589376E+00  0.18882373E+00  0.17726234E+00
 0.18677235E+00  0.15644607E+00  0.17286047E+00  0.17971914E+00  0.16594453E+00  0.16556731E+00  0.17993778E+00  0.12926039E+00  0.17268732E+00  0.29037696E+00
 0.24071947E+00  0.27315506E+00  0.23548363E+00  0.25792921E+00  0.23859300E+00  0.21386395E+00  0.26461798E+00  0.23832852E+00  0.22876726E+00  0.28184929E+00
 0.18339910E+00  0.28394121E+00  0.23935138E+00  0.26195395E+00  0.22998109E+00  0.25718564E+00  0.24090546E+00  0.20589316E+00  0.25548798E+00  0.22993797E+00
 0.23555472E+00  0.27840254E+00  0.18244556E+00  0.28320014E+00  0.21467052E+00  0.26593310E+00  0.21117386E+00  0.22896537E+00  0.22442822E+00  0.20278829E+00
 0.23519617E+00  0.19562055E+00  0.13678733E+00  0.23327386E+00  0.34497663E-01  0.35243247E-01  0.40937003E-01  0.18793708E+00  0.23257437E+00  0.17628175E+00
 0.21181221E+00  0.23407128E+00  0.19434685E+00  0.21857998E+00  0.24776478E+00  0.24036688E+00  0.23279803E+00  0.24592845E+00  0.21066950E+00  0.82730800E-01
 0.11769301E+00  0.12597805E+00  0.48277371E-01  0.53392850E-01  0.50205063E-01  0.51313795E-01  0.58923617E-01  0.48858013E-01  0.59153624E-01  0.58106199E-01
 0.67229137E-01  0.72719045E-01  0.75710595E-01  0.63448794E-01  0.44798445E-01  0.51457621E-01  0.50012123E-01  0.53549193E-01  0.56421213E-01  0.47921054E-01
 0.56942519E-01  0.56517564E-01  0.64860895E-01  0.72113968E-01  0.73619246E-01  0.65293096E-01  0.46799816E-01  0.50719101E-01  0.47907699E-01  0.54790903E-01
 0.55180632E-01  0.47554355E-01  0.60175516E-01  0.57372682E-01  0.62699459E-01  0.51040255E-01  0.71023509E-01  0.46030611E-01  0.42375654E+00  0.11250230E+00
 0.27180639E+00  0.40942114E-01  0.50087079E-01  0.23350450E+00  0.20011139E+00  0.23476569E-01  0.91334008E-01  0.46311107E-01  0.26362848E+00  0.12263477E+00
 0.11387946E+00  0.90609275E-01
 0.16800000E+03 -0.67554806E+04  0.86553179E+00 -0.55495256E+04  0.10327209E+01  0.13846961E+05  0.14284630E+05  0.13754044E+05  0.22900604E+04  0.13710000E+04
 0.00000000E+00  0.10532080E+01  0.35677519E+00  0.32862531E+00  0.81875376E-01  0.75967775E-01  0.87713454E-01  0.00000000E+00  0.99633887E-01  0.29727323E-03
