 0.45942318E-17  0.62749169E-17  0.18249286E-17 -0.54031522E-15  0.37894997E-16 -0.36789786E-15 -0.15080093E-15  0.61291066E-16 -0.23174655E-15  0.19782478E-15
-0.39775206E-15 -0.50767638E-16 -0.53231013E-15 -0.46448222E-15  0.65446159E-16  0.55527884E+00  0.86287564E+00  0.99094111E+00 -0.35145690E-16  0.18371188E-16
-0.67879870E-16  0.23811572E-16  0.23079348E-16  0.45635061E-16  0.41978377E-16 -0.19451366E-16 -0.24342728E-16  0.16059635E-16  0.40329866E-16  0.13234152E-16
 0.12164239E-16  0.41403824E-16 -0.32321084E-17  0.22825253E-16 -0.16389510E-16  0.27524307E-16 -0.24245464E-16 -0.72003003E-17  0.34354369E-16 -0.28921937E-16
-0.43311240E-16 -0.26991590E-17 -0.10176129E-15  0.11694060E-16 -0.80805041E-17 -0.83457610E-17 -0.45535222E-17 -0.18352813E-16  0.23695361E-16 -0.12706129E-16
 0.29997665E-16  0.26512880E-17 -0.18987608E-17 -0.47810407E-16  0.58851844E+00  0.53791356E+00  0.30956542E+00  0.26647252E+00  0.84999120E+00  0.52403623E+00
 0.65455753E+00  0.60723156E+00  0.52589726E+00  0.70587742E+00  0.75200611E+00  0.10734831E+01  0.84427208E+00  0.69110072E+00  0.86243474E+00  0.39610687E+00
 0.68386477E+00  0.86259228E+00  0.36917686E+00  0.74795544E+00  0.57458401E+00  0.55170274E+00  0.80600858E+00  0.67674303E+00  0.11812005E+01  0.95921910E+00
 0.91602254E+00  0.50335115E+00  0.68522269E+00  0.83629060E+00  0.38186783E+00  0.83013570E+00  0.68910390E+00  0.60038567E+00  0.81727511E+00  0.63616049E+00
 0.11144532E+01  0.86893576E+00  0.91911262E+00  0.40227678E+00  0.62290615E+00  0.99227160E+00  0.55646569E+00  0.80126673E+00  0.71112871E+00  0.80312675E+00
 0.90510499E+00  0.79224098E+00  0.13236237E+01  0.10049036E+01  0.19408979E+00  0.20102817E+00  0.92293963E-01  0.26872752E+01  0.23069859E+01  0.19466063E+01
 0.22699420E+01  0.22133458E+01  0.20058100E+01  0.20720127E+01  0.20980072E+01  0.17107028E+01  0.12880342E+01  0.12252737E+01  0.11904784E+01  0.48595846E+00
 0.41243607E+00  0.59921473E+00  0.67400771E+00  0.52536827E+00  0.56680363E+00  0.61302382E+00  0.58894986E+00  0.53828734E+00  0.53595251E+00  0.55237812E+00
 0.50947016E+00  0.44090393E+00  0.36320558E+00  0.44084209E+00  0.64605772E+00  0.51231951E+00  0.55922759E+00  0.59218764E+00  0.56434196E+00  0.49769467E+00
 0.53475809E+00  0.54462540E+00  0.50477159E+00  0.44610265E+00  0.40625775E+00  0.43649626E+00  0.66867179E+00  0.53707767E+00  0.53213418E+00  0.59487838E+00
 0.57841182E+00  0.52968347E+00  0.49390426E+00  0.52856082E+00  0.49291667E+00  0.36778808E+00  0.35567272E+00  0.42186576E+00  0.32337338E+00  0.28343126E+00
-0.25694054E+00  0.15680589E+00  0.42994924E-01  0.98741901E+00  0.54136395E+00 -0.28211283E-01  0.15941078E-01  0.12290160E+00  0.65544510E+00  0.15816751E+00
 0.34788069E+00 -0.12488101E+00
 0.49839742E-01  0.49638696E-01  0.49909920E-01  0.16679029E+00  0.15417847E+00  0.16309506E+00  0.15940829E+00  0.16236995E+00  0.15394479E+00  0.15313719E+00
 0.16093478E+00  0.15063532E+00  0.15575302E+00  0.13889204E+00  0.14757709E+00  0.89387447E-01  0.94865754E-01  0.11201154E+00  0.83264045E-01  0.76344185E-01
 0.81132241E-01  0.79358242E-01  0.81098765E-01  0.76082937E-01  0.75720452E-01  0.79512015E-01  0.75216502E-01  0.78254186E-01  0.69013059E-01  0.73753685E-01
 0.82291879E-01  0.75499818E-01  0.80323346E-01  0.78109659E-01  0.80562778E-01  0.74569337E-01  0.76096088E-01  0.79165399E-01  0.74465498E-01  0.77379130E-01
 0.70643827E-01  0.73506579E-01  0.82979567E-01  0.76469831E-01  0.80817446E-01  0.79557270E-01  0.81075214E-01  0.76930985E-01  0.75708412E-01  0.79324901E-01
 0.75501971E-01  0.76361723E-01  0.69266208E-01  0.73808298E-01  0.22872047E+00  0.23761688E+00  0.19544309E+00  0.19724263E+00  0.21942921E+00  0.18158358E+00
 0.18972847E+00  0.17454226E+00  0.18249410E+00  0.19382238E+00  0.19662157E+00  0.18139987E+00  0.17477119E+00  0.15853094E+00  0.23170954E+00  0.34121865E+00
 0.35321727E+00  0.33079442E+00  0.32086545E+00  0.34414107E+00  0.24810763E+00  0.29035184E+00  0.29509360E+00  0.33167392E+00  0.35548660E+00  0.33879024E+00
 0.25614336E+00  0.34788570E+00  0.33364484E+00  0.30698290E+00  0.31505144E+00  0.33286545E+00  0.24365368E+00  0.28643844E+00  0.27762684E+00  0.32758716E+00
 0.32914695E+00  0.32732439E+00  0.25710967E+00  0.32711783E+00  0.33519986E+00  0.26168326E+00  0.29301903E+00  0.27349865E+00  0.21559112E+00  0.27937859E+00
 0.21543118E+00  0.29619265E+00  0.24309106E+00  0.26140916E+00  0.28472733E-01  0.27532877E-01  0.62729806E-01  0.18438475E+00  0.19435705E+00  0.26429194E+00
 0.22826254E+00  0.25128034E+00  0.22523841E+00  0.21873501E+00  0.25922388E+00  0.23225497E+00  0.23576909E+00  0.20278904E+00  0.25529119E+00  0.88598631E-01
 0.11928930E+00  0.17916696E+00  0.47426242E-01  0.55337034E-01  0.58234714E-01  0.51759321E-01  0.59247226E-01  0.51813230E-01  0.48641089E-01  0.61404947E-01
 0.58255348E-01  0.76482631E-01  0.59197601E-01  0.62964328E-01  0.50883390E-01  0.54284841E-01  0.62135823E-01  0.53658724E-01  0.63318014E-01  0.48325986E-01
 0.51218528E-01  0.56880094E-01  0.54914650E-01  0.69424182E-01  0.64089894E-01  0.67544408E-01  0.45443434E-01  0.54009177E-01  0.60428925E-01  0.58866858E-01
 0.62178370E-01  0.49230210E-01  0.48515163E-01  0.56331389E-01  0.58729824E-01  0.61667524E-01  0.55272669E-01  0.64550646E-01  0.34435835E+00  0.11157671E+00
 0.38714448E+00  0.62760517E-01  0.61957043E-01  0.27797312E+00  0.21777982E+00  0.23740634E-01  0.67957655E-01  0.53964816E-01  0.21575211E+00  0.15072908E+00
 0.13708580E+00  0.19775556E+00
 0.16800000E+03 -0.67412217E+04  0.83478910E+00 -0.55349096E+04  0.10191105E+01  0.13818443E+05  0.14256112E+05  0.13725526E+05  0.23160519E+04  0.13710000E+04
 0.00000000E+00  0.10416969E+01  0.34723787E+00  0.31867060E+00  0.83025042E-01  0.77155050E-01  0.88831049E-01  0.00000000E+00  0.96351433E-01  0.26064333E-03
