-0.49 -0.43 -0.5 1.89 0.98 1.14 -1.99 2.08 -0.04 -0.99 -1.99 -2.03 0.89 -1.93 -1.97 1.2962386357656 2.03038146579619 1.79765710196659 -0.9122 -0.3804 -0.4772 0.9102 -0.9284 -0.000800000000000026 0.4002 0.9402 1.1094 -0.4522 1.0114 1.0506 -0.8854 -0.3728 -0.5104 0.8014 -0.8388 -0.0556 0.4114 0.8114 0.9058 -0.3954 0.7798 0.7742 -1.04 -0.48 -0.66 1.04 -1.12 -0.12 0.35 0.94 1.02 -0.5 0.87 0.91
-0.49 0.57 0.5 1.89 -2.02 2.14 2.01 2.08 1.96 1.01 2.01 1.97 1.89 2.07 2.03 2.43759149339271 1.27098343786473 0.767870017453821 -0.9122 1.0896 -0.9672 -1.0498 -0.9284 -0.9808 -0.5798 -1.0198 -0.8506 -0.9422 -0.9486 -0.9094 1.0046 -1.1028 1.1996 1.0914 1.2412 1.0444 0.5614 1.1014 1.1558 1.0646 1.1298 1.0842 0.85 -1 0.98 1.05 0.96 0.84 0.36 0.95 0.99 0.89 0.94 0.94
-0.49 -0.43 -0.5 1.89 -2.02 2.14 2.01 0.0800000000000001 0.96 1.01 -0.99 1.97 0.89 -1.93 1.03 0.48837145667569 0.851630954694703 0.758074131440751 -0.9122 1.0896 -0.9672 -1.0498 0.0516 -0.4908 -0.5798 0.4502 -0.8506 -0.4522 1.0114 -0.4194 -0.8854 0.9172 -0.9404 -0.9186 0.0212 -0.4856 -0.4486 0.3814 -0.8142 -0.3954 0.7798 -0.5158 -1.04 1.02 -1.16 -0.96 -0.12 -0.62 -0.65 0.44 -0.98 -0.5 0.87 -0.59
-0.49 0.57 0.5 -0.11 -1.02 -0.86 -0.99 2.08 1.96 0.01 -1.99 -1.03 -1.11 0.0700000000000001 2.03 2.19950590057651 2.9043544911336 3.41292725074807 0.0678 0.5996 0.5028 0.4202 -0.9284 -0.9808 -0.0898 0.9402 0.6194 0.5278 0.0314 -0.9094 -0.1354 -0.5328 -0.5104 -0.6186 1.2412 1.0444 -0.00859999999999997 -1.1786 -0.5542 -0.6454 -0.0102 1.0842 -0.15 -0.5 -0.52 -0.45 0.96 0.84 -0.14 -1.05 -0.51 -0.61 -0.06 0.94
0.51 -0.43 -0.5 -0.11 0.98 -1.86 0.01 1.08 0.96 -1.99 -0.99 -0.0299999999999998 -1.11 -0.93 -1.97 0.964916741931409 2.10487252424958 1.99536015329631 -0.0422 0.5996 -0.8672 -0.0598 0.6416 0.4692 -1.0998 -0.5398 0.0994 -0.5822 -0.4086 -0.9194 -0.0254 -0.3728 0.7796 -0.0586 -0.4088 -0.4856 0.8414 0.3814 0.0458 0.4646 0.3498 0.7742 -0.04 -0.48 0.84 0.04 -0.62 -0.62 0.85 0.44 0.02 0.5 0.37 0.91
-0.49 -0.43 -0.5 1.89 -2.02 2.14 2.01 1.08 -2.04 -1.99 -0.99 -1.03 -0.11 2.07 -0.97 1.09043648544997 2.10504152515549 3.14034679765806 -0.9122 1.0896 -0.9672 -1.0498 -0.4384 0.9792 0.8902 0.4502 0.6194 0.0378 -0.9486 0.5606 -0.8854 0.9172 -0.9404 -0.9186 -0.4088 0.8044 0.8414 0.3814 0.4758 0.0346 -0.9402 0.3442 -1.04 1.02 -1.16 -0.96 -0.62 0.88 0.85 0.44 0.52 6.93889390390723e-18 -1.13 0.41
-0.49 0.57 0.5 1.89 1.98 0.14 -1.99 -0.92 0.96 -1.99 -1.99 1.97 -1.11 1.07 -0.97 0.796581693433922 0.0762315182594249 2.65991294222826 -0.9122 -0.8704 0.0128 0.9102 0.5416 -0.4908 0.8902 0.9402 -0.8506 0.5278 -0.4586 0.5606 1.0046 1.1772 0.0596 -1.1886 -0.4688 0.4744 -1.1486 -1.1786 1.1558 -0.6454 0.5598 -0.6258 0.85 1 -0.0199999999999999 -0.95 -0.54 0.34 -1.14 -1.05 0.99 -0.61 0.44 -0.56
-0.49 -0.43 0.5 -1.11 0.98 1.14 1.01 1.08 -2.04 -1.99 -0.99 -2.03 -1.11 0.0700000000000001 -0.97 0.0449881552924234 0.687580120318994 0.913939442398046 0.5578 -0.3804 -0.4772 -0.5598 -0.4384 0.9792 0.8902 0.4502 1.1094 0.5278 0.0314 0.5606 0.4046 -0.3728 -0.5104 -0.4886 -0.4088 0.8044 0.8414 0.3814 0.9058 0.4646 -0.0802 0.3442 -0.65 0.5 0.48 0.55 0.46 -1.16 -1.14 -0.55 -1.01 -0.61 -0.06 -0.56
-0.49 -0.43 -0.5 0.89 1.98 -1.86 2.01 2.08 -2.04 1.01 2.01 1.97 -0.11 2.07 1.03 2.34446039886823 0.848205574375422 2.35210167770641 -0.4222 -0.8704 0.9928 -1.0498 -0.9284 0.9792 -0.5798 -1.0198 -0.8506 0.0378 -0.9486 -0.4194 -0.4554 -0.8028 0.7796 -0.9186 -0.8388 0.8044 -0.4486 -0.9086 -0.8142 0.0346 -0.9402 -0.5158 -0.54 -0.98 0.84 -0.96 -1.12 0.88 -0.65 -1.06 -0.98 6.93889390390723e-18 -1.13 -0.59
-0.49 -0.43 0.5 1.89 1.98 -1.86 1.01 -1.92 -1.04 -0.99 0.01 0.97 1.89 2.07 2.03 1.27657288826292 1.13643884956668 1.8727279354291 -0.9122 -0.8704 0.9928 -0.5598 1.0316 0.4892 0.4002 -0.0398 -0.3606 -0.9422 -0.9486 -0.9094 -0.8854 -0.8028 0.7796 -0.4886 0.8812 0.3744 0.4114 -0.0486 -0.3842 -0.8254 -0.9402 -0.9458 0.85 1 -1.02 0.55 -1.04 -0.66 -0.64 -0.05 0.49 0.89 0.94 0.94
-0.49 -0.43 -0.5 -2.11 1.98 -1.86 2.01 1.08 1.96 0.01 0.01 1.97 -2.11 1.07 0.03 1.02727820100363 0.906250815864956 2.67097215207688 1.0478 -0.8704 0.9928 -1.0498 -0.4384 -0.9808 -0.0898 -0.0398 -0.8506 1.0178 -0.4586 0.0706 0.8346 -0.8028 0.7796 -0.9186 -0.4088 -0.9156 -0.0186 -0.0486 -0.8142 0.8946 -0.5102 -0.0858 0.96 -0.98 0.84 -0.96 -0.62 -1.12 -0.15 -0.06 -0.98 1 -0.63 -0.09
0.51 0.57 0.5 -0.11 0.98 0.14 1.01 -1.92 -1.04 -1.99 -1.99 -1.03 1.89 1.07 -1.97 0.91648735928399 -0.398965529248143 -0.961187361983472 -0.0422 0.5996 0.1528 0.4502 -0.8884 -0.5508 -1.0998 -1.0498 -0.4106 0.9478 0.6114 -0.9194 -0.1354 0.6072 0.0596 0.5214 -1.0388 -0.6656 -1.1486 -1.1786 -0.5542 1.0646 0.5598 -1.1958 -0.15 0.5 -0.0199999999999999 0.55 -1.04 -0.66 -1.14 -1.05 -0.51 0.89 0.44 -1.06
0.51 -0.43 0.5 -2.11 -2.02 -0.86 1.01 2.08 -2.04 -1.99 -0.99 -1.03 -2.11 -1.93 -0.97 1.08481416506293 2.8756431731374 3.06609959877122 -1.0622 -0.9304 -0.3572 0.4502 1.1516 -1.0608 -1.0998 -0.5398 -0.4106 -1.0922 -0.9186 -0.4094 0.8346 0.9172 0.3496 -0.4886 -0.8388 0.8044 0.8414 0.3814 0.4758 0.8946 0.7798 0.3442 -1.15 -1 -0.52 0.55 0.96 -1.16 -1.14 -0.55 -0.51 -1.11 -1.06 -0.56
0.51 -0.43 -0.5 1.89 0.98 -1.86 -1.99 -1.92 -0.04 2.01 0.01 0.97 -1.11 2.07 -1.97 1.51939255344061 1.5852801698891 -0.410088954354458 0.9778 0.5996 -0.8672 -1.0798 -0.8884 -0.0408 0.9402 -0.0298 0.6094 -0.5822 1.1214 -0.9194 -0.8854 -0.3728 0.7796 0.8014 0.8812 -0.0556 -0.8786 -0.0486 -0.3842 0.4646 -0.9402 0.7742 -1.04 -0.48 0.84 1.04 0.88 -0.12 -1.15 -0.06 -0.48 0.5 -1.13 0.91
-0.49 -0.43 -0.5 -2.11 1.98 -0.86 -1.99 1.08 0.96 -0.99 2.01 -0.0299999999999998 1.89 -1.93 -1.97 -1.46782426873704 -0.718239814725583 0.712635317091187 1.0478 -0.8704 0.5028 0.9102 -0.4384 -0.4908 0.4002 -1.0198 0.1294 -0.9422 1.0114 1.0506 0.8346 -0.8028 0.3496 0.8014 -0.4088 -0.4856 0.4114 -0.9086 0.0458 -0.8254 0.7798 0.7742 0.96 -0.98 0.34 1.04 -0.62 -0.62 0.35 -1.06 0.02 -1 0.87 0.91
-0.49 0.57 -0.5 -2.11 0.98 -1.86 0.01 1.08 -2.04 0.01 -1.99 -1.03 0.89 1.07 1.03 -0.650725269516781 -1.01654186877917 1.15688992943493 1.0478 -0.3804 0.9928 -0.0698 -0.4384 0.9792 -0.0898 0.9402 0.6194 -0.4522 -0.4586 -0.4194 -1.2754 0.6072 -1.0804 -0.0486 0.6712 -1.2356 -0.00859999999999997 -1.1786 -0.5542 0.4946 0.5598 0.5142 0.96 -0.48 0.84 0.04 -0.62 0.88 -0.15 0.94 0.52 -0.5 -0.63 -0.59
-0.49 -0.43 -0.5 0.89 1.98 -1.86 2.01 -1.92 1.96 0.01 2.01 1.97 0.89 1.07 2.03 1.15301845294047 0.877775453387795 2.03157724692133 -0.4222 -0.8704 0.9928 -1.0498 1.0316 -0.9808 -0.0898 -1.0198 -0.8506 -0.4522 -0.4586 -0.9094 -0.4554 -0.8028 0.7796 -0.9186 0.8812 -0.9156 -0.0186 -0.9086 -0.8142 -0.3954 -0.5102 -0.9458 -0.54 -0.98 0.84 -0.96 0.88 -1.12 -0.15 -1.06 -0.98 -0.5 -0.63 -1.09
-0.49 0.57 0.5 1.89 -2.02 1.14 1.01 -0.92 1.96 2.01 0.01 -1.03 -0.11 0.0700000000000001 1.03 1.8232032466477 0.106533400945625 0.137222745369531 -0.9122 1.0896 -0.4772 -0.5598 0.5416 -0.9808 -1.0698 -0.0398 0.6194 0.0378 0.0314 -0.4194 1.0046 -1.1028 0.6296 0.5214 -0.4688 1.0444 1.1314 -0.0386 -0.5542 -0.0754 -0.0102 0.5142 0.85 -1 0.48 0.55 -0.54 0.84 0.86 -0.05 -0.51 -0.11 -0.06 0.44
0.51 0.57 0.5 -0.11 -2.02 -1.86 -1.99 -0.92 1.96 -0.99 -1.99 -0.0299999999999998 -2.11 -0.93 -1.97 0.852597062376808 1.3364798335892 1.36462775654493 -0.0422 -0.9304 -0.8672 -1.0798 -0.3784 0.9792 -0.5898 -1.0498 0.0994 -1.0922 -0.4086 -0.9194 -0.1354 -1.1028 -1.0804 -1.1886 -0.4688 1.0444 -0.5786 -1.1786 0.0158 -1.2154 -0.5802 -1.1958 -0.15 -1 -1.02 -0.95 -0.54 0.84 -0.64 -1.05 -0.01 -1.11 -0.56 -1.06
0.51 -0.43 0.5 1.89 1.98 0.14 0.01 -1.92 -2.04 -1.99 1.01 -2.03 1.89 0.0700000000000001 -1.97 -0.267107831021713 2.2558599401983 1.78317644717072 0.9778 1.1096 0.1528 -0.0598 -0.8884 -1.0608 -1.0998 0.4802 -0.9206 0.9478 0.1014 -0.9194 -0.8854 -0.8028 -0.0804 -0.0586 0.8812 0.8044 0.8414 -0.4786 0.9058 -0.8254 -0.0802 0.7742 0.85 1 -0.0199999999999999 0.05 -1.04 -1.16 -1.14 0.45 -1.01 0.89 -0.06 -1.06
-0.49 0.57 0.5 -1.11 -2.02 2.14 -1.99 2.08 -0.04 -1.99 0.01 -0.0299999999999998 -0.11 2.07 -1.97 0.50780241885422 -0.167549915733242 0.530186943183145 0.5578 1.0896 -0.9672 0.9102 -0.9284 -0.000800000000000026 0.8902 -0.0398 0.1294 0.0378 -0.9486 1.0506 -0.7054 -1.1028 1.1996 -1.1886 1.2412 -0.0956 -1.1486 -0.0386 0.0158 -0.0754 1.1298 -1.1958 -0.65 -1 0.98 -0.95 0.96 -0.16 -1.14 -0.05 -0.01 -0.11 0.94 -1.06
-0.49 -0.43 -0.5 -1.11 0.98 1.14 2.01 1.08 1.96 2.01 1.01 0.97 1.89 1.07 0.03 0.702279415775874 0.85611574658987 -0.758242455059638 0.5578 -0.3804 -0.4772 -1.0498 -0.4384 -0.9808 -1.0698 -0.5298 -0.3606 -0.9422 -0.4586 0.0706 0.4046 -0.3728 -0.5104 -0.9186 -0.4088 -0.9156 -0.8786 -0.4786 -0.3842 -0.8254 -0.5102 -0.0858 0.46 -0.48 -0.66 -0.96 -0.62 -1.12 -1.15 -0.56 -0.48 -1 -0.63 -0.09
-0.49 0.57 -0.5 -2.11 1.98 -1.86 0.01 1.08 1.96 2.01 0.01 -1.03 -0.11 2.07 2.03 1.00950588235467 0.353569879575767 1.71754050656091 1.0478 -0.8704 0.9928 -0.0698 -0.4384 -0.9808 -1.0698 -0.0398 0.6194 0.0378 -0.9486 -0.9094 -1.2754 1.1772 -1.0804 -0.0486 0.6712 1.0444 1.1314 -0.0386 -0.5542 -0.0754 1.1298 1.0842 0.96 -0.98 0.84 0.04 -0.62 -1.12 -1.15 -0.06 0.52 6.93889390390723e-18 -1.13 -1.09
-0.49 0.57 0.5 0.89 -2.02 -0.86 2.01 1.08 -0.04 -0.99 1.01 0.97 1.89 2.07 0.03 0.307085459825876 0.383417742714765 0.156369600583222 -0.4222 1.0896 0.5028 -1.0498 -0.4384 -0.000800000000000026 0.4002 -0.5298 -0.3606 -0.9422 -0.9486 0.0706 0.4346 -1.1028 -0.5104 1.0914 0.6712 -0.0956 -0.5786 0.5314 0.5858 1.0646 1.1298 -0.0558 0.35 -1 -0.52 1.05 0.46 -0.16 -0.64 0.45 0.49 0.89 0.94 -0.06
0.51 0.57 -0.5 1.89 -2.02 -1.86 1.01 -1.92 -0.04 -0.99 1.01 -1.03 -1.11 -0.93 -0.97 -0.267405465317096 1.71653757953348 1.3964736169041 0.9778 -0.9304 -0.8672 0.4502 -0.8884 -0.0408 -0.5898 0.4802 -0.4106 -0.5822 -0.4086 -0.4094 1.0046 -1.1028 -1.0804 0.5214 -1.0388 -0.0956 -0.5786 0.5314 -0.5542 -0.6454 -0.5802 -0.6258 -1.04 1.02 0.84 -0.46 0.88 -0.12 0.35 -0.56 0.52 0.5 0.37 0.41
-0.49 -0.43 -0.5 -0.11 -2.02 -1.86 -1.99 -0.92 0.96 1.01 1.01 -2.03 0.89 -0.93 -1.97 -0.151665941624774 0.9026847786542 0.210437202165087 0.0678 1.0896 0.9928 0.9102 0.5416 -0.4908 -0.5798 -0.5298 1.1094 -0.4522 0.5214 1.0506 -0.0254 0.9172 0.7796 0.8014 0.4512 -0.4856 -0.4486 -0.4786 0.9058 -0.3954 0.3498 0.7742 -0.04 1.02 0.84 1.04 0.38 -0.62 -0.65 -0.56 1.02 -0.5 0.37 0.91
-0.49 -0.43 -0.5 -2.11 0.98 0.14 -0.99 -0.92 -0.04 -0.99 2.01 0.97 -0.11 0.0700000000000001 0.03 0.440445058278235 0.518370084990046 1.27384054958821 1.0478 -0.3804 0.0128 0.4202 0.5416 -0.000800000000000026 0.4002 -1.0198 -0.3606 0.0378 0.0314 0.0706 0.8346 -0.3728 -0.0804 0.3714 0.4512 -0.0556 0.4114 -0.9086 -0.3842 0.0346 -0.0802 -0.0858 0.96 -0.48 -0.16 0.54 0.38 -0.12 0.35 -1.06 -0.48 6.93889390390723e-18 -0.13 -0.09
0.51 -0.43 -0.5 1.89 -2.02 -0.86 -0.99 2.08 0.96 -0.99 1.01 -1.03 0.89 -1.93 -0.97 -0.546059468149219 1.41727363875846 2.66879456003961 0.9778 -0.9304 -0.3572 -0.5698 1.1516 0.4692 -0.5898 0.4802 -0.4106 0.4378 -0.9186 -0.4094 -0.8854 0.9172 0.3496 0.3714 -0.8388 -0.4856 0.4114 -0.4786 0.4758 -0.3954 0.7798 0.3442 -1.04 1.02 0.34 0.54 -1.12 -0.62 0.35 -0.56 0.52 -0.5 0.87 0.41
0.51 0.57 0.5 1.89 -1.02 2.14 0.01 0.0800000000000001 1.96 -1.99 2.01 -2.03 -2.11 -1.93 -1.97 2.65286441310225 1.40803651469028 3.20011772763351 0.9778 -0.4204 1.1728 -0.0598 0.1316 0.9792 -1.0998 0.9902 -0.9206 -1.0922 -0.9186 -0.9194 1.0046 -0.5328 1.1996 -0.0486 0.1012 1.0444 -1.1486 1.1014 -1.1242 -1.2154 -1.1502 -1.1958 0.85 -0.5 0.98 0.05 -0.04 0.84 -1.14 0.95 -1.01 -1.11 -1.06 -1.06
0.51 0.57 -0.5 -2.11 -1.02 -0.86 2.01 1.08 1.96 -1.99 1.01 1.97 1.89 2.07 1.03 -0.552817910389199 1.53379005116493 2.04548938832821 -1.0622 -0.4204 -0.3572 0.9602 0.6416 0.9792 -1.0998 0.4802 1.1194 0.9478 1.1214 0.6106 -1.2754 -0.5328 -0.5104 1.0914 0.6712 1.0444 -1.1486 0.5314 1.1558 1.0646 1.1298 0.5142 0.96 0.52 0.34 -0.96 -0.62 -1.12 0.85 -0.56 -0.98 -1 -1.13 -0.59
0.51 -0.43 0.5 0.89 -0.02 2.14 0.01 1.08 0.96 2.01 1.01 -0.0299999999999998 1.89 2.07 0.03 2.34658405908894 0.535799124492854 2.58401140209196 0.4678 0.0896 1.1728 -0.0598 0.6416 0.4692 0.9402 0.4802 0.0994 0.9478 1.1214 0.1006 -0.4554 0.0572 -0.9404 -0.0586 -0.4088 -0.4856 -0.8786 -0.4786 0.0458 -0.8254 -0.9402 -0.0858 0.35 0 0.98 0.05 0.46 0.34 0.86 0.45 -0.01 0.89 0.94 -0.06
0.51 -0.43 0.5 -2.11 1.98 1.14 0.01 -0.92 1.96 1.01 2.01 1.97 -2.11 -0.93 -0.97 -0.00684217013108612 -0.267562256242466 2.80142999136658 -1.0622 1.1096 0.6628 -0.0598 -0.3784 0.9792 0.4302 0.9902 1.1194 -1.0922 -0.4086 -0.4094 0.8346 -0.8028 -0.5104 -0.0586 0.4512 -0.9156 -0.4486 -0.9086 -0.8142 0.8946 0.3498 0.3442 -1.15 1 0.48 0.05 -0.54 0.84 0.36 0.95 0.99 -1.11 -0.56 -0.56
0.51 -0.43 -0.5 0.89 -2.02 2.14 2.01 -1.92 -2.04 2.01 0.01 -0.0299999999999998 -0.11 1.07 -1.97 -0.247711213783263 1.3146122216744 0.557978580767523 0.4678 -0.9304 1.1728 0.9602 -0.8884 -1.0608 0.9402 -0.0298 0.0994 -0.0722 0.6114 -0.9194 -0.4554 0.9172 -0.9404 -0.9186 0.8812 0.8044 -0.8786 -0.0486 0.0458 0.0346 -0.5102 0.7742 -0.54 1.02 -1.16 -0.96 0.88 0.88 -1.15 -0.06 0.02 6.93889390390723e-18 -0.63 0.91
0.51 0.57 0.5 1.89 1.98 2.14 2.01 0.0800000000000001 1.96 2.01 2.01 0.97 1.89 2.07 1.03 3.06271348926319 2.70024086248068 2.62257952714158 0.9778 1.1096 1.1728 0.9602 0.1316 0.9792 0.9402 0.9902 0.6094 0.9478 1.1214 0.6106 1.0046 1.1772 1.1996 1.0914 0.1012 1.0444 1.1314 1.1014 0.5858 1.0646 1.1298 0.5142 0.85 1 0.98 1.05 -0.04 0.84 0.86 0.95 0.49 0.89 0.94 0.44
0.51 0.57 0.5 -2.11 1.98 -1.86 -1.99 2.08 -0.04 -1.99 -0.99 -0.0299999999999998 0.89 -1.93 -0.97 0.0512576048892336 1.57677633924851 -0.389810763378679 -1.0622 1.1096 -0.8672 -1.0798 1.1516 -0.0408 -1.0998 -0.5398 0.0994 0.4378 -0.9186 -0.4094 -1.2754 1.1772 -1.0804 -1.1886 1.2412 -0.0956 -1.1486 -0.6086 0.0158 0.4946 -1.1502 -0.6258 -1.15 1 -1.02 -0.95 0.96 -0.16 -1.14 -0.55 -0.01 0.39 -1.06 -0.56
-0.49 -0.43 -0.5 1.89 1.98 1.14 -1.99 -1.92 1.96 -1.99 -1.99 -1.03 -2.11 -0.93 -1.97 1.16723769527189 0.491486192065885 1.07090889614699 -0.9122 -0.8704 -0.4772 0.9102 1.0316 -0.9808 0.8902 0.9402 0.6194 1.0178 0.5214 1.0506 -0.8854 -0.8028 -0.5104 0.8014 0.8812 -0.9156 0.8414 0.8114 0.4758 0.8946 0.3498 0.7742 -1.04 -0.98 -0.66 1.04 0.88 -1.12 0.85 0.94 0.52 1 0.37 0.91
-0.49 -0.43 -0.5 -2.11 1.98 -1.86 0.01 1.08 -2.04 1.01 -0.99 0.97 -2.11 -0.93 -1.97 0.966158489651953 0.0277695885624661 1.01427770812259 1.0478 -0.8704 0.9928 -0.0698 -0.4384 0.9792 -0.5798 0.4502 -0.3606 1.0178 0.5214 1.0506 0.8346 -0.8028 0.7796 -0.0586 -0.4088 0.8044 -0.4486 0.3814 -0.3842 0.8946 0.3498 0.7742 0.96 -0.98 0.84 0.04 -0.62 0.88 -0.65 0.44 -0.48 1 0.37 0.91
0.51 -0.43 -0.5 1.89 -2.02 -1.86 2.01 2.08 0.96 1.01 0.01 1.97 1.89 -1.93 1.03 0.710933670812575 0.186576650438259 -0.0671018326910224 0.9778 -0.9304 -0.8672 0.9602 1.1516 0.4692 0.4302 -0.0298 1.1194 0.9478 -0.9186 0.6106 -0.8854 0.9172 0.7796 -0.9186 -0.8388 -0.4856 -0.4486 -0.0486 -0.8142 -0.8254 0.7798 -0.5158 -1.04 1.02 0.84 -0.96 -1.12 -0.62 -0.65 -0.06 -0.98 -1 0.87 -0.59
0.51 -0.43 -0.5 -0.11 -2.02 2.14 -1.99 0.0800000000000001 1.96 -1.99 0.01 1.97 0.89 0.0700000000000001 -0.97 1.09558907217646 1.81024505538156 2.7142515135362 -0.0422 -0.9304 1.1728 -1.0798 0.1316 0.9792 -1.0998 -0.0298 1.1194 0.4378 0.1014 -0.4094 -0.0254 0.9172 -0.9404 0.8014 0.0212 -0.9156 0.8414 -0.0486 -0.8142 -0.3954 -0.0802 0.3442 -0.04 1.02 -1.16 1.04 -0.12 -1.12 0.85 -0.06 -0.98 -0.5 -0.13 0.41
0.51 -0.43 0.5 1.89 -2.02 -1.86 1.01 1.08 -2.04 2.01 2.01 1.97 -0.11 2.07 2.03 0.302137972508498 -0.27296842340985 -0.0231217336593804 0.9778 -0.9304 -0.8672 0.4502 0.6416 -1.0608 0.9402 0.9902 1.1194 -0.0722 1.1214 1.1206 -0.8854 0.9172 0.7796 -0.4886 -0.4088 0.8044 -0.8786 -0.9086 -0.8142 0.0346 -0.9402 -0.9458 0.85 -1 -1.02 0.55 0.46 -1.16 0.86 0.95 0.99 -0.11 0.94 0.94
-0.49 -0.43 -0.5 -1.11 1.98 2.14 -0.99 2.08 0.96 -1.99 -1.99 -1.03 -0.11 0.0700000000000001 -0.97 1.23190066255842 0.581427073977013 0.470390072196775 0.5578 -0.8704 -0.9672 0.4202 -0.9284 -0.4908 0.8902 0.9402 0.6194 0.0378 0.0314 0.5606 0.4046 -0.8028 -0.9404 0.3714 -0.8388 -0.4856 0.8414 0.8114 0.4758 0.0346 -0.0802 0.3442 0.46 -0.98 -1.16 0.54 -1.12 -0.62 0.85 0.94 0.52 6.93889390390723e-18 -0.13 0.41
0.51 0.57 -0.5 -0.11 1.98 1.14 2.01 2.08 -2.04 -0.99 -1.99 -1.03 0.89 1.07 2.03 0.640185014822074 1.60428667653999 1.47022509744735 -0.0422 1.1096 0.6628 0.9602 1.1516 -1.0608 -0.5898 -1.0498 -0.4106 0.4378 0.6114 1.1206 -0.1354 1.1772 0.6296 1.0914 1.2412 -1.2356 -0.5786 -1.1786 -0.5542 0.4946 0.5598 1.0842 -0.04 -0.98 -0.66 -0.96 -1.12 0.88 0.35 0.94 0.52 -0.5 -0.63 -1.09
-0.49 0.57 0.5 -1.11 -2.02 -0.86 0.01 -1.92 -0.04 -0.99 -1.99 0.97 -2.11 -1.93 0.03 -0.439118770779077 1.34177252546515 0.699410876320721 0.5578 1.0896 0.5028 -0.0698 1.0316 -0.000800000000000026 0.4002 0.9402 -0.3606 1.0178 1.0114 0.0706 -0.7054 -1.1028 -0.5104 -0.0486 -1.0388 -0.0956 -0.5786 -1.1786 0.5858 -1.2154 -1.1502 -0.0558 -0.65 -1 -0.52 0.05 -1.04 -0.16 -0.64 -1.05 0.49 -1.11 -1.06 -0.06
-0.49 -0.43 -0.5 1.89 1.98 -0.86 2.01 0.0800000000000001 -2.04 -0.99 1.01 0.97 -1.11 1.07 2.03 -0.0827172352932106 1.29171867533461 0.94068581123461 -0.9122 -0.8704 0.5028 -1.0498 0.0516 0.9792 0.4002 -0.5298 -0.3606 0.5278 -0.4586 -0.9094 -0.8854 -0.8028 0.3496 -0.9186 0.0212 0.8044 0.4114 -0.4786 -0.3842 0.4646 -0.5102 -0.9458 -1.04 -0.98 0.34 -0.96 -0.12 0.88 0.35 -0.56 -0.48 0.5 -0.63 -1.09
-0.49 -0.43 -0.5 1.89 1.98 -1.86 -1.99 -1.92 0.96 0.01 -1.99 -2.03 -2.11 -1.93 -1.97 0.539651245390104 0.840149632747447 0.743935977284818 -0.9122 -0.8704 0.9928 0.9102 1.0316 -0.4908 -0.0898 0.9402 1.1094 1.0178 1.0114 1.0506 -0.8854 -0.8028 0.7796 0.8014 0.8812 -0.4856 -0.0186 0.8114 0.9058 0.8946 0.7798 0.7742 -1.04 -0.98 0.84 1.04 0.88 -0.62 -0.15 0.94 1.02 1 0.87 0.91
0.51 -0.43 0.5 0.89 1.98 -0.86 -0.99 0.0800000000000001 1.96 0.01 -1.99 0.97 1.89 2.07 0.03 0.119702946818782 0.701057901018843 -0.976976311498129 0.4678 1.1096 -0.3572 -0.5698 0.1316 0.9792 -0.0798 -1.0498 0.6094 0.9478 1.1214 0.1006 -0.4554 -0.8028 0.3496 0.3714 0.0212 -0.9156 -0.0186 0.8114 -0.3842 -0.8254 -0.9402 -0.0858 0.35 1 -0.52 -0.45 -0.04 0.84 -0.14 -1.05 0.49 0.89 0.94 -0.06
0.51 0.57 0.5 -0.11 -0.02 -1.86 -1.99 -1.92 1.96 2.01 1.01 -2.03 -1.11 -1.93 -1.97 1.21595728453023 1.21324241706178 1.90645343750055 -0.0422 0.0896 -0.8672 -1.0798 -0.8884 0.9792 0.9402 0.4802 -0.9206 -0.5822 -0.9186 -0.9194 -0.1354 0.0372 -1.0804 -1.1886 -1.0388 1.0444 1.1314 0.5314 -1.1242 -0.6454 -1.1502 -1.1958 -0.15 0 -1.02 -0.95 -1.04 0.84 0.86 0.45 -1.01 -0.61 -1.06 -1.06
0.51 -0.43 -0.5 -2.11 -2.02 -1.86 2.01 -0.92 -2.04 -1.99 -1.99 -2.03 -2.11 -1.93 -1.97 1.54559543016411 0.591908569471099 0.334446225790316 -1.0622 -0.9304 -0.8672 0.9602 -0.3784 -1.0608 -1.0998 -1.0498 -0.9206 -1.0922 -0.9186 -0.9194 0.8346 0.9172 0.7796 -0.9186 0.4512 0.8044 0.8414 0.8114 0.9058 0.8946 0.7798 0.7742 0.96 1.02 0.84 -0.96 0.38 0.88 0.85 0.94 1.02 1 0.87 0.91
-0.49 -0.43 0.5 -0.11 1.98 0.14 -1.99 2.08 -2.04 2.01 2.01 1.97 1.89 2.07 1.03 0.700181061083224 1.22050806380915 0.808449059919552 0.0678 -0.8704 0.0128 0.9102 -0.9284 0.9792 -1.0698 -1.0198 -0.8506 -0.9422 -0.9486 -0.4194 -0.0254 -0.8028 -0.0804 0.8014 -0.8388 0.8044 -0.8786 -0.9086 -0.8142 -0.8254 -0.9402 -0.5158 -0.15 1 -0.0199999999999999 -0.95 0.96 -1.16 0.86 0.95 0.99 0.89 0.94 0.44
-0.49 0.57 0.5 1.89 1.98 -1.86 2.01 -0.92 -1.04 -0.99 0.01 1.97 -2.11 1.07 0.03 0.527497540494708 1.22224038408954 1.37400164184631 -0.9122 -0.8704 0.9928 -1.0498 0.5416 0.4892 0.4002 -0.0398 -0.8506 1.0178 -0.4586 0.0706 1.0046 1.1772 -1.0804 1.0914 -0.4688 -0.6656 -0.5786 -0.0386 1.1558 -1.2154 0.5598 -0.0558 0.85 1 -1.02 1.05 -0.54 -0.66 -0.64 -0.05 0.99 -1.11 0.44 -0.06
-0.49 0.57 0.5 -1.11 1.98 1.14 2.01 0.0800000000000001 0.96 2.01 -1.99 1.97 -1.11 -0.93 2.03 1.61149143212804 0.834409792935804 0.734294560070363 0.5578 -0.8704 -0.4772 -1.0498 0.0516 -0.4908 -1.0698 0.9402 -0.8506 0.5278 0.5214 -0.9094 -0.7054 1.1772 0.6296 1.0914 0.1012 0.4744 1.1314 -1.1786 1.1558 -0.6454 -0.5802 1.0842 -0.65 1 0.48 1.05 -0.04 0.34 0.86 -1.05 0.99 -0.61 -0.56 0.94
0.51 0.57 0.5 0.89 -2.02 -1.86 -1.99 -1.92 -1.04 2.01 1.01 -0.0299999999999998 -2.11 -1.93 -1.97 1.38910207647028 1.03306608970589 1.77384730828032 0.4678 -0.9304 -0.8672 -1.0798 -0.8884 -0.5508 0.9402 0.4802 0.0994 -1.0922 -0.9186 -0.9194 0.4346 -1.1028 -1.0804 -1.1886 -1.0388 -0.6656 1.1314 0.5314 0.0158 -1.2154 -1.1502 -1.1958 0.35 -1 -1.02 -0.95 -1.04 -0.66 0.86 0.45 -0.01 -1.11 -1.06 -1.06
-0.49 -0.43 -0.5 -2.11 -0.02 0.14 -1.99 1.08 -0.04 1.01 2.01 0.97 1.89 -0.93 2.03 1.44587671571796 2.31903754647861 2.05347657615739 1.0478 0.1096 0.0128 0.9102 -0.4384 -0.000800000000000026 -0.5798 -1.0198 -0.3606 -0.9422 0.5214 -0.9094 0.8346 0.0572 -0.0804 0.8014 -0.4088 -0.0556 -0.4486 -0.9086 -0.3842 -0.8254 0.3498 -0.9458 0.96 0.02 -0.16 1.04 -0.62 -0.12 -0.65 -1.06 -0.48 -1 0.37 -1.09
0.51 -0.43 0.5 -2.11 -0.02 1.14 1.01 -1.92 -1.04 2.01 2.01 -2.03 0.89 -0.93 0.03 2.25776833806166 2.05388872280705 1.64496178560504 -1.0622 0.0896 0.6628 0.4502 -0.8884 -0.5508 0.9402 0.9902 -0.9206 0.4378 -0.4086 0.1006 0.8346 0.0572 -0.5104 -0.4886 0.8812 0.3744 -0.8786 -0.9086 0.9058 -0.3954 0.3498 -0.0858 -1.15 0 0.48 0.55 -1.04 -0.66 0.86 0.95 -1.01 0.39 -0.56 -0.06
0.51 0.57 0.5 -2.11 -2.02 -0.86 0.01 -0.92 -0.04 -1.99 1.01 -2.03 1.89 -0.93 2.03 0.909018586690364 0.666849844401171 0.989183716212971 -1.0622 -0.9304 -0.3572 -0.0598 -0.3784 -0.0408 -1.0998 0.4802 -0.9206 0.9478 -0.4086 1.1206 -1.2754 -1.1028 -0.5104 -0.0486 -0.4688 -0.0956 -1.1486 0.5314 -1.1242 1.0646 -0.5802 1.0842 -1.15 -1 -0.52 0.05 -0.54 -0.16 -1.14 0.45 -1.01 0.89 -0.56 0.94
-0.49 0.57 0.5 1.89 0.98 -1.86 0.01 2.08 0.96 1.01 2.01 1.97 0.89 1.07 0.03 2.16492646586403 1.22441289267148 2.95308861520765 -0.9122 -0.3804 0.9928 -0.0698 -0.9284 -0.4908 -0.5798 -1.0198 -0.8506 -0.4522 -0.4586 0.0706 1.0046 0.6072 -1.0804 -0.0486 1.2412 0.4744 0.5614 1.1014 1.1558 0.4946 0.5598 -0.0558 0.85 0.5 -1.02 0.05 0.96 0.34 0.36 0.95 0.99 0.39 0.44 -0.06
-0.49 -0.43 0.5 0.89 -2.02 0.14 -1.99 -1.92 -1.04 -0.99 -1.99 -0.0299999999999998 -2.11 -1.93 -0.97 -1.4862106516791 0.244390940913648 0.364152823925938 -0.4222 1.0896 0.0128 0.9102 1.0316 0.4892 0.4002 0.9402 0.1294 1.0178 1.0114 0.5606 -0.4554 0.9172 -0.0804 0.8014 0.8812 0.3744 0.4114 0.8114 0.0458 0.8946 0.7798 0.3442 0.35 -1 -0.0199999999999999 -0.95 -1.04 -0.66 -0.64 -1.05 -0.01 -1.11 -1.06 -0.56
0.51 0.57 0.5 -2.11 1.98 2.14 2.01 2.08 1.96 2.01 1.01 0.97 1.89 -1.93 2.03 0.147280810636205 0.416129389691204 0.036727721583699 -1.0622 1.1096 1.1728 0.9602 1.1516 0.9792 0.9402 0.4802 0.6094 0.9478 -0.9186 1.1206 -1.2754 1.1772 1.1996 1.0914 1.2412 1.0444 1.1314 0.5314 0.5858 1.0646 -1.1502 1.0842 -1.15 1 0.98 1.05 0.96 0.84 0.86 0.45 0.49 0.89 -1.06 0.94
0.51 -0.43 0.5 -1.11 1.98 -0.86 1.01 2.08 1.96 2.01 -1.99 -2.03 0.89 -1.93 2.03 1.13432370160315 0.646380508164474 0.5694762676613 -0.5522 1.1096 -0.3572 0.4502 1.1516 0.9792 0.9402 -1.0498 -0.9206 0.4378 -0.9186 1.1206 0.4046 -0.8028 0.3496 -0.4886 -0.8388 -0.9156 -0.8786 0.8114 0.9058 -0.3954 0.7798 -0.9458 -0.65 1 -0.52 0.55 0.96 0.84 0.86 -1.05 -1.01 0.39 -1.06 0.94
0.51 0.57 -0.5 -2.11 -2.02 -1.86 0.01 -1.92 -2.04 -1.99 2.01 -2.03 1.89 -0.93 2.03 0.275724064373064 1.19192024078084 2.01455087172586 -1.0622 -0.9304 -0.8672 -0.0598 -0.8884 -1.0608 -1.0998 0.9902 -0.9206 0.9478 -0.4086 1.1206 -1.2754 -1.1028 -1.0804 -0.0486 -1.0388 -1.2356 -1.1486 1.1014 -1.1242 1.0646 -0.5802 1.0842 0.96 1.02 0.84 0.04 0.88 0.88 0.85 -1.06 1.02 -1 0.37 -1.09
-0.49 -0.43 -0.5 -2.11 0.98 -1.86 -1.99 -0.92 1.96 -1.99 -0.99 -2.03 -2.11 -1.93 -1.97 0.171283629331824 0.681805194672396 0.597513621758466 1.0478 -0.3804 0.9928 0.9102 0.5416 -0.9808 0.8902 0.4502 1.1094 1.0178 1.0114 1.0506 0.8346 -0.3728 0.7796 0.8014 0.4512 -0.9156 0.8414 0.3814 0.9058 0.8946 0.7798 0.7742 0.96 -0.48 0.84 1.04 0.38 -1.12 0.85 0.44 1.02 1 0.87 0.91
0.51 -0.43 -0.5 -2.11 0.98 1.14 2.01 -1.92 0.96 2.01 -0.99 1.97 0.89 0.0700000000000001 2.03 0.88215817276594 -0.512676029531245 0.43489044013076 -1.0622 0.5996 0.6628 0.9602 -0.8884 0.4692 0.9402 -0.5398 1.1194 0.4378 0.1014 1.1206 0.8346 -0.3728 -0.5104 -0.9186 0.8812 -0.4856 -0.8786 0.3814 -0.8142 -0.3954 -0.0802 -0.9458 0.96 -0.48 -0.66 -0.96 0.88 -0.62 -1.15 0.44 -0.98 -0.5 -0.13 -1.09
0.51 -0.43 0.5 1.89 -0.02 -1.86 0.01 -0.92 1.96 1.01 1.01 -1.03 0.89 1.07 2.03 1.50454737281096 1.94382990486086 1.1021374663199 0.9778 0.0896 -0.8672 -0.0598 -0.3784 0.9792 0.4302 0.4802 -0.4106 0.4378 0.6114 1.1206 -0.8854 0.0572 0.7796 -0.0586 0.4512 -0.9156 -0.4486 -0.4786 0.4758 -0.3954 -0.5102 -0.9458 0.85 0 -1.02 0.05 -0.54 0.84 0.36 0.45 -0.51 0.39 0.44 0.94
-0.49 -0.43 -0.5 -2.11 -0.02 2.14 1.01 2.08 -1.04 0.01 2.01 -0.0299999999999998 0.89 0.0700000000000001 0.03 0.635863422441676 0.389929739409828 1.88005117262749 1.0478 0.1096 -0.9672 -0.5598 -0.9284 0.4892 -0.0898 -1.0198 0.1294 -0.4522 0.0314 0.0706 0.8346 0.0572 -0.9404 -0.4886 -0.8388 0.3744 -0.0186 -0.9086 0.0458 -0.3954 -0.0802 -0.0858 0.96 0.02 -1.16 -0.46 -1.12 0.38 -0.15 -1.06 0.02 -0.5 -0.13 -0.09
0.51 -0.43 0.5 -2.11 0.98 -0.86 -1.99 0.0800000000000001 1.96 2.01 2.01 1.97 -0.11 1.07 2.03 0.458989669793049 1.00333974101826 0.731140936426768 -1.0622 0.5996 -0.3572 -1.0798 0.1316 0.9792 0.9402 0.9902 1.1194 -0.0722 0.6114 1.1206 0.8346 -0.3728 0.3496 0.8014 0.0212 -0.9156 -0.8786 -0.9086 -0.8142 0.0346 -0.5102 -0.9458 -1.15 0.5 -0.52 -0.95 -0.04 0.84 0.86 0.95 0.99 -0.11 0.44 0.94
-0.49 -0.43 -0.5 -2.11 -2.02 2.14 0.01 2.08 -2.04 2.01 0.01 0.97 -2.11 -0.93 0.03 0.745177096360761 1.54403262882534 2.15761696728732 1.0478 1.0896 -0.9672 -0.0698 -0.9284 0.9792 -1.0698 -0.0398 -0.3606 1.0178 0.5214 0.0706 0.8346 0.9172 -0.9404 -0.0586 -0.8388 0.8044 -0.8786 -0.0486 -0.3842 0.8946 0.3498 -0.0858 0.96 1.02 -1.16 0.04 -1.12 0.88 -1.15 -0.06 -0.48 1 0.37 -0.09
0.51 0.57 0.5 1.89 -0.02 2.14 2.01 1.08 -1.04 0.01 2.01 -1.03 0.89 -0.93 1.03 0.22883456925951 -0.468256511618545 -0.259315202660143 0.9778 0.0896 1.1728 0.9602 0.6416 -0.5508 -0.0798 0.9902 -0.4106 0.4378 -0.4086 0.6106 1.0046 0.0372 1.1996 1.0914 0.6712 -0.6656 -0.00859999999999997 1.1014 -0.5542 0.4946 -0.5802 0.5142 0.85 0 0.98 1.05 0.46 -0.66 -0.14 0.95 -0.51 0.39 -0.56 0.44
0.51 0.57 0.5 -0.11 1.98 2.14 0.01 2.08 -0.04 2.01 1.01 -0.0299999999999998 1.89 2.07 2.03 1.79425215844559 2.03472831600683 3.52431750341765 -0.0422 1.1096 1.1728 -0.0598 1.1516 -0.0408 0.9402 0.4802 0.0994 0.9478 1.1214 1.1206 -0.1354 1.1772 1.1996 -0.0486 1.2412 -0.0956 1.1314 0.5314 0.0158 1.0646 1.1298 1.0842 -0.15 1 0.98 0.05 0.96 -0.16 0.86 0.45 -0.01 0.89 0.94 0.94
-0.49 -0.43 0.5 -0.11 -2.02 2.14 -1.99 -1.92 -2.04 2.01 -1.99 -1.03 -0.11 0.0700000000000001 -1.97 -0.451378394343641 -0.559273732446371 -0.287552296242749 0.0678 1.0896 -0.9672 0.9102 1.0316 0.9792 -1.0698 0.9402 0.6194 0.0378 0.0314 1.0506 -0.0254 0.9172 -0.9404 0.8014 0.8812 0.8044 -0.8786 0.8114 0.4758 0.0346 -0.0802 0.7742 -0.15 -1 0.98 -0.95 -1.04 -1.16 0.86 -1.05 -0.51 -0.11 -0.06 -1.06
-0.49 0.57 -0.5 -1.11 -2.02 1.14 -1.99 1.08 -1.04 -1.99 1.01 1.97 -0.11 -0.93 -0.97 0.338234491739112 1.72575134440029 1.73669522542394 0.5578 1.0896 -0.4772 0.9102 -0.4384 0.4892 0.8902 -0.5298 -0.8506 0.0378 0.5214 0.5606 -0.7054 -1.1028 0.6296 -1.1886 0.6712 -0.6656 -1.1486 0.5314 1.1558 -0.0754 -0.5802 -0.6258 0.46 1.02 -0.66 1.04 -0.62 0.38 0.85 -0.56 -0.98 6.93889390390723e-18 0.37 0.41
-0.49 -0.43 -0.5 -0.11 -2.02 2.14 0.01 -1.92 -2.04 -1.99 1.01 -2.03 1.89 -0.93 2.03 0.28355573123238 0.824035492471562 1.18630036480554 0.0678 1.0896 -0.9672 -0.0698 1.0316 0.9792 0.8902 -0.5298 1.1094 -0.9422 0.5214 -0.9094 -0.0254 0.9172 -0.9404 -0.0586 0.8812 0.8044 0.8414 -0.4786 0.9058 -0.8254 0.3498 -0.9458 -0.04 1.02 -1.16 0.04 0.88 0.88 0.85 -0.56 1.02 -1 0.37 -1.09
0.51 0.57 0.5 -0.11 -0.02 -1.86 -0.99 -1.92 -0.04 -0.99 -1.99 -2.03 -1.11 -1.93 1.03 0.686571443242867 0.502866772666898 0.508263535443891 -0.0422 0.0896 -0.8672 -0.5698 -0.8884 -0.0408 -0.5898 -1.0498 -0.9206 -0.5822 -0.9186 0.6106 -0.1354 0.0372 -1.0804 -0.6186 -1.0388 -0.0956 -0.5786 -1.1786 -1.1242 -0.6454 -1.1502 0.5142 -0.15 0 -1.02 -0.45 -1.04 -0.16 -0.64 -1.05 -1.01 -0.61 -1.06 0.44
0.51 0.57 0.5 1.89 0.98 0.14 -0.99 2.08 -2.04 2.01 0.01 -2.03 -1.11 0.0700000000000001 -1.97 0.825683543903948 0.706448571747308 0.77852069442312 0.9778 0.5996 0.1528 -0.5698 1.1516 -1.0608 0.9402 -0.0298 -0.9206 -0.5822 0.1014 -0.9194 1.0046 0.6072 0.0596 -0.6186 1.2412 -1.2356 1.1314 -0.0386 -1.1242 -0.6454 -0.0102 -1.1958 0.85 0.5 -0.0199999999999999 -0.45 0.96 -1.16 0.86 -0.05 -1.01 -0.61 -0.06 -1.06
-0.49 0.57 -0.5 1.89 -2.02 -1.86 0.01 1.08 1.96 0.01 -0.99 1.97 -1.11 1.07 0.03 0.961178507506284 1.38692147283736 2.5964189257102 -0.9122 1.0896 0.9928 -0.0698 -0.4384 -0.9808 -0.0898 0.4502 -0.8506 0.5278 -0.4586 0.0706 1.0046 -1.1028 -1.0804 -0.0486 0.6712 1.0444 -0.00859999999999997 -0.6086 1.1558 -0.6454 0.5598 -0.0558 -1.04 1.02 0.84 0.04 -0.62 -1.12 -0.15 0.44 -0.98 0.5 -0.63 -0.09
0.51 0.57 -0.5 1.89 0.98 -1.86 0.01 -1.92 -1.04 -1.99 0.01 -1.03 -2.11 -1.93 -1.97 -0.39525988173036 -0.879145013477401 0.271250307216756 0.9778 0.5996 -0.8672 -0.0598 -0.8884 -0.5508 -1.0998 -0.0298 -0.4106 -1.0922 -0.9186 -0.9194 1.0046 0.6072 -1.0804 -0.0486 -1.0388 -0.6656 -1.1486 -0.0386 -0.5542 -1.2154 -1.1502 -1.1958 -1.04 -0.48 0.84 0.04 0.88 0.38 0.85 -0.06 0.52 1 0.87 0.91
0.51 0.57 -0.5 -1.11 -0.02 2.14 -0.99 -1.92 -2.04 2.01 -1.99 1.97 -0.11 2.07 1.03 1.35809750679135 1.38788748029096 2.8813153216584 -0.5522 0.0896 1.1728 -0.5698 -0.8884 -1.0608 0.9402 -1.0498 1.1194 -0.0722 1.1214 0.6106 -0.7054 0.0372 1.1996 -0.6186 -1.0388 -1.2356 1.1314 -1.1786 1.1558 -0.0754 1.1298 0.5142 0.46 0.02 -1.16 0.54 0.88 0.88 -1.15 0.94 -0.98 6.93889390390723e-18 -1.13 -0.59
-0.49 -0.43 0.5 0.89 1.98 2.14 -1.99 2.08 -0.04 -1.99 -0.99 -1.03 1.89 1.07 0.03 -0.437513918951006 0.396862854118321 -0.606968831645837 -0.4222 -0.8704 -0.9672 0.9102 -0.9284 -0.000800000000000026 0.8902 0.4502 0.6194 -0.9422 -0.4586 0.0706 -0.4554 -0.8028 -0.9404 0.8014 -0.8388 -0.0556 0.8414 0.3814 0.4758 -0.8254 -0.5102 -0.0858 0.35 1 0.98 -0.95 0.96 -0.16 -1.14 -0.55 -0.51 0.89 0.44 -0.06
-0.49 0.57 -0.5 0.89 -0.02 -0.86 2.01 2.08 -0.04 2.01 0.01 1.97 1.89 0.0700000000000001 2.03 0.536666780146766 1.08319559878583 1.4951517754512 -0.4222 0.1096 0.5028 -1.0498 -0.9284 -0.000800000000000026 -1.0698 -0.0398 -0.8506 -0.9422 0.0314 -0.9094 0.4346 0.0372 -0.5104 1.0914 1.2412 -0.0956 1.1314 -0.0386 1.1558 1.0646 -0.0102 1.0842 -0.54 0.02 0.34 -0.96 -1.12 -0.12 -1.15 -0.06 -0.98 -1 -0.13 -1.09
0.51 -0.43 -0.5 -0.11 -0.02 -1.86 2.01 2.08 -2.04 -1.99 0.01 -1.03 -1.11 1.07 -0.97 -0.0266427197554993 -0.176506360793867 -0.976940638148359 -0.0422 0.0896 -0.8672 0.9602 1.1516 -1.0608 -1.0998 -0.0298 -0.4106 -0.5822 0.6114 -0.4094 -0.0254 0.0572 0.7796 -0.9186 -0.8388 0.8044 0.8414 -0.0486 0.4758 0.4646 -0.5102 0.3442 -0.04 0.02 0.84 -0.96 -1.12 0.88 0.85 -0.06 0.52 0.5 -0.63 0.41
-0.49 0.57 -0.5 1.89 0.98 1.14 2.01 -0.92 -1.04 -1.99 -0.99 0.97 0.89 2.07 2.03 0.162081334376237 0.417641064554785 0.555522958652233 -0.9122 -0.3804 -0.4772 -1.0498 0.5416 0.4892 0.8902 0.4502 -0.3606 -0.4522 -0.9486 -0.9094 1.0046 0.6072 0.6296 1.0914 -0.4688 -0.6656 -1.1486 -0.6086 0.5858 0.4946 1.1298 1.0842 -1.04 -0.48 -0.66 -0.96 0.38 0.38 0.85 0.44 -0.48 -0.5 -1.13 -1.09
0.51 0.57 0.5 1.89 1.98 2.14 2.01 -1.92 1.96 0.01 2.01 -0.0299999999999998 -2.11 2.07 -1.97 1.18980954228108 1.44298328066728 2.5155122654051 0.9778 1.1096 1.1728 0.9602 -0.8884 0.9792 -0.0798 0.9902 0.0994 -1.0922 1.1214 -0.9194 1.0046 1.1772 1.1996 1.0914 -1.0388 1.0444 -0.00859999999999997 1.1014 0.0158 -1.2154 1.1298 -1.1958 0.85 1 0.98 1.05 -1.04 0.84 -0.14 0.95 -0.01 -1.11 0.94 -1.06
0.51 -0.43 0.5 -2.11 -1.02 -0.86 -1.99 2.08 0.96 -0.99 0.01 1.97 0.89 2.07 1.03 -0.116695377737767 0.531349398075343 0.634513834392521 -1.0622 -0.4204 -0.3572 -1.0798 1.1516 0.4692 -0.5898 -0.0298 1.1194 0.4378 1.1214 0.6106 0.8346 0.4872 0.3496 0.8014 -0.8388 -0.4856 0.4114 -0.0486 -0.8142 -0.3954 -0.9402 -0.5158 -1.15 -0.5 -0.52 -0.95 0.96 0.34 -0.64 -0.05 0.99 0.39 0.94 0.44
-0.49 0.57 0.5 -2.11 -1.02 1.14 -1.99 -1.92 0.96 2.01 0.01 -1.03 1.89 1.07 0.03 1.20683700611784 1.96247983094784 2.89792289398532 1.0478 0.5996 -0.4772 0.9102 1.0316 -0.4908 -1.0698 -0.0398 0.6194 -0.9422 -0.4586 0.0706 -1.2754 -0.5328 0.6296 -1.1886 -1.0388 0.4744 1.1314 -0.0386 -0.5542 1.0646 0.5598 -0.0558 -1.15 -0.5 0.48 -0.95 -1.04 0.34 0.86 -0.05 -0.51 0.89 0.44 -0.06
-0.49 0.57 0.5 -1.11 0.98 2.14 -0.99 -0.92 -0.04 1.01 2.01 0.97 0.89 0.0700000000000001 1.03 0.915144600179106 0.804164647602558 1.76314776165114 0.5578 -0.3804 -0.9672 0.4202 0.5416 -0.000800000000000026 -0.5798 -1.0198 -0.3606 -0.4522 0.0314 -0.4194 -0.7054 0.6072 1.1996 -0.6186 -0.4688 -0.0956 0.5614 1.1014 0.5858 0.4946 -0.0102 0.5142 -0.65 0.5 0.98 -0.45 -0.54 -0.16 0.36 0.95 0.49 0.39 -0.06 0.44
0.51 -0.43 -0.5 -1.11 1.98 -1.86 -0.99 -1.92 -2.04 -1.99 -1.99 -2.03 -0.11 -1.93 -1.97 -0.449970519158739 2.10326379203036 0.823718264666791 -0.5522 1.1096 -0.8672 -0.5698 -0.8884 -1.0608 -1.0998 -1.0498 -0.9206 -0.0722 -0.9186 -0.9194 0.4046 -0.8028 0.7796 0.3714 0.8812 0.8044 0.8414 0.8114 0.9058 0.0346 0.7798 0.7742 0.46 -0.98 0.84 0.54 0.88 0.88 0.85 0.94 1.02 6.93889390390723e-18 0.87 0.91
-0.49 -0.43 -0.5 -2.11 1.98 0.14 1.01 -1.92 -0.04 -0.99 1.01 -1.03 -0.11 -0.93 1.03 1.85906578261749 0.669624192073049 1.32314393328663 1.0478 -0.8704 0.0128 -0.5598 1.0316 -0.000800000000000026 0.4002 -0.5298 0.6194 0.0378 0.5214 -0.4194 0.8346 -0.8028 -0.0804 -0.4886 0.8812 -0.0556 0.4114 -0.4786 0.4758 0.0346 0.3498 -0.5158 0.96 -0.98 -0.16 -0.46 0.88 -0.12 0.35 -0.56 0.52 6.93889390390723e-18 0.37 -0.59
0.51 -0.43 0.5 1.89 -1.02 -1.86 2.01 2.08 -0.04 2.01 2.01 1.97 1.89 2.07 2.03 1.0072452862304 1.56988487398346 1.82482817600389 0.9778 -0.4204 -0.8672 0.9602 1.1516 -0.0408 0.9402 0.9902 1.1194 0.9478 1.1214 1.1206 -0.8854 0.4872 0.7796 -0.9186 -0.8388 -0.0556 -0.8786 -0.9086 -0.8142 -0.8254 -0.9402 -0.9458 0.85 -0.5 -1.02 1.05 0.96 -0.16 0.86 0.95 0.99 0.89 0.94 0.94
-0.49 0.57 -0.5 -2.11 1.98 2.14 0.01 -1.92 -1.04 -1.99 1.01 -2.03 -2.11 -1.93 -1.97 0.34962018673948 0.648375721450855 1.43664203129973 1.0478 -0.8704 -0.9672 -0.0698 1.0316 0.4892 0.8902 -0.5298 1.1094 1.0178 1.0114 1.0506 -1.2754 1.1772 1.1996 -0.0486 -1.0388 -0.6656 -1.1486 0.5314 -1.1242 -1.2154 -1.1502 -1.1958 0.96 -0.98 -1.16 0.04 0.88 0.38 0.85 -0.56 1.02 1 0.87 0.91
-0.49 0.57 -0.5 1.89 -2.02 2.14 -1.99 -0.92 -2.04 2.01 2.01 -0.0299999999999998 -0.11 0.0700000000000001 1.03 0.102256609910691 0.465562204234221 1.17546192319267 -0.9122 1.0896 -0.9672 0.9102 0.5416 0.9792 -1.0698 -1.0198 0.1294 0.0378 0.0314 -0.4194 1.0046 -1.1028 1.1996 -1.1886 -0.4688 -1.2356 1.1314 1.1014 0.0158 -0.0754 -0.0102 0.5142 -1.04 1.02 -1.16 1.04 0.38 0.88 -1.15 -1.06 0.02 6.93889390390723e-18 -0.13 -0.59
0.51 -0.43 -0.5 -2.11 -2.02 0.14 -0.99 -1.92 -2.04 2.01 -1.99 0.97 -1.11 0.0700000000000001 -1.97 0.519766538041379 0.215506648276046 -0.0105498752180754 -1.0622 -0.9304 0.1528 -0.5698 -0.8884 -1.0608 0.9402 -1.0498 0.6094 -0.5822 0.1014 -0.9194 0.8346 0.9172 -0.0804 0.3714 0.8812 0.8044 -0.8786 0.8114 -0.3842 0.4646 -0.0802 0.7742 0.96 1.02 -0.16 0.54 0.88 0.88 -1.15 0.94 -0.48 0.5 -0.13 0.91
0.51 0.57 -0.5 0.89 0.98 1.14 2.01 -1.92 -0.04 2.01 -0.99 -1.03 1.89 -1.93 0.03 0.302800836001071 1.03658358721446 0.476008809033909 0.4678 0.5996 0.6628 0.9602 -0.8884 -0.0408 0.9402 -0.5398 -0.4106 0.9478 -0.9186 0.1006 0.4346 0.6072 0.6296 1.0914 -1.0388 -0.0956 1.1314 -0.6086 -0.5542 1.0646 -1.1502 -0.0558 -0.54 -0.48 -0.66 -0.96 0.88 -0.12 -1.15 0.44 0.52 -1 0.87 -0.09
0.51 -0.43 -0.5 -2.11 -2.02 1.14 -1.99 -1.92 -0.04 -1.99 -1.99 -2.03 -2.11 -0.93 -1.97 -0.30605039885768 -0.912450514883262 -0.545284573667681 -1.0622 -0.9304 0.6628 -1.0798 -0.8884 -0.0408 -1.0998 -1.0498 -0.9206 -1.0922 -0.4086 -0.9194 0.8346 0.9172 -0.5104 0.8014 0.8812 -0.0556 0.8414 0.8114 0.9058 0.8946 0.3498 0.7742 0.96 1.02 -0.66 1.04 0.88 -0.12 0.85 0.94 1.02 1 0.37 0.91
-0.49 -0.43 -0.5 1.89 -0.02 -1.86 -0.99 -1.92 -0.04 0.01 -1.99 1.97 -1.11 0.0700000000000001 0.03 -1.4300066351237 -1.18041868336762 -2.24245612593783 -0.9122 0.1096 0.9928 0.4202 1.0316 -0.000800000000000026 -0.0898 0.9402 -0.8506 0.5278 0.0314 0.0706 -0.8854 0.0572 0.7796 0.3714 0.8812 -0.0556 -0.0186 0.8114 -0.8142 0.4646 -0.0802 -0.0858 -1.04 0.02 0.84 0.54 0.88 -0.12 -0.15 0.94 -0.98 0.5 -0.13 -0.09
-0.49 -0.43 0.5 -0.11 -0.02 2.14 1.01 2.08 0.96 0.01 -0.99 -2.03 0.89 -1.93 0.03 0.878891842601139 0.53397091099193 1.32262503223018 0.0678 0.1096 -0.9672 -0.5598 -0.9284 -0.4908 -0.0898 0.4502 1.1094 -0.4522 1.0114 0.0706 -0.0254 0.0572 -0.9404 -0.4886 -0.8388 -0.4856 -0.0186 0.3814 0.9058 -0.3954 0.7798 -0.0858 -0.15 0 0.98 0.55 0.96 0.34 -0.14 -0.55 -1.01 0.39 -1.06 -0.06
0.51 0.57 0.5 -0.11 -2.02 -0.86 0.01 -1.92 -1.04 -0.99 -1.99 -2.03 -0.11 -0.93 -0.97 -0.215345902790311 0.053029758333889 0.64122992516506 -0.0422 -0.9304 -0.3572 -0.0598 -0.8884 -0.5508 -0.5898 -1.0498 -0.9206 -0.0722 -0.4086 -0.4094 -0.1354 -1.1028 -0.5104 -0.0486 -1.0388 -0.6656 -0.5786 -1.1786 -1.1242 -0.0754 -0.5802 -0.6258 -0.15 -1 -0.52 0.05 -1.04 -0.66 -0.64 -1.05 -1.01 -0.11 -0.56 -0.56
0.51 -0.43 0.5 -2.11 -1.02 2.14 1.01 -0.92 1.96 2.01 0.01 1.97 -1.11 -0.93 0.03 0.062709896131351 0.832699336001335 0.570676699640136 -1.0622 -0.4204 1.1728 0.4502 -0.3784 0.9792 0.9402 -0.0298 1.1194 -0.5822 -0.4086 0.1006 0.8346 0.4872 -0.9404 -0.4886 0.4512 -0.9156 -0.8786 -0.0486 -0.8142 0.4646 0.3498 -0.0858 -1.15 -0.5 0.98 0.55 -0.54 0.84 0.86 -0.05 0.99 -0.61 -0.56 -0.06
-0.49 -0.43 0.5 0.89 -0.02 0.14 0.01 2.08 0.96 -1.99 -1.99 1.97 -0.11 1.07 1.03 0.276657038839992 0.935335781897592 1.05678754658272 -0.4222 0.1096 0.0128 -0.0698 -0.9284 -0.4908 0.8902 0.9402 -0.8506 0.0378 -0.4586 -0.4194 -0.4554 0.0572 -0.0804 -0.0586 -0.8388 -0.4856 0.8414 0.8114 -0.8142 0.0346 -0.5102 -0.5158 0.35 0 -0.0199999999999999 0.05 0.96 0.34 -1.14 -1.05 0.99 -0.11 0.44 0.44
0.51 0.57 0.5 1.89 -2.02 -1.86 -0.99 0.0800000000000001 1.96 2.01 2.01 -1.03 -1.11 2.07 0.03 1.21123573983586 1.92480410104483 2.23599499961006 0.9778 -0.9304 -0.8672 -0.5698 0.1316 0.9792 0.9402 0.9902 -0.4106 -0.5822 1.1214 0.1006 1.0046 -1.1028 -1.0804 -0.6186 0.1012 1.0444 1.1314 1.1014 -0.5542 -0.6454 1.1298 -0.0558 0.85 -1 -1.02 -0.45 -0.04 0.84 0.86 0.95 -0.51 -0.61 0.94 -0.06
0.51 -0.43 0.5 1.89 -2.02 2.14 -0.99 2.08 -2.04 2.01 -0.99 -0.0299999999999998 -1.11 -0.93 1.03 1.73477831711176 1.70260651887537 1.4739816627616 0.9778 -0.9304 1.1728 -0.5698 1.1516 -1.0608 0.9402 -0.5398 0.0994 -0.5822 -0.4086 0.6106 -0.8854 0.9172 -0.9404 0.3714 -0.8388 0.8044 -0.8786 0.3814 0.0458 0.4646 0.3498 -0.5158 0.85 -1 0.98 -0.45 0.96 -1.16 0.86 -0.55 -0.01 -0.61 -0.56 0.44
-0.49 -0.43 -0.5 1.89 -2.02 -1.86 -1.99 -1.92 -2.04 -0.99 1.01 -1.03 -1.11 0.0700000000000001 2.03 0.388163231579925 1.01622275355792 0.850763332599087 -0.9122 1.0896 0.9928 0.9102 1.0316 0.9792 0.4002 -0.5298 0.6194 0.5278 0.0314 -0.9094 -0.8854 0.9172 0.7796 0.8014 0.8812 0.8044 0.4114 -0.4786 0.4758 0.4646 -0.0802 -0.9458 -1.04 1.02 0.84 1.04 0.88 0.88 0.35 -0.56 0.52 0.5 -0.13 -1.09
