 0.32181558E-15 -0.20218668E-16 -0.83693049E-16  0.35665887E-15 -0.18060678E-16  0.17865536E-15  0.19867688E-15  0.29786827E-15  0.55276873E-15  0.30415304E-15
 0.16601548E-15  0.33608330E-15  0.23328068E-15  0.28455442E-15  0.14683196E-15  0.55697447E+00  0.82051128E+00  0.11705228E+01 -0.12896311E-15 -0.23330035E-15
-0.37941038E-15 -0.48311678E-15 -0.52652325E-15 -0.46646650E-15 -0.35702158E-15 -0.50015644E-15 -0.54322568E-15 -0.52714185E-15 -0.51021728E-15 -0.64713905E-15
-0.19090253E-15 -0.25888072E-15 -0.45129900E-15 -0.48252719E-15 -0.44769990E-15 -0.54691340E-15 -0.43263836E-15 -0.50862788E-15 -0.55413382E-15 -0.55788809E-15
-0.57419093E-15 -0.70048592E-15 -0.17622606E-15 -0.14168380E-15 -0.12879017E-15 -0.30052504E-15 -0.10020666E-15 -0.23524320E-15 -0.14511323E-15 -0.20671925E-15
-0.16971682E-15 -0.14708081E-15 -0.28850096E-15 -0.60513924E-15  0.11243718E+01  0.12032087E+01  0.94555423E-01  0.38533613E+00  0.43528956E+00  0.62293154E+00
 0.61936444E+00  0.82947183E+00  0.55810970E+00  0.72145849E+00  0.63161260E+00  0.63690495E+00  0.59557152E+00  0.37816456E+00  0.50357622E+00  0.34782255E+00
 0.93042439E+00  0.12870072E+01  0.14453025E+01  0.19359691E+01  0.18639425E+01  0.13694680E+01  0.14831606E+01  0.17864655E+01  0.17010282E+01  0.18067356E+01
 0.21614511E+01  0.24739517E+00  0.91715324E+00  0.13836726E+01  0.14580975E+01  0.17918540E+01  0.19506340E+01  0.14641736E+01  0.16078510E+01  0.18683170E+01
 0.18279091E+01  0.18890243E+01  0.22821395E+01  0.24892296E+00  0.60895693E+00  0.26739001E+00  0.64914769E+00  0.46114203E+00  0.71912485E+00  0.60713869E+00
 0.62101358E+00  0.57611787E+00  0.43498269E+00  0.77700549E+00  0.16481236E+00  0.15337808E+00  0.18292826E+00  0.27792158E+01  0.22621934E+01  0.23740153E+01
 0.18334702E+01  0.20291650E+01  0.16903621E+01  0.18754393E+01  0.17181108E+01  0.16157585E+01  0.17137368E+01  0.17562020E+01  0.91911179E+00  0.43144676E+00
 0.53275692E+00  0.10671464E-01  0.68393672E+00  0.58567750E+00  0.58540523E+00  0.49033263E+00  0.47510061E+00  0.47171795E+00  0.46799362E+00  0.47579789E+00
 0.40855065E+00  0.43749064E+00  0.42341220E+00  0.36546186E+00  0.67378330E+00  0.58096987E+00  0.56643337E+00  0.49341205E+00  0.50584710E+00  0.47763065E+00
 0.48593411E+00  0.48725066E+00  0.38881880E+00  0.43002787E+00  0.41201222E+00  0.31858414E+00  0.69047242E+00  0.58958817E+00  0.62894005E+00  0.55901599E+00
 0.60939109E+00  0.57612997E+00  0.51235110E+00  0.55872834E+00  0.49357289E+00  0.52756160E+00  0.52371943E+00  0.47613424E+00  0.12087848E+01  0.14651886E+00
-0.10989499E+01  0.66672266E-01  0.38254302E-01  0.11947865E+01  0.11309521E+01  0.52285441E-02 -0.40764678E-02  0.35367377E-01  0.12977053E+01  0.27398926E+00
 0.14058876E+00 -0.27227491E+00
 0.49909920E-01  0.49989998E-01  0.49959984E-01  0.16702993E+00  0.15619218E+00  0.16125757E+00  0.15156187E+00  0.15771811E+00  0.15850551E+00  0.14991997E+00
 0.15297058E+00  0.14465131E+00  0.14827003E+00  0.14764823E+00  0.14539257E+00  0.78551210E-01  0.92835337E-01  0.11438425E+00  0.82958765E-01  0.78504428E-01
 0.80248825E-01  0.75114019E-01  0.77952355E-01  0.77109963E-01  0.73097423E-01  0.74404165E-01  0.72209738E-01  0.73472865E-01  0.73407218E-01  0.72848752E-01
 0.82216054E-01  0.78148566E-01  0.79633296E-01  0.75405888E-01  0.78702159E-01  0.78243397E-01  0.74950323E-01  0.76071151E-01  0.71573250E-01  0.74040487E-01
 0.73363341E-01  0.70907235E-01  0.83226427E-01  0.77633969E-01  0.79465002E-01  0.75757466E-01  0.78543745E-01  0.77098630E-01  0.72483666E-01  0.75655006E-01
 0.71085289E-01  0.73092639E-01  0.73828995E-01  0.71519382E-01  0.88610548E+00  0.52513593E+00  0.16923346E+00  0.16999558E+00  0.19649436E+00  0.14102966E+00
 0.18379849E+00  0.19975895E+00  0.16889538E+00  0.15033786E+00  0.17909929E+00  0.13781203E+00  0.17227298E+00  0.84371552E-01  0.12225588E+00  0.62584811E+00
 0.88772279E+00  0.13223090E+01  0.11402321E+01  0.16004385E+01  0.16081527E+01  0.11703374E+01  0.12660400E+01  0.15522838E+01  0.15792933E+01  0.15535353E+01
 0.17282073E+01  0.62615901E+00  0.87225467E+00  0.13120245E+01  0.11774657E+01  0.16155673E+01  0.16809689E+01  0.12514263E+01  0.12919854E+01  0.15315543E+01
 0.16141920E+01  0.15664943E+01  0.17861183E+01  0.59271014E+00  0.50874805E+00  0.54131317E+00  0.44464800E+00  0.48253193E+00  0.46820885E+00  0.42874575E+00
 0.44237539E+00  0.41803271E+00  0.46360019E+00  0.42413107E+00  0.76556467E-01  0.60722545E-01  0.51322512E-01  0.16692616E+00  0.19995721E+00  0.21252820E+00
 0.22800085E+00  0.26780060E+00  0.30283099E+00  0.18762128E+00  0.22471930E+00  0.21277685E+00  0.23465659E+00  0.20855577E+00  0.23098890E+00  0.87638482E-01
 0.96429944E-01  0.24650456E+00  0.42522788E-01  0.50942548E-01  0.58930490E-01  0.57294242E-01  0.59203833E-01  0.61066557E-01  0.48449896E-01  0.60189229E-01
 0.56716047E-01  0.67744456E-01  0.62910497E-01  0.57526015E-01  0.45845944E-01  0.49514093E-01  0.59468914E-01  0.58762621E-01  0.66164009E-01  0.75098336E-01
 0.48862144E-01  0.56852836E-01  0.62763169E-01  0.65530434E-01  0.56770138E-01  0.48922788E-01  0.44735961E-01  0.46535000E-01  0.46947666E-01  0.49240164E-01
 0.49126677E-01  0.64060375E-01  0.47512159E-01  0.49112786E-01  0.54962646E-01  0.51550247E-01  0.54022774E-01  0.64507417E-01  0.12093998E+01  0.15345310E+00
 0.83332777E+00  0.51390789E-01  0.98057844E-01  0.27788025E+00  0.38763669E+00  0.11105233E-01  0.43614950E-01  0.54066129E-01  0.32413548E+00  0.23678342E+00
 0.15332869E+00  0.19620353E+00
 0.16800000E+03 -0.66749366E+04  0.89540177E+00 -0.54468076E+04  0.10239759E+01  0.13685873E+05  0.14123542E+05  0.13592955E+05  0.23623971E+04  0.13710000E+04
 0.00000000E+00  0.10397312E+01  0.31059545E+00  0.28042457E+00  0.85036446E-01  0.79228912E-01  0.90788874E-01  0.00000000E+00  0.10571060E+00  0.28893038E-05
