0.44 -0.53 0.52 1.99 1.27 -1.97 -1.98 2.08 -0.99 -0.86 1.21 0.9 -2.02 -1.98 -1.15 0.874717543629462 1.57517898852891 2.19828607714098 0.8512 0.5676 -0.8336 -1.0224 0.8904 -0.3512 -0.4768 0.4848 0.342 -0.9776 -0.9324 -0.472 -1.1094 -0.6562 0.9882 0.8888 -1.1048 0.4294 0.3016 -0.7426 -0.534 0.9512 0.9988 0.379 1.0796 0.6908 -1.1488 -1.2492 1.2032 -0.5796 -0.4744 0.5984 0.356 -1.2108 -1.1092 -0.726
0.44 0.47 0.52 -0.00999999999999979 2.27 -1.97 -0.98 0.0800000000000001 1.01 -1.86 -1.79 -1.1 0.98 -1.98 0.85 0.883513797375977 0.947739032806471 1.30444716016655 -0.0288 1.0076 -0.8336 -0.5824 0.0104 0.5288 -0.9168 -0.8352 -0.538 0.3424 -0.9324 0.408 -0.0594 1.0838 -0.9818 -0.6212 0.0352 0.3794 -1.0284 -0.9426 -0.574 0.3412 -0.9812 0.169 0.0396 1.2108 -1.1488 -0.7292 0.1632 0.4604 -0.9944 -0.9616 -0.684 0.3492 -1.1092 0.314
0.44 -0.53 -0.48 -1.01 0.27 -1.97 0.02 -0.92 0.01 0.14 -0.79 -1.1 -2.02 -0.98 -1.15 1.06378299910274 2.09810082211096 -0.426408059229166 -0.4688 0.1276 -0.8336 -0.1424 -0.4296 0.0888 -0.0368 -0.3952 -0.538 -0.9776 -0.4924 -0.472 0.4806 -0.1262 0.9882 -0.1712 0.4852 -0.1006 -0.2284 0.3174 0.526 0.9512 0.4688 0.379 0.5296 -0.0992 0.8212 -0.2292 0.5632 -0.0696 -0.0944 0.3484 0.416 0.8092 0.3908 0.424
-0.56 -0.53 -0.48 -1.01 2.27 1.03 -1.98 2.08 1.01 0.14 -0.79 0.9 -2.02 -1.98 0.85 -1.06630790535823 -0.342903421701583 0.433494238992484 0.5412 -1.2624 -0.5436 0.9576 -1.1896 -0.4812 -0.1768 0.3948 -0.558 1.0424 1.0476 -0.442 0.4806 -1.1862 -0.6018 0.8888 -1.1048 -0.6306 -0.2284 0.3174 -0.534 0.9512 0.9988 -0.681 0.5296 -1.0592 -0.6188 0.7308 -0.8768 -0.5496 -0.0944 0.3484 -0.544 0.8092 0.8708 -0.536
0.44 -0.53 -0.48 1.99 0.27 -1.97 2.02 2.08 0.01 2.14 1.21 -1.1 -2.02 1.02 -0.15 1.69890227579301 2.15907577794947 1.55445656415573 0.8512 0.1276 -0.8336 0.7376 0.8904 0.0888 0.8432 0.4848 -0.538 -0.9776 0.3876 -0.032 -1.1094 -0.1262 0.9882 -1.2312 -1.1048 -0.1006 -1.2884 -0.7426 0.526 0.9512 -0.5912 -0.151 -0.9104 -0.0992 0.8212 -1.1892 -0.8768 -0.0696 -1.0544 -0.6116 0.416 0.8092 -0.5692 -0.056
-0.56 0.47 0.52 -0.00999999999999979 2.27 2.03 -1.98 -1.92 2.01 -1.86 -0.79 -0.1 0.98 -0.98 -2.15 0.689339095821561 0.766839818438635 1.17625743166296 -0.0188 -1.2624 -1.1036 0.9576 1.0504 -1.0412 0.9432 0.3948 0.00200000000000001 -0.6376 0.4876 1.238 -0.0594 1.0838 0.8982 -1.0912 -0.9048 0.8494 -1.0284 -0.4726 -0.104 0.3412 -0.5112 -1.241 0.0396 1.2108 0.9312 -1.2492 -0.8768 0.9804 -0.9944 -0.4416 -0.164 0.3492 -0.5892 -1.246
-0.56 -0.53 -0.48 -2.01 0.27 2.03 -1.98 -1.92 -1.99 0.14 -1.79 -2.1 -2.02 -1.98 -1.15 0.525515927616216 -0.273912649681696 -0.450728725045873 1.1012 -0.1424 -1.1036 0.9576 1.0504 1.1988 -0.1768 0.9548 1.122 1.0424 1.0476 0.678 1.0106 -0.1262 -1.1318 0.8888 1.0152 0.9594 -0.2284 0.8474 1.056 0.9512 0.9988 0.379 1.0096 -0.0992 -1.0988 0.7308 1.0432 0.8904 -0.0944 0.8284 0.896 0.8092 0.8708 0.424
-0.56 -0.53 -0.48 1.99 -1.73 2.03 -0.98 2.08 -1.99 -1.86 -1.79 -2.1 -1.02 0.02 -2.15 -1.3441839841385 -0.00747650751449158 0.416851898072083 -1.1388 0.9776 -1.1036 0.3976 -1.1896 1.1988 0.9432 0.9548 1.122 0.4824 -0.0724 1.238 -1.1094 0.9338 -1.1318 0.3588 -1.1048 0.9594 0.8316 0.8474 1.056 0.4212 -0.0612 0.909 -0.9104 0.8608 -1.0988 0.2508 -0.8768 0.8904 0.8656 0.8284 0.896 0.3292 -0.0892 0.904
0.44 0.47 0.52 -0.00999999999999979 0.27 -1.97 -0.98 -0.92 2.01 2.14 -1.79 -1.1 0.98 2.02 -0.15 0.22628619424112 1.46992432698412 2.08821214854628 -0.0288 0.1276 -0.8336 -0.5824 -0.4296 0.9688 0.8432 -0.8352 -0.538 0.3424 0.8276 -0.032 -0.0594 0.1438 -0.9818 -0.6212 -0.4348 0.8494 0.8516 -0.9426 -0.574 0.3412 0.8988 -0.301 0.0396 0.1708 -1.1488 -0.7292 -0.3568 0.9804 1.0856 -0.9616 -0.684 0.3492 0.9708 -0.206
0.44 0.47 -0.48 -2.01 2.27 1.03 -0.98 2.08 2.01 2.14 -1.79 0.9 -1.02 0.02 1.85 1.12399777351434 0.726941873849555 2.19891821985768 -0.9088 1.0076 0.4864 -0.5824 0.8904 0.9688 0.8432 -0.8352 0.342 -0.5376 -0.0524 0.848 -0.9994 1.0838 0.4282 -0.6212 0.9752 0.8494 0.8516 -0.9426 0.366 -0.5988 -0.0412 0.639 1.0096 -1.0592 -0.6188 0.2508 -0.8768 -1.0296 -1.0544 0.8284 -0.544 0.3292 -0.0892 -1.016
0.44 0.47 0.52 1.99 -0.73 -1.97 -0.98 0.0800000000000001 -1.99 -0.86 -1.79 0.9 -0.02 -0.98 -1.15 0.500522752173097 0.582082258610186 2.14317880690361 0.8512 -0.3124 -0.8336 -0.5824 0.0104 -0.7912 -0.4768 -0.8352 0.342 -0.0976 -0.4924 -0.472 0.8806 -0.3262 -0.9818 -0.6212 0.0352 -1.0306 -0.5584 -0.9426 0.366 -0.1288 -0.5112 -0.771 1.0796 -0.3492 -1.1488 -0.7292 0.1632 -1.0996 -0.4744 -0.9616 0.356 -0.1708 -0.5892 -0.726
-0.56 -0.53 -0.48 1.99 -1.73 2.03 2.02 2.08 1.01 0.14 -0.79 0.9 1.98 0.02 -2.15 0.635069740724981 1.12490208866766 -1.18200922207972 -1.1388 0.9776 -1.1036 -1.2824 -1.1896 -0.4812 -0.1768 0.3948 -0.558 -1.1976 -0.0724 1.238 -1.1094 0.9338 -1.1318 -1.2312 -1.1048 -0.6306 -0.2284 0.3174 -0.534 -1.1688 -0.0612 0.909 -0.9104 0.8608 -1.0988 -1.1892 -0.8768 -0.5496 -0.0944 0.3484 -0.544 -1.1108 -0.0892 0.904
-0.56 -0.53 -0.48 -0.00999999999999979 -1.73 -1.97 1.02 1.08 2.01 2.14 0.21 1.9 -0.02 2.02 0.85 0.0239431351487578 0.651165967096734 1.04068540072384 -0.0188 0.9776 1.1364 -0.7224 -0.6296 -1.0412 -1.2968 -0.1652 -1.118 -0.0776 -1.1924 -0.442 -0.0494 0.9338 0.9882 -0.7012 -0.5748 -1.1606 -1.2884 -0.2126 -1.064 -0.1088 -1.1212 -0.681 0.0496 0.8608 0.8212 -0.7092 -0.3968 -1.0296 -1.0544 -0.1316 -1.024 -0.1508 -1.0492 -0.536
0.44 -0.53 0.52 1.99 1.27 2.03 -0.98 -1.92 -0.99 -1.86 -1.79 -0.1 0.98 2.02 -2.15 0.451695962677096 2.16963282480884 2.30335257575822 0.8512 0.5676 0.9264 -0.5824 -0.8696 -0.3512 -0.9168 -0.8352 -0.098 0.3424 0.8276 -0.912 -1.1094 -0.6562 -1.1318 0.3588 1.0152 0.4294 0.8316 0.8474 -0.00400000000000002 -0.6388 -1.1212 0.909 1.0796 0.6908 0.9312 -0.7292 -0.8768 -0.5796 -0.9944 -0.9616 -0.164 0.3492 0.9708 -1.246
0.44 -0.53 0.52 -2.01 -1.73 -0.97 -1.98 1.08 1.01 -1.86 -0.79 -2.1 1.98 1.02 -2.15 -0.0632994759969421 1.04946526481405 2.91242607117998 -0.9088 -0.7524 -0.3936 -1.0224 0.4504 0.5288 -0.9168 -0.3952 -0.978 0.7824 0.3876 -0.912 1.0106 0.9338 0.4582 0.8888 -0.5748 -0.6306 0.8316 0.3174 1.056 -1.1688 -0.5912 0.909 -1.0004 -0.8692 -0.6288 -1.2492 0.6832 0.4604 -0.9944 -0.4416 -1.204 0.8692 0.4508 -1.246
0.44 -0.53 0.52 -1.01 2.27 2.03 0.02 -0.92 1.01 2.14 -1.79 1.9 0.98 0.02 1.85 -0.408779668595829 3.6771036236761 2.9262407357322 -0.4688 1.0076 0.9264 -0.1424 -0.4296 0.5288 0.8432 -0.8352 0.782 0.3424 -0.0524 0.848 0.4806 -1.1862 -1.1318 -0.1712 0.4852 -0.6306 -1.2884 0.8474 -1.064 -0.6388 -0.0612 -1.211 -0.4804 1.2108 0.9312 -0.2092 -0.3568 0.4604 1.0856 -0.9616 0.876 0.3492 -0.0692 0.834
-0.56 0.47 0.52 0.99 2.27 -0.97 -0.98 2.08 2.01 -0.86 0.21 1.9 -0.02 -0.98 1.85 -0.358958697257797 1.35129172397488 1.03787082868948 -0.5788 -1.2624 0.5764 0.3976 -1.1896 -1.0412 0.3832 -0.1652 -1.118 -0.0776 0.4876 -1.002 0.4106 1.0838 -0.5118 -0.6212 0.9752 0.8494 -0.5584 -0.00260000000000002 0.836 -0.1288 -0.5112 0.639 0.5596 1.2108 -0.6288 -0.7292 1.2032 0.9804 -0.4744 0.0784 0.876 -0.1708 -0.5892 0.834
-0.56 0.47 0.52 -0.00999999999999979 -0.73 2.03 2.02 1.08 2.01 -0.86 -1.79 -0.1 -1.02 1.02 1.85 2.25175355848017 1.04812921125324 2.73556392623226 -0.0188 0.4176 -1.1036 -1.2824 -0.6296 -1.0412 0.3832 0.9548 0.00200000000000001 0.4824 -0.6324 -1.002 -0.0594 -0.3262 0.8982 0.7888 0.5052 0.8494 -0.5584 -0.9426 -0.104 -0.5988 0.4288 0.639 0.0396 -0.3492 0.9312 0.8308 0.6832 0.9804 -0.4744 -0.9616 -0.164 -0.6908 0.4508 0.834
0.44 0.47 0.52 -2.01 -1.73 2.03 2.02 1.08 -1.99 0.14 2.21 -0.1 -1.02 0.02 1.85 0.232109101014591 0.384604462791313 1.8910327908091 -0.9088 -0.7524 0.9264 0.7376 0.4504 -0.7912 -0.0368 0.9248 -0.098 -0.5376 -0.0524 0.848 -0.9994 -0.7962 0.8982 0.7888 0.5052 -1.0306 -0.0884 0.9374 -0.104 -0.5988 -0.0412 0.639 -1.0004 -0.8692 0.9312 0.8308 0.6832 -1.0996 0.0456 1.1184 -0.164 -0.6908 -0.0692 0.834
0.44 0.47 0.52 -1.01 -1.73 1.03 2.02 -1.92 -1.99 0.14 -0.79 -1.1 -2.02 -0.98 -2.15 2.54880684379751 2.45016094785755 4.11955611249201 -0.4688 -0.7524 0.4864 0.7376 -0.8696 -0.7912 -0.0368 -0.3952 -0.538 -0.9776 -0.4924 -0.912 -0.5294 -0.7962 0.4282 0.7888 -0.9048 -1.0306 -0.0884 -0.4726 -0.574 -1.0688 -0.5112 -1.241 -0.4804 -0.8692 0.4112 0.8308 -0.8768 -1.0996 0.0456 -0.4416 -0.684 -1.2108 -0.5892 -1.246
-0.56 0.47 -0.48 0.99 -1.73 -1.97 2.02 -1.92 1.01 2.14 2.21 1.9 0.98 2.02 0.85 1.88359824118558 2.00156016906339 1.0510645883479 -0.5788 0.9776 1.1364 -1.2824 1.0504 -0.4812 -1.2968 -1.2852 -1.118 -0.6376 -1.1924 -0.442 0.4106 -0.7962 -0.9818 0.7888 -0.9048 0.3794 0.8516 0.9374 0.836 0.3412 0.8988 0.169 -0.4304 0.8608 0.8212 -1.1892 1.0432 -0.5496 -1.0544 -1.0916 -1.024 -0.6308 -1.0492 -0.536
0.44 0.47 0.52 1.99 2.27 -1.97 2.02 -0.92 0.01 1.14 -1.79 1.9 -0.02 2.02 0.85 0.0972745556505663 -0.468667418369821 -2.28956901972907 0.8512 1.0076 -0.8336 0.7376 -0.4296 0.0888 0.4032 -0.8352 0.782 -0.0976 0.8276 0.408 0.8806 1.0838 -0.9818 0.7888 -0.4348 -0.0906 0.3816 -0.9426 0.836 -0.1288 0.8988 0.169 1.0796 1.2108 -1.1488 0.8308 -0.3568 -0.0596 0.5656 -0.9616 0.876 -0.1708 0.9708 0.314
-0.56 -0.53 -0.48 -2.01 1.27 0.03 0.02 1.08 1.01 -1.86 0.21 1.9 1.98 0.02 -2.15 0.489871290102611 1.36499804009132 0.717524386523137 1.1012 -0.7024 0.0164 -0.1624 -0.6296 -0.4812 0.9432 -0.1652 -1.118 -1.1976 -0.0724 1.238 1.0106 -0.6562 -0.0718 -0.1712 -0.5748 -0.6306 0.8316 -0.2126 -1.064 -1.1688 -0.0612 0.909 1.0096 -0.5792 -0.1388 -0.2292 -0.3968 -0.5496 0.8656 -0.1316 -1.024 -1.1108 -0.0892 0.904
0.44 0.47 0.52 -2.01 1.27 0.03 2.02 -1.92 1.01 2.14 2.21 1.9 1.98 2.02 1.85 -0.109098388254819 2.86663508788117 1.36677369494238 -0.9088 0.5676 0.0464 0.7376 -0.8696 0.5288 0.8432 0.9248 0.782 0.7824 0.8276 0.848 -0.9994 0.6138 -0.0418 0.7888 -0.9048 0.3794 0.8516 0.9374 0.836 0.8112 0.8988 0.639 -1.0004 0.6908 -0.1088 0.8308 -0.8768 0.4604 1.0856 1.1184 0.876 0.8692 0.9708 0.834
0.44 0.47 -0.48 -1.01 -0.73 -1.97 0.02 -1.92 -0.99 -1.86 -0.79 0.9 -1.02 -0.98 -2.15 0.510642379776651 1.88260217324795 1.88723320837575 -0.4688 -0.3124 -0.8336 -0.1424 -0.8696 -0.3512 -0.9168 -0.3952 0.342 -0.5376 -0.4924 -0.912 -0.5294 -0.3262 -0.9818 -0.1512 -0.9048 -0.5606 -1.0284 -0.4726 0.366 -0.5988 -0.5112 -1.241 0.5296 0.3808 0.8212 -0.2292 1.0432 0.4104 0.8656 0.3484 -0.544 0.3292 0.3908 0.904
-0.56 -0.53 -0.48 1.99 2.27 -1.97 -1.98 -1.92 -0.99 0.14 -1.79 -2.1 -1.02 0.02 -1.15 -0.871969197231029 0.508591344626287 1.70029731614303 -1.1388 -1.2624 1.1364 0.9576 1.0504 0.6388 -0.1768 0.9548 1.122 0.4824 -0.0724 0.678 -1.1094 -1.1862 0.9882 0.8888 1.0152 0.4294 -0.2284 0.8474 1.056 0.4212 -0.0612 0.379 -0.9104 -1.0592 0.8212 0.7308 1.0432 0.4104 -0.0944 0.8284 0.896 0.3292 -0.0892 0.424
0.44 0.47 0.52 -2.01 -0.73 -0.97 2.02 0.0800000000000001 2.01 0.14 -1.79 -1.1 0.98 -1.98 -0.15 0.0705058892875189 1.91846392405541 1.48084040618446 -0.9088 -0.3124 -0.3936 0.7376 0.0104 0.9688 -0.0368 -0.8352 -0.538 0.3424 -0.9324 -0.032 -0.9994 -0.3262 -0.5118 0.7888 0.0352 0.8494 -0.0884 -0.9426 -0.574 0.3412 -0.9812 -0.301 -1.0004 -0.3492 -0.6288 0.8308 0.1632 0.9804 0.0456 -0.9616 -0.684 0.3492 -1.1092 -0.206
0.44 0.47 -0.48 1.99 0.27 0.03 2.02 -1.92 -1.99 -0.86 -1.79 -1.1 -0.02 -1.98 0.85 1.94093883865052 -0.909397874639163 0.0251149842648536 0.8512 0.1276 0.0464 0.7376 -0.8696 -0.7912 -0.4768 -0.8352 -0.538 -0.0976 -0.9324 0.408 0.8806 0.1438 -0.0418 0.7888 -0.9048 -1.0306 -0.5584 -0.9426 -0.574 -0.1288 -0.9812 0.169 -0.9104 -0.0992 -0.1388 -1.1892 1.0432 0.8904 0.3856 0.8284 0.416 -0.1508 0.8708 -0.536
-0.56 0.47 -0.48 1.99 -0.73 0.03 0.02 2.08 -0.99 2.14 2.21 -2.1 -0.02 -0.98 1.85 -0.888780039093309 0.745049910946368 0.0820518760061009 -1.1388 0.4176 0.0164 -0.1624 -1.1896 0.6388 -1.2968 -1.2852 1.122 -0.0776 0.4876 -1.002 0.8806 -0.3262 -0.0418 -0.1512 0.9752 -0.5606 0.8516 0.9374 -1.044 -0.1288 -0.5112 0.639 -0.9104 0.3808 -0.1388 -0.2292 -0.8768 0.4104 -1.0544 -1.0916 0.896 -0.1508 0.3908 -1.016
-0.56 -0.53 -0.48 -2.01 2.27 2.03 -1.98 -1.92 -0.99 -1.86 -1.79 -2.1 -1.02 -0.98 -2.15 1.68074156372755 1.6213532050588 2.28717279054964 1.1012 -1.2624 -1.1036 0.9576 1.0504 0.6388 0.9432 0.9548 1.122 0.4824 0.4876 1.238 1.0106 -1.1862 -1.1318 0.8888 1.0152 0.4294 0.8316 0.8474 1.056 0.4212 0.4688 0.909 1.0096 -1.0592 -1.0988 0.7308 1.0432 0.4104 0.8656 0.8284 0.896 0.3292 0.3908 0.904
0.44 -0.53 -0.48 -0.00999999999999979 -1.73 -1.97 0.02 1.08 -0.99 -1.86 -0.79 -2.1 -2.02 -0.98 -2.15 0.127983784729373 1.06992270276425 1.6803605650449 -0.0288 -0.7524 -0.8336 -0.1424 0.4504 -0.3512 -0.9168 -0.3952 -0.978 -0.9776 -0.4924 -0.912 -0.0494 0.9338 0.9882 -0.1712 -0.5748 0.4294 0.8316 0.3174 1.056 0.9512 0.4688 0.909 0.0496 0.8608 0.8212 -0.2292 -0.3968 0.4104 0.8656 0.3484 0.896 0.8092 0.3908 0.904
0.44 0.47 0.52 -2.01 -1.73 -0.97 -0.98 2.08 -0.99 -1.86 -0.79 1.9 1.98 2.02 1.85 1.83172269377803 1.39963204271744 1.42152392289176 -0.9088 -0.7524 -0.3936 -0.5824 0.8904 -0.3512 -0.9168 -0.3952 0.782 0.7824 0.8276 0.848 -0.9994 -0.7962 -0.5118 -0.6212 0.9752 -0.5606 -1.0284 -0.4726 0.836 0.8112 0.8988 0.639 -1.0004 -0.8692 -0.6288 -0.7292 1.2032 -0.5796 -0.9944 -0.4416 0.876 0.8692 0.9708 0.834
-0.56 -0.53 -0.48 -1.01 2.27 -1.97 2.02 -1.92 -1.99 0.14 -1.79 0.9 -1.02 2.02 1.85 -0.07408669339126 1.97012611342506 1.30070802656476 0.5412 -1.2624 1.1364 -1.2824 1.0504 1.1988 -0.1768 0.9548 -0.558 0.4824 -1.1924 -1.002 0.4806 -1.1862 0.9882 -1.2312 1.0152 0.9594 -0.2284 0.8474 -0.534 0.4212 -1.1212 -1.211 0.5296 -1.0592 0.8212 -1.1892 1.0432 0.8904 -0.0944 0.8284 -0.544 0.3292 -1.0492 -1.016
0.44 0.47 0.52 1.99 -0.73 -0.97 2.02 1.08 1.01 1.14 0.21 1.9 1.98 2.02 1.85 0.873943732174525 1.93326318603894 2.28571595842846 0.8512 -0.3124 -0.3936 0.7376 0.4504 0.5288 0.4032 0.0448 0.782 0.7824 0.8276 0.848 0.8806 -0.3262 -0.5118 0.7888 0.5052 0.3794 0.3816 -0.00260000000000002 0.836 0.8112 0.8988 0.639 1.0796 -0.3492 -0.6288 0.8308 0.6832 0.4604 0.5656 0.0784 0.876 0.8692 0.9708 0.834
0.44 0.47 0.52 -2.01 -0.73 2.03 2.02 -0.92 -1.99 -0.86 -0.79 -2.1 -2.02 -0.98 -1.15 0.108773010045496 1.08729592124022 1.39195714908973 -0.9088 -0.3124 0.9264 0.7376 -0.4296 -0.7912 -0.4768 -0.3952 -0.978 -0.9776 -0.4924 -0.472 -0.9994 -0.3262 0.8982 0.7888 -0.4348 -1.0306 -0.5584 -0.4726 -1.044 -1.0688 -0.5112 -0.771 -1.0004 -0.3492 0.9312 0.8308 -0.3568 -1.0996 -0.4744 -0.4416 -1.204 -1.2108 -0.5892 -0.726
0.44 -0.53 -0.48 1.99 -1.73 -1.97 1.02 2.08 -0.99 1.14 -0.79 1.9 -2.02 0.02 -2.15 1.65947482247295 1.5133661577117 2.05641887473319 0.8512 -0.7524 -0.8336 0.2976 0.8904 -0.3512 0.4032 -0.3952 0.782 -0.9776 -0.0524 -0.912 -1.1094 0.9338 0.9882 -0.7012 -1.1048 0.4294 -0.7584 0.3174 -1.064 0.9512 -0.0612 0.909 -0.9104 0.8608 0.8212 -0.7092 -0.8768 0.4104 -0.5744 0.3484 -1.024 0.8092 -0.0892 0.904
0.44 0.47 0.52 1.99 -1.73 -0.97 0.02 0.0800000000000001 -0.99 -0.86 -0.79 1.9 -0.02 1.02 -0.15 1.46388818608556 1.17246543199436 3.6071639399013 0.8512 -0.7524 -0.3936 -0.1424 0.0104 -0.3512 -0.4768 -0.3952 0.782 -0.0976 0.3876 -0.032 0.8806 -0.7962 -0.5118 -0.1512 0.0352 -0.5606 -0.5584 -0.4726 0.836 -0.1288 0.4288 -0.301 1.0796 -0.8692 -0.6288 -0.2092 0.1632 -0.5796 -0.4744 -0.4416 0.876 -0.1708 0.4508 -0.206
0.44 0.47 0.52 1.99 2.27 2.03 0.02 1.08 1.01 1.14 0.21 0.9 1.98 2.02 0.85 1.85935340277133 0.75799290017498 2.3750117463317 0.8512 1.0076 0.9264 -0.1424 0.4504 0.5288 0.4032 0.0448 0.342 0.7824 0.8276 0.408 0.8806 1.0838 0.8982 -0.1512 0.5052 0.3794 0.3816 -0.00260000000000002 0.366 0.8112 0.8988 0.169 1.0796 1.2108 0.9312 -0.2092 0.6832 0.4604 0.5656 0.0784 0.356 0.8692 0.9708 0.314
0.44 -0.53 -0.48 0.99 -1.73 -1.97 -0.98 -1.92 0.01 -1.86 2.21 -2.1 -2.02 0.02 -2.15 0.960100075505468 -1.44509945469952 -0.345155319972589 0.4112 -0.7524 -0.8336 -0.5824 -0.8696 0.0888 -0.9168 0.9248 -0.978 -0.9776 -0.0524 -0.912 -0.5794 0.9338 0.9882 0.3588 1.0152 -0.1006 0.8316 -1.2726 1.056 0.9512 -0.0612 0.909 -0.4304 0.8608 0.8212 0.2508 1.0432 -0.0696 0.8656 -1.0916 0.896 0.8092 -0.0892 0.904
-0.56 -0.53 -0.48 0.99 1.27 -1.97 -1.98 1.08 2.01 1.14 -0.79 1.9 1.98 2.02 -0.15 0.324673200600796 0.463922629020101 0.0413084959704709 -0.5788 -0.7024 1.1364 0.9576 -0.6296 -1.0412 -0.7368 0.3948 -1.118 -1.1976 -1.1924 0.118 -0.5794 -0.6562 0.9882 0.8888 -0.5748 -1.1606 -0.7584 0.3174 -1.064 -1.1688 -1.1212 -0.151 -0.4304 -0.5792 0.8212 0.7308 -0.3968 -1.0296 -0.5744 0.3484 -1.024 -1.1108 -1.0492 -0.056
-0.56 -0.53 -0.48 1.99 -1.73 -1.97 1.02 0.0800000000000001 -0.99 0.14 1.21 -0.1 -2.02 -0.98 -0.15 0.255618832170959 0.379754565755345 -0.456253878771643 -1.1388 0.9776 1.1364 -0.7224 -0.0696 0.6388 -0.1768 -0.7252 0.00200000000000001 1.0424 0.4876 0.118 -1.1094 0.9338 0.9882 -0.7012 -0.0448 0.4294 -0.2284 -0.7426 -0.00400000000000002 0.9512 0.4688 -0.151 -0.9104 0.8608 0.8212 -0.7092 0.0832 0.4104 -0.0944 -0.6116 -0.064 0.8092 0.3908 -0.056
-0.56 0.47 -0.48 1.99 -1.73 -1.97 -1.98 -1.92 1.01 -1.86 -0.79 0.9 -2.02 -1.98 1.85 0.436066562314102 1.83463987746812 1.39160138519203 -1.1388 0.9776 1.1364 0.9576 1.0504 -0.4812 0.9432 0.3948 -0.558 1.0424 1.0476 -1.002 0.8806 -0.7962 -0.9818 -1.0912 -0.9048 0.3794 -1.0284 -0.4726 0.366 -1.0688 -0.9812 0.639 -0.9104 0.8608 0.8212 0.7308 1.0432 -0.5496 0.8656 0.3484 -0.544 0.8092 0.8708 -1.016
0.44 0.47 -0.48 1.99 2.27 1.03 -0.98 2.08 1.01 2.14 -1.79 -1.1 -0.02 -1.98 -2.15 0.531023609206846 1.6364088417228 0.885161850038064 0.8512 1.0076 0.4864 -0.5824 0.8904 0.5288 0.8432 -0.8352 -0.538 -0.0976 -0.9324 -0.912 0.8806 1.0838 0.4282 -0.6212 0.9752 0.3794 0.8516 -0.9426 -0.574 -0.1288 -0.9812 -1.241 -0.9104 -1.0592 -0.6188 0.2508 -0.8768 -0.5496 -1.0544 0.8284 0.416 -0.1508 0.8708 0.904
0.44 0.47 0.52 -1.01 1.27 2.03 2.02 -1.92 0.01 -0.86 2.21 1.9 -0.02 2.02 -0.15 0.82150095532045 0.432821327449719 0.707483550740581 -0.4688 0.5676 0.9264 0.7376 -0.8696 0.0888 -0.4768 0.9248 0.782 -0.0976 0.8276 -0.032 -0.5294 0.6138 0.8982 0.7888 -0.9048 -0.0906 -0.5584 0.9374 0.836 -0.1288 0.8988 -0.301 -0.4804 0.6908 0.9312 0.8308 -0.8768 -0.0596 -0.4744 1.1184 0.876 -0.1708 0.9708 -0.206
-0.56 -0.53 0.52 0.99 -1.73 -1.97 0.02 0.0800000000000001 -0.99 -1.86 -0.79 0.9 -0.02 -1.98 1.85 -0.62018679889616 -0.181157481684357 -0.415739746845482 -0.5788 0.9776 1.1364 -0.1624 -0.0696 0.6388 0.9432 0.3948 -0.558 -0.0776 1.0476 -1.002 -0.5794 0.9338 0.9882 -0.1712 -0.0448 0.4294 0.8316 0.3174 -0.534 -0.1088 0.9988 -1.211 0.5596 -0.8692 -1.1488 -0.2092 0.1632 -0.5796 -0.9944 -0.4416 0.356 -0.1708 -1.1092 0.834
-0.56 -0.53 -0.48 0.99 -0.73 -1.97 -0.98 -0.92 1.01 -0.86 -1.79 -0.1 -2.02 -1.98 -2.15 -0.365071034505702 0.794462683446957 2.52946435135143 -0.5788 0.4176 1.1364 0.3976 0.4904 -0.4812 0.3832 0.9548 0.00200000000000001 1.0424 1.0476 1.238 -0.5794 0.4038 0.9882 0.3588 0.4852 -0.6306 0.3016 0.8474 -0.00400000000000002 0.9512 0.9988 0.909 -0.4304 0.3808 0.8212 0.2508 0.5632 -0.5496 0.3856 0.8284 -0.064 0.8092 0.8708 0.904
0.44 0.47 0.52 1.99 1.27 2.03 2.02 2.08 1.01 2.14 2.21 0.9 -0.02 -0.98 1.85 1.46247082520067 2.08795717731841 2.73728380581325 0.8512 0.5676 0.9264 0.7376 0.8904 0.5288 0.8432 0.9248 0.342 -0.0976 -0.4924 0.848 0.8806 0.6138 0.8982 0.7888 0.9752 0.3794 0.8516 0.9374 0.366 -0.1288 -0.5112 0.639 1.0796 0.6908 0.9312 0.8308 1.2032 0.4604 1.0856 1.1184 0.356 -0.1708 -0.5892 0.834
0.44 0.47 -0.48 0.99 -0.73 -1.97 -0.98 2.08 -1.99 -1.86 -1.79 -2.1 -0.02 -1.98 -2.15 0.834684555505278 1.4580542900842 1.7559474953201 0.4112 -0.3124 -0.8336 -0.5824 0.8904 -0.7912 -0.9168 -0.8352 -0.978 -0.0976 -0.9324 -0.912 0.4106 -0.3262 -0.9818 -0.6212 0.9752 -1.0306 -1.0284 -0.9426 -1.044 -0.1288 -0.9812 -1.241 -0.4304 0.3808 0.8212 0.2508 -0.8768 0.8904 0.8656 0.8284 0.896 -0.1508 0.8708 0.904
-0.56 0.47 -0.48 1.99 -0.73 1.03 1.02 -1.92 -0.99 2.14 2.21 -0.1 -1.02 1.02 1.85 1.96881264645594 -0.340150574997391 0.92750637309582 -1.1388 0.4176 -0.5436 -0.7224 1.0504 0.6388 -1.2968 -1.2852 0.00200000000000001 0.4824 -0.6324 -1.002 0.8806 -0.3262 0.4282 0.3188 -0.9048 -0.5606 0.8516 0.9374 -0.104 -0.5988 0.4288 0.639 -0.9104 0.3808 -0.6188 -0.7092 1.0432 0.4104 -1.0544 -1.0916 -0.064 0.3292 -0.5692 -1.016
-0.56 -0.53 -0.48 -2.01 -0.73 -1.97 -1.98 -1.92 -1.99 -0.86 0.21 1.9 -0.02 -0.98 -1.15 -0.792232069177287 0.829980788372327 -0.119284453244665 1.1012 0.4176 1.1364 0.9576 1.0504 1.1988 0.3832 -0.1652 -1.118 -0.0776 0.4876 0.678 1.0106 0.4038 0.9882 0.8888 1.0152 0.9594 0.3016 -0.2126 -1.064 -0.1088 0.4688 0.379 1.0096 0.3808 0.8212 0.7308 1.0432 0.8904 0.3856 -0.1316 -1.024 -0.1508 0.3908 0.424
-0.56 -0.53 -0.48 1.99 -1.73 -0.97 0.02 1.08 1.01 -1.86 -0.79 -2.1 -1.02 1.02 -0.15 1.07669801295337 0.818323678097321 2.75402362065334 -1.1388 0.9776 0.5764 -0.1624 -0.6296 -0.4812 0.9432 0.3948 1.122 0.4824 -0.6324 0.118 -1.1094 0.9338 0.4582 -0.1712 -0.5748 -0.6306 0.8316 0.3174 1.056 0.4212 -0.5912 -0.151 -0.9104 0.8608 0.3412 -0.2292 -0.3968 -0.5496 0.8656 0.3484 0.896 0.3292 -0.5692 -0.056
-0.56 0.47 0.52 0.99 0.27 2.03 2.02 2.08 2.01 -1.86 -1.79 -2.1 -2.02 2.02 -0.15 0.802132252145206 0.732526938352082 0.230999647268991 -0.5788 -0.1424 -1.1036 -1.2824 -1.1896 -1.0412 0.9432 0.9548 1.122 1.0424 -1.1924 0.118 0.4106 0.1438 0.8982 0.7888 0.9752 0.8494 -1.0284 -0.9426 -1.044 -1.0688 0.8988 -0.301 0.5596 0.1708 0.9312 0.8308 1.2032 0.9804 -0.9944 -0.9616 -1.204 -1.2108 0.9708 -0.206
0.44 -0.53 -0.48 1.99 2.27 1.03 0.02 2.08 2.01 0.14 2.21 -0.1 -1.02 0.02 1.85 0.596775876025947 0.13579092876279 1.64767071232755 0.8512 1.0076 0.4864 -0.1424 0.8904 0.9688 -0.0368 0.9248 -0.098 -0.5376 -0.0524 0.848 -1.1094 -1.1862 -0.6018 -0.1712 -1.1048 -1.1606 -0.2284 -1.2726 -0.00400000000000002 0.4212 -0.0612 -1.211 -0.9104 -1.0592 -0.6188 -0.2292 -0.8768 -1.0296 -0.0944 -1.0916 -0.064 0.3292 -0.0892 -1.016
-0.56 -0.53 0.52 -2.01 0.27 -0.97 0.02 -1.92 -0.99 -0.86 0.21 -2.1 0.98 -0.98 0.85 0.000981122340700108 0.762703872662548 -0.986147769135545 1.1012 -0.1424 0.5764 -0.1624 1.0504 0.6388 0.3832 -0.1652 1.122 -0.6376 0.4876 -0.442 1.0106 -0.1262 0.4582 -0.1712 1.0152 0.4294 0.3016 -0.2126 1.056 -0.6388 0.4688 -0.681 -1.0004 0.1708 -0.6288 -0.2092 -0.8768 -0.5796 -0.4744 0.0784 -1.204 0.3492 -0.5892 0.314
-0.56 0.47 0.52 -2.01 -0.73 -1.97 -0.98 2.08 2.01 2.14 -1.79 -1.1 -2.02 -1.98 0.85 1.26869264501765 0.615301204329626 1.69761341447012 1.1012 0.4176 1.1364 0.3976 -1.1896 -1.0412 -1.2968 0.9548 0.562 1.0424 1.0476 -0.442 -0.9994 -0.3262 -0.9818 -0.6212 0.9752 0.8494 0.8516 -0.9426 -0.574 -1.0688 -0.9812 0.169 -1.0004 -0.3492 -1.1488 -0.7292 1.2032 0.9804 1.0856 -0.9616 -0.684 -1.2108 -1.1092 0.314
-0.56 -0.53 -0.48 -1.01 -1.73 -1.97 0.02 -1.92 2.01 -1.86 -0.79 -1.1 -1.02 -1.98 1.85 1.27363229070483 0.319907514064085 -0.772611954010663 0.5412 0.9776 1.1364 -0.1624 1.0504 -1.0412 0.9432 0.3948 0.562 0.4824 1.0476 -1.002 0.4806 0.9338 0.9882 -0.1712 1.0152 -1.1606 0.8316 0.3174 0.526 0.4212 0.9988 -1.211 0.5296 0.8608 0.8212 -0.2292 1.0432 -1.0296 0.8656 0.3484 0.416 0.3292 0.8708 -1.016
0.44 0.47 -0.48 -2.01 -1.73 -1.97 0.02 -1.92 -0.99 1.14 -0.79 -2.1 -0.02 0.02 -2.15 0.971612626971757 1.95689766494752 0.7049433906168 -0.9088 -0.7524 -0.8336 -0.1424 -0.8696 -0.3512 0.4032 -0.3952 -0.978 -0.0976 -0.0524 -0.912 -0.9994 -0.7962 -0.9818 -0.1512 -0.9048 -0.5606 0.3816 -0.4726 -1.044 -0.1288 -0.0412 -1.241 1.0096 0.8608 0.8212 -0.2292 1.0432 0.4104 -0.5744 0.3484 0.896 -0.1508 -0.0892 0.904
0.44 0.47 -0.48 0.99 2.27 2.03 -1.98 1.08 0.01 0.14 -0.79 -2.1 0.98 1.02 1.85 -0.263739768195703 1.38051355682449 1.18115131209692 0.4112 1.0076 0.9264 -1.0224 0.4504 0.0888 -0.0368 -0.3952 -0.978 0.3424 0.3876 0.848 0.4106 1.0838 0.8982 -1.0912 0.5052 -0.0906 -0.0884 -0.4726 -1.044 0.3412 0.4288 0.639 -0.4304 -1.0592 -1.0988 0.7308 -0.3968 -0.0696 -0.0944 0.3484 0.896 -0.6308 -0.5692 -1.016
0.44 0.47 0.52 1.99 -1.73 2.03 2.02 1.08 2.01 2.14 2.21 0.9 0.98 1.02 1.85 0.064959777998115 1.64878427604394 2.31140295412571 0.8512 -0.7524 0.9264 0.7376 0.4504 0.9688 0.8432 0.9248 0.342 0.3424 0.3876 0.848 0.8806 -0.7962 0.8982 0.7888 0.5052 0.8494 0.8516 0.9374 0.366 0.3412 0.4288 0.639 1.0796 -0.8692 0.9312 0.8308 0.6832 0.9804 1.0856 1.1184 0.356 0.3492 0.4508 0.834
0.44 0.47 -0.48 -2.01 -0.73 -0.97 -1.98 0.0800000000000001 0.01 -1.86 -0.79 -2.1 -2.02 0.02 -1.15 0.608325889348693 1.98026060185459 0.97001146520805 -0.9088 -0.3124 -0.3936 -1.0224 0.0104 0.0888 -0.9168 -0.3952 -0.978 -0.9776 -0.0524 -0.472 -0.9994 -0.3262 -0.5118 -1.0912 0.0352 -0.0906 -1.0284 -0.4726 -1.044 -1.0688 -0.0412 -0.771 1.0096 0.3808 0.3412 0.7308 0.0832 -0.0696 0.8656 0.3484 0.896 0.8092 -0.0892 0.424
0.44 0.47 -0.48 -0.00999999999999979 1.27 2.03 1.02 2.08 1.01 2.14 2.21 1.9 0.98 1.02 0.85 1.54951036516748 0.848483391260755 0.354470305188387 -0.0288 0.5676 0.9264 0.2976 0.8904 0.5288 0.8432 0.9248 0.782 0.3424 0.3876 0.408 -0.0594 0.6138 0.8982 0.3188 0.9752 0.3794 0.8516 0.9374 0.836 0.3412 0.4288 0.169 0.0496 -0.5792 -1.0988 -0.7092 -0.8768 -0.5496 -1.0544 -1.0916 -1.024 -0.6308 -0.5692 -0.536
0.44 0.47 0.52 -2.01 -1.73 0.03 1.02 -1.92 -1.99 0.14 -0.79 0.9 -0.02 0.02 -2.15 1.04496694319135 1.38593032015738 1.94689094225509 -0.9088 -0.7524 0.0464 0.2976 -0.8696 -0.7912 -0.0368 -0.3952 0.342 -0.0976 -0.0524 -0.912 -0.9994 -0.7962 -0.0418 0.3188 -0.9048 -1.0306 -0.0884 -0.4726 0.366 -0.1288 -0.0412 -1.241 -1.0004 -0.8692 -0.1088 0.3108 -0.8768 -1.0996 0.0456 -0.4416 0.356 -0.1708 -0.0692 -1.246
-0.56 -0.53 0.52 -2.01 -1.73 2.03 -0.98 -1.92 -1.99 -0.86 0.21 -1.1 1.98 -1.98 -2.15 -0.307795953741738 -0.351696614171232 -0.957562836844033 1.1012 0.9776 -1.1036 0.3976 1.0504 1.1988 0.3832 -0.1652 0.562 -1.1976 1.0476 1.238 1.0106 0.9338 -1.1318 0.3588 1.0152 0.9594 0.3016 -0.2126 0.526 -1.1688 0.9988 0.909 -1.0004 -0.8692 0.9312 -0.7292 -0.8768 -1.0996 -0.4744 0.0784 -0.684 0.8692 -1.1092 -1.246
-0.56 -0.53 -0.48 -2.01 2.27 1.03 -1.98 -1.92 0.01 -1.86 -1.79 -2.1 -2.02 1.02 -2.15 -0.621770322383569 -0.383976553760821 -0.157042179064573 1.1012 -1.2624 -0.5436 0.9576 1.0504 0.0788 0.9432 0.9548 1.122 1.0424 -0.6324 1.238 1.0106 -1.1862 -0.6018 0.8888 1.0152 -0.1006 0.8316 0.8474 1.056 0.9512 -0.5912 0.909 1.0096 -1.0592 -0.6188 0.7308 1.0432 -0.0696 0.8656 0.8284 0.896 0.8092 -0.5692 0.904
0.44 -0.53 0.52 -2.01 2.27 -1.97 0.02 -0.92 -0.99 -1.86 -1.79 1.9 -1.02 0.02 -2.15 1.04333303321526 1.65130782016536 1.85013066392389 -0.9088 1.0076 -0.8336 -0.1424 -0.4296 -0.3512 -0.9168 -0.8352 0.782 -0.5376 -0.0524 -0.912 1.0106 -1.1862 0.9882 -0.1712 0.4852 0.4294 0.8316 0.8474 -1.064 0.4212 -0.0612 0.909 -1.0004 1.2108 -1.1488 -0.2092 -0.3568 -0.5796 -0.9944 -0.9616 0.876 -0.6908 -0.0692 -1.246
-0.56 -0.53 -0.48 -2.01 -1.73 2.03 -1.98 1.08 -0.99 0.14 2.21 0.9 -2.02 -1.98 -2.15 0.208498300355143 0.746561332970225 1.01423457422388 1.1012 0.9776 -1.1036 0.9576 -0.6296 0.6388 -0.1768 -1.2852 -0.558 1.0424 1.0476 1.238 1.0106 0.9338 -1.1318 0.8888 -0.5748 0.4294 -0.2284 -1.2726 -0.534 0.9512 0.9988 0.909 1.0096 0.8608 -1.0988 0.7308 -0.3968 0.4104 -0.0944 -1.0916 -0.544 0.8092 0.8708 0.904
-0.56 0.47 -0.48 -2.01 2.27 0.03 -1.98 2.08 1.01 0.14 -0.79 -2.1 -1.02 -0.98 1.85 -0.701196063239242 1.98044409341709 2.14859111158948 1.1012 -1.2624 0.0164 0.9576 -1.1896 -0.4812 -0.1768 0.3948 1.122 0.4824 0.4876 -1.002 -0.9994 1.0838 -0.0418 -1.0912 0.9752 0.3794 -0.0884 -0.4726 -1.044 -0.5988 -0.5112 0.639 1.0096 -1.0592 -0.1388 0.7308 -0.8768 -0.5496 -0.0944 0.3484 0.896 0.3292 0.3908 -1.016
-0.56 0.47 0.52 -1.01 -1.73 2.03 2.02 2.08 2.01 1.14 -0.79 1.9 1.98 2.02 1.85 0.502534896285798 0.657457808222126 2.00449129388639 0.5412 0.9776 -1.1036 -1.2824 -1.1896 -1.0412 -0.7368 0.3948 -1.118 -1.1976 -1.1924 -1.002 -0.5294 -0.7962 0.8982 0.7888 0.9752 0.8494 0.3816 -0.4726 0.836 0.8112 0.8988 0.639 -0.4804 -0.8692 0.9312 0.8308 1.2032 0.9804 0.5656 -0.4416 0.876 0.8692 0.9708 0.834
-0.56 -0.53 -0.48 -2.01 -0.73 -1.97 -1.98 -0.92 0.01 -1.86 -1.79 -0.1 -2.02 2.02 -0.15 0.226125639505737 0.188971121198227 0.641849499128877 1.1012 0.4176 1.1364 0.9576 0.4904 0.0788 0.9432 0.9548 0.00200000000000001 1.0424 -1.1924 0.118 1.0106 0.4038 0.9882 0.8888 0.4852 -0.1006 0.8316 0.8474 -0.00400000000000002 0.9512 -1.1212 -0.151 1.0096 0.3808 0.8212 0.7308 0.5632 -0.0696 0.8656 0.8284 -0.064 0.8092 -1.0492 -0.056
-0.56 0.47 0.52 -0.00999999999999979 -1.73 -0.97 -1.98 -1.92 -0.99 -1.86 -1.79 -1.1 -1.02 1.02 -0.15 0.844203740507629 0.625698365441412 1.11967698952839 -0.0188 0.9776 0.5764 0.9576 1.0504 0.6388 0.9432 0.9548 0.562 0.4824 -0.6324 0.118 -0.0594 -0.7962 -0.5118 -1.0912 -0.9048 -0.5606 -1.0284 -0.9426 -0.574 -0.5988 0.4288 -0.301 0.0396 -0.8692 -0.6288 -1.2492 -0.8768 -0.5796 -0.9944 -0.9616 -0.684 -0.6908 0.4508 -0.206
0.44 -0.53 -0.48 -1.01 -0.73 2.03 -1.98 2.08 0.01 -0.86 -0.79 -2.1 1.98 1.02 0.85 0.626344637973683 0.271196008049525 0.990587922014724 -0.4688 -0.3124 0.9264 -1.0224 0.8904 0.0888 -0.4768 -0.3952 -0.978 0.7824 0.3876 0.408 0.4806 0.4038 -1.1318 0.8888 -1.1048 -0.1006 0.3016 0.3174 1.056 -1.1688 -0.5912 -0.681 0.5296 0.3808 -1.0988 0.7308 -0.8768 -0.0696 0.3856 0.3484 0.896 -1.1108 -0.5692 -0.536
0.44 0.47 -0.48 1.99 -1.73 2.03 2.02 2.08 2.01 0.14 2.21 1.9 1.98 2.02 1.85 0.582182162093379 1.38259384637932 2.43016357484892 0.8512 -0.7524 0.9264 0.7376 0.8904 0.9688 -0.0368 0.9248 0.782 0.7824 0.8276 0.848 0.8806 -0.7962 0.8982 0.7888 0.9752 0.8494 -0.0884 0.9374 0.836 0.8112 0.8988 0.639 -0.9104 0.8608 -1.0988 -1.1892 -0.8768 -1.0296 -0.0944 -1.0916 -1.024 -1.1108 -1.0492 -1.016
-0.56 0.47 -0.48 0.99 -1.73 2.03 0.02 0.0800000000000001 0.01 -1.86 1.21 0.9 1.98 -0.98 -1.15 0.910809806501033 0.103305427800499 0.625931331699619 -0.5788 0.9776 -1.1036 -0.1624 -0.0696 0.0788 0.9432 -0.7252 -0.558 -1.1976 0.4876 0.678 0.4106 -0.7962 0.8982 -0.1512 0.0352 -0.0906 -1.0284 0.4674 0.366 0.8112 -0.5112 -0.771 -0.4304 0.8608 -1.0988 -0.2292 0.0832 -0.0696 0.8656 -0.6116 -0.544 -1.1108 0.3908 0.424
-0.56 -0.53 -0.48 -2.01 0.27 -0.97 2.02 1.08 2.01 2.14 2.21 -1.1 1.98 2.02 1.85 0.978167766816914 -0.112115597393537 0.311548387041111 1.1012 -0.1424 0.5764 -1.2824 -0.6296 -1.0412 -1.2968 -1.2852 0.562 -1.1976 -1.1924 -1.002 1.0106 -0.1262 0.4582 -1.2312 -0.5748 -1.1606 -1.2884 -1.2726 0.526 -1.1688 -1.1212 -1.211 1.0096 -0.0992 0.3412 -1.1892 -0.3968 -1.0296 -1.0544 -1.0916 0.416 -1.1108 -1.0492 -1.016
0.44 -0.53 -0.48 -2.01 1.27 0.03 -1.98 -1.92 -0.99 -1.86 0.21 -0.1 1.98 1.02 0.85 1.41563606281173 1.00403941802679 1.21705605900556 -0.9088 0.5676 0.0464 -1.0224 -0.8696 -0.3512 -0.9168 0.0448 -0.098 0.7824 0.3876 0.408 1.0106 -0.6562 -0.0718 0.8888 1.0152 0.4294 0.8316 -0.2126 -0.00400000000000002 -1.1688 -0.5912 -0.681 1.0096 -0.5792 -0.1388 0.7308 1.0432 0.4104 0.8656 -0.1316 -0.064 -1.1108 -0.5692 -0.536
-0.56 0.47 0.52 1.99 2.27 0.03 -0.98 -1.92 2.01 -0.86 2.21 -2.1 -0.02 0.02 1.85 1.72605636313729 2.12392286424194 2.42000012712422 -1.1388 -1.2624 0.0164 0.3976 1.0504 -1.0412 0.3832 -1.2852 1.122 -0.0776 -0.0724 -1.002 0.8806 1.0838 -0.0418 -0.6212 -0.9048 0.8494 -0.5584 0.9374 -1.044 -0.1288 -0.0412 0.639 1.0796 1.2108 -0.1088 -0.7292 -0.8768 0.9804 -0.4744 1.1184 -1.204 -0.1708 -0.0692 0.834
0.44 0.47 0.52 1.99 -1.73 -0.97 -0.98 2.08 -0.99 1.14 -1.79 1.9 1.98 0.02 1.85 0.532148555792466 0.991886970127492 1.73054995942163 0.8512 -0.7524 -0.3936 -0.5824 0.8904 -0.3512 0.4032 -0.8352 0.782 0.7824 -0.0524 0.848 0.8806 -0.7962 -0.5118 -0.6212 0.9752 -0.5606 0.3816 -0.9426 0.836 0.8112 -0.0412 0.639 1.0796 -0.8692 -0.6288 -0.7292 1.2032 -0.5796 0.5656 -0.9616 0.876 0.8692 -0.0692 0.834
-0.56 -0.53 -0.48 1.99 2.27 0.03 1.02 2.08 -0.99 0.14 1.21 1.9 1.98 2.02 1.85 1.25418805451756 1.65316586860256 1.97889370256971 -1.1388 -1.2624 0.0164 -0.7224 -1.1896 0.6388 -0.1768 -0.7252 -1.118 -1.1976 -1.1924 -1.002 -1.1094 -1.1862 -0.0718 -0.7012 -1.1048 0.4294 -0.2284 -0.7426 -1.064 -1.1688 -1.1212 -1.211 -0.9104 -1.0592 -0.1388 -0.7092 -0.8768 0.4104 -0.0944 -0.6116 -1.024 -1.1108 -1.0492 -1.016
0.44 -0.53 -0.48 -2.01 2.27 0.03 2.02 2.08 -1.99 -1.86 -0.79 1.9 1.98 1.02 -2.15 1.86588421911618 1.85257731066054 2.43806833791927 -0.9088 1.0076 0.0464 0.7376 0.8904 -0.7912 -0.9168 -0.3952 0.782 0.7824 0.3876 -0.912 1.0106 -1.1862 -0.0718 -1.2312 -1.1048 0.9594 0.8316 0.3174 -1.064 -1.1688 -0.5912 0.909 1.0096 -1.0592 -0.1388 -1.1892 -0.8768 0.8904 0.8656 0.3484 -1.024 -1.1108 -0.5692 0.904
0.44 -0.53 0.52 1.99 -1.73 -1.97 2.02 -1.92 -1.99 -1.86 -1.79 0.9 -2.02 -1.98 -2.15 -0.261949897296151 -0.910442188515616 -0.244807904448901 0.8512 -0.7524 -0.8336 0.7376 -0.8696 -0.7912 -0.9168 -0.8352 0.342 -0.9776 -0.9324 -0.912 -1.1094 0.9338 0.9882 -1.2312 1.0152 0.9594 0.8316 0.8474 -0.534 0.9512 0.9988 0.909 1.0796 -0.8692 -1.1488 0.8308 -0.8768 -1.0996 -0.9944 -0.9616 0.356 -1.2108 -1.1092 -1.246
-0.56 0.47 0.52 -0.00999999999999979 0.27 0.03 2.02 -0.92 -1.99 0.14 2.21 -0.1 -0.02 -0.98 -2.15 -0.0763628645006089 0.955546016984657 0.0974117232356896 -0.0188 -0.1424 0.0164 -1.2824 0.4904 1.1988 -0.1768 -1.2852 0.00200000000000001 -0.0776 0.4876 1.238 -0.0594 0.1438 -0.0418 0.7888 -0.4348 -1.0306 -0.0884 0.9374 -0.104 -0.1288 -0.5112 -1.241 0.0396 0.1708 -0.1088 0.8308 -0.3568 -1.0996 0.0456 1.1184 -0.164 -0.1708 -0.5892 -1.246
0.44 0.47 0.52 -2.01 2.27 0.03 2.02 -1.92 2.01 2.14 2.21 -1.1 1.98 1.02 1.85 0.573519058677512 3.10581772243939 2.18866046978697 -0.9088 1.0076 0.0464 0.7376 -0.8696 0.9688 0.8432 0.9248 -0.538 0.7824 0.3876 0.848 -0.9994 1.0838 -0.0418 0.7888 -0.9048 0.8494 0.8516 0.9374 -0.574 0.8112 0.4288 0.639 -1.0004 1.2108 -0.1088 0.8308 -0.8768 0.9804 1.0856 1.1184 -0.684 0.8692 0.4508 0.834
0.44 -0.53 0.52 -0.00999999999999979 -1.73 1.03 0.02 -1.92 2.01 -1.86 1.21 1.9 1.98 2.02 1.85 0.867010308027947 0.558598051834216 0.864213242017211 -0.0288 -0.7524 0.4864 -0.1424 -0.8696 0.9688 -0.9168 0.4848 0.782 0.7824 0.8276 0.848 -0.0494 0.9338 -0.6018 -0.1712 1.0152 -1.1606 0.8316 -0.7426 -1.064 -1.1688 -1.1212 -1.211 0.0396 -0.8692 0.4112 -0.2092 -0.8768 0.9804 -0.9944 0.5984 0.876 0.8692 0.9708 0.834
0.44 0.47 0.52 -2.01 2.27 2.03 -1.98 0.0800000000000001 2.01 0.14 2.21 0.9 -2.02 1.02 0.85 0.579206589319909 0.844512527014716 0.792943592337152 -0.9088 1.0076 0.9264 -1.0224 0.0104 0.9688 -0.0368 0.9248 0.342 -0.9776 0.3876 0.408 -0.9994 1.0838 0.8982 -1.0912 0.0352 0.8494 -0.0884 0.9374 0.366 -1.0688 0.4288 0.169 -1.0004 1.2108 0.9312 -1.2492 0.1632 0.9804 0.0456 1.1184 0.356 -1.2108 0.4508 0.314
-0.56 -0.53 -0.48 -2.01 2.27 -1.97 -0.98 0.0800000000000001 0.01 2.14 -1.79 -2.1 -2.02 -1.98 -2.15 0.755545756848086 1.22337816863903 1.52609342682485 1.1012 -1.2624 1.1364 0.3976 -0.0696 0.0788 -1.2968 0.9548 1.122 1.0424 1.0476 1.238 1.0106 -1.1862 0.9882 0.3588 -0.0448 -0.1006 -1.2884 0.8474 1.056 0.9512 0.9988 0.909 1.0096 -1.0592 0.8212 0.2508 0.0832 -0.0696 -1.0544 0.8284 0.896 0.8092 0.8708 0.904
-0.56 -0.53 -0.48 1.99 2.27 2.03 -1.98 1.08 -1.99 -1.86 2.21 -0.1 -1.02 -1.98 -0.15 0.0264464370241382 0.520898164480508 0.0475379897547369 -1.1388 -1.2624 -1.1036 0.9576 -0.6296 1.1988 0.9432 -1.2852 0.00200000000000001 0.4824 1.0476 0.118 -1.1094 -1.1862 -1.1318 0.8888 -0.5748 0.9594 0.8316 -1.2726 -0.00400000000000002 0.4212 0.9988 -0.151 -0.9104 -1.0592 -1.0988 0.7308 -0.3968 0.8904 0.8656 -1.0916 -0.064 0.3292 0.8708 -0.056
0.44 -0.53 0.52 -0.00999999999999979 -0.73 2.03 2.02 -0.92 -0.99 2.14 1.21 -2.1 -2.02 -1.98 -2.15 -1.83536567780494 -1.77381191683056 -1.7643177441768 -0.0288 -0.3124 0.9264 0.7376 -0.4296 -0.3512 0.8432 0.4848 -0.978 -0.9776 -0.9324 -0.912 -0.0494 0.4038 -1.1318 -1.2312 0.4852 0.4294 -1.2884 -0.7426 1.056 0.9512 0.9988 0.909 0.0396 -0.3492 0.9312 0.8308 -0.3568 -0.5796 1.0856 0.5984 -1.204 -1.2108 -1.1092 -1.246
0.44 0.47 0.52 -0.00999999999999979 0.27 -0.97 1.02 -1.92 -1.99 2.14 2.21 1.9 0.98 -0.98 -0.15 1.33622680148234 0.919022393261546 1.43549857513659 -0.0288 0.1276 -0.3936 0.2976 -0.8696 -0.7912 0.8432 0.9248 0.782 0.3424 -0.4924 -0.032 -0.0594 0.1438 -0.5118 0.3188 -0.9048 -1.0306 0.8516 0.9374 0.836 0.3412 -0.5112 -0.301 0.0396 0.1708 -0.6288 0.3108 -0.8768 -1.0996 1.0856 1.1184 0.876 0.3492 -0.5892 -0.206
-0.56 -0.53 0.52 1.99 -0.73 2.03 -0.98 1.08 2.01 2.14 1.21 1.9 1.98 2.02 1.85 0.466879432305135 0.669799120871325 0.342560178441997 -1.1388 0.4176 -1.1036 0.3976 -0.6296 -1.0412 -1.2968 -0.7252 -1.118 -1.1976 -1.1924 -1.002 -1.1094 0.4038 -1.1318 0.3588 -0.5748 -1.1606 -1.2884 -0.7426 -1.064 -1.1688 -1.1212 -1.211 1.0796 -0.3492 0.9312 -0.7292 0.6832 0.9804 1.0856 0.5984 0.876 0.8692 0.9708 0.834
-0.56 0.47 0.52 -2.01 2.27 2.03 2.02 -1.92 -0.99 -0.86 0.21 1.9 0.98 1.02 1.85 0.800087209490699 0.965376165662468 1.23947377264936 1.1012 -1.2624 -1.1036 -1.2824 1.0504 0.6388 0.3832 -0.1652 -1.118 -0.6376 -0.6324 -1.002 -0.9994 1.0838 0.8982 0.7888 -0.9048 -0.5606 -0.5584 -0.00260000000000002 0.836 0.3412 0.4288 0.639 -1.0004 1.2108 0.9312 0.8308 -0.8768 -0.5796 -0.4744 0.0784 0.876 0.3492 0.4508 0.834
-0.56 0.47 0.52 -1.01 -1.73 2.03 0.02 -0.92 2.01 0.14 1.21 0.9 1.98 1.02 -0.15 0.185296171300636 0.332755345965657 0.721581541906517 0.5412 0.9776 -1.1036 -0.1624 0.4904 -1.0412 -0.1768 -0.7252 -0.558 -1.1976 -0.6324 0.118 -0.5294 -0.7962 0.8982 -0.1512 -0.4348 0.8494 -0.0884 0.4674 0.366 0.8112 0.4288 -0.301 -0.4804 -0.8692 0.9312 -0.2092 -0.3568 0.9804 0.0456 0.5984 0.356 0.8692 0.4508 -0.206
0.44 0.47 0.52 0.99 -1.73 -1.97 2.02 0.0800000000000001 -0.99 2.14 1.21 -2.1 -0.02 -1.98 0.85 -0.399804633427892 0.659891634786151 -0.343567911621839 0.4112 -0.7524 -0.8336 0.7376 0.0104 -0.3512 0.8432 0.4848 -0.978 -0.0976 -0.9324 0.408 0.4106 -0.7962 -0.9818 0.7888 0.0352 -0.5606 0.8516 0.4674 -1.044 -0.1288 -0.9812 0.169 0.5596 -0.8692 -1.1488 0.8308 0.1632 -0.5796 1.0856 0.5984 -1.204 -0.1708 -1.1092 0.314
-0.56 -0.53 -0.48 -0.00999999999999979 -0.73 2.03 -1.98 1.08 -0.99 2.14 1.21 -0.1 0.98 -1.98 0.85 0.873712131786477 0.297096611766586 1.2231283669353 -0.0188 0.4176 -1.1036 0.9576 -0.6296 0.6388 -1.2968 -0.7252 0.00200000000000001 -0.6376 1.0476 -0.442 -0.0494 0.4038 -1.1318 0.8888 -0.5748 0.4294 -1.2884 -0.7426 -0.00400000000000002 -0.6388 0.9988 -0.681 0.0496 0.3808 -1.0988 0.7308 -0.3968 0.4104 -1.0544 -0.6116 -0.064 -0.6308 0.8708 -0.536
0.44 0.47 -0.48 1.99 -0.73 0.03 -1.98 -0.92 0.01 -0.86 1.21 1.9 1.98 1.02 -0.15 0.637241271128125 0.728738287235062 1.22164041060139 0.8512 -0.3124 0.0464 -1.0224 -0.4296 0.0888 -0.4768 0.4848 0.782 0.7824 0.3876 -0.032 0.8806 -0.3262 -0.0418 -1.0912 -0.4348 -0.0906 -0.5584 0.4674 0.836 0.8112 0.4288 -0.301 -0.9104 0.3808 -0.1388 0.7308 0.5632 -0.0696 0.3856 -0.6116 -1.024 -1.1108 -0.5692 -0.056
0.44 0.47 -0.48 -2.01 2.27 -0.97 2.02 -0.92 -0.99 0.14 2.21 -0.1 1.98 1.02 1.85 0.00489228265812791 0.274634979043625 0.679409013986116 -0.9088 1.0076 -0.3936 0.7376 -0.4296 -0.3512 -0.0368 0.9248 -0.098 0.7824 0.3876 0.848 -0.9994 1.0838 -0.5118 0.7888 -0.4348 -0.5606 -0.0884 0.9374 -0.104 0.8112 0.4288 0.639 1.0096 -1.0592 0.3412 -1.1892 0.5632 0.4104 -0.0944 -1.0916 -0.064 -1.1108 -0.5692 -1.016
0.44 0.47 0.52 1.99 -1.73 -0.97 -1.98 -0.92 -1.99 2.14 2.21 -1.1 0.98 -0.98 -1.15 0.0192392133211763 0.796870861463614 0.416084592932066 0.8512 -0.7524 -0.3936 -1.0224 -0.4296 -0.7912 0.8432 0.9248 -0.538 0.3424 -0.4924 -0.472 0.8806 -0.7962 -0.5118 -1.0912 -0.4348 -1.0306 0.8516 0.9374 -0.574 0.3412 -0.5112 -0.771 1.0796 -0.8692 -0.6288 -1.2492 -0.3568 -1.0996 1.0856 1.1184 -0.684 0.3492 -0.5892 -0.726
0.44 0.47 -0.48 -0.00999999999999979 -1.73 -0.97 -1.98 2.08 0.01 2.14 2.21 -0.1 -1.02 -1.98 0.85 -0.305287739368809 -0.439781367208908 0.14036062420593 -0.0288 -0.7524 -0.3936 -1.0224 0.8904 0.0888 0.8432 0.9248 -0.098 -0.5376 -0.9324 0.408 -0.0594 -0.7962 -0.5118 -1.0912 0.9752 -0.0906 0.8516 0.9374 -0.104 -0.5988 -0.9812 0.169 0.0496 0.8608 0.3412 0.7308 -0.8768 -0.0696 -1.0544 -1.0916 -0.064 0.3292 0.8708 -0.536
0.44 -0.53 0.52 -1.01 1.27 2.03 2.02 -1.92 2.01 2.14 2.21 0.9 1.98 2.02 1.85 1.44572569592761 1.14087088683016 0.95996705719054 -0.4688 0.5676 0.9264 0.7376 -0.8696 0.9688 0.8432 0.9248 0.342 0.7824 0.8276 0.848 0.4806 -0.6562 -1.1318 -1.2312 1.0152 -1.1606 -1.2884 -1.2726 -0.534 -1.1688 -1.1212 -1.211 -0.4804 0.6908 0.9312 0.8308 -0.8768 0.9804 1.0856 1.1184 0.356 0.8692 0.9708 0.834
0.44 -0.53 -0.48 1.99 -1.73 1.03 -1.98 -0.92 -0.99 2.14 -1.79 1.9 -0.02 -0.98 -2.15 0.817220885210216 -0.291568955461296 0.836156353282558 0.8512 -0.7524 0.4864 -1.0224 -0.4296 -0.3512 0.8432 -0.8352 0.782 -0.0976 -0.4924 -0.912 -1.1094 0.9338 -0.6018 0.8888 0.4852 0.4294 -1.2884 0.8474 -1.064 -0.1088 0.4688 0.909 -0.9104 0.8608 -0.6188 0.7308 0.5632 0.4104 -1.0544 0.8284 -1.024 -0.1508 0.3908 0.904
0.44 -0.53 0.52 -2.01 -1.73 2.03 2.02 2.08 -0.99 -1.86 0.21 -2.1 -0.02 0.02 0.85 0.596915194484571 1.10854717916619 -0.0731859514114248 -0.9088 -0.7524 0.9264 0.7376 0.8904 -0.3512 -0.9168 0.0448 -0.978 -0.0976 -0.0524 0.408 1.0106 0.9338 -1.1318 -1.2312 -1.1048 0.4294 0.8316 -0.2126 1.056 -0.1088 -0.0612 -0.681 -1.0004 -0.8692 0.9312 0.8308 1.2032 -0.5796 -0.9944 0.0784 -1.204 -0.1708 -0.0692 0.314
