-0.5 0.55 0.52 -1.2 0.05 -0.85 2.06 0.0600000000000001 0.15 1.72 0.94 1.97 2.03 1.08 -1.11 0.287176232436112 0.934349443337282 2.12671551947202 0.68 0.03 0.49 -0.76 -0.11 -0.01 -0.93 -0.42 -1.02 -0.95 -0.61 0.6 -0.63 0.115 -0.385 1.186 0.016 0.115 0.832 0.474 0.917 1.033 0.488 -0.721 -0.618 0.022 -0.494 1.0624 0.00239999999999999 0.116 0.8088 0.5576 0.8888 1.0812 0.4532 -0.7444
-0.5 0.55 -0.48 0.8 -1.95 0.15 2.06 1.06 0.15 -0.28 0.94 -2.03 1.03 -0.92 -2.11 -1.34779586346699 -0.0701948707541558 0.232516616754325 -0.32 1.03 -0.01 -0.76 -0.61 -0.01 0.07 -0.42 0.98 -0.45 0.39 1.1 0.47 -0.985 0.165 1.186 0.566 0.115 -0.268 0.474 -1.283 0.483 -0.612 -1.271 -0.378 0.932 -0.124 -0.9976 -0.5376 -0.034 0.0488000000000001 -0.3824 0.8388 -0.4688 0.3332 0.8456
0.5 0.55 0.52 -0.2 0.05 0.15 -1.94 -1.94 -0.85 -0.28 -0.0600000000000001 1.97 0.03 0.0800000000000001 -2.11 1.18274910742166 0.523575893112847 1.24733235319881 -0.02 0.08 0.14 -0.7 -1.05 -0.36 -0.21 0.02 0.95 0.08 -0.03 -1.01 -0.08 0.115 0.165 -1.014 -1.084 -0.435 -0.268 -0.076 0.917 -0.067 -0.062 -1.271 -0.098 0.022 0.026 -1.0176 -1.0376 -0.404 -0.2312 0.0376 0.8888 0.0412 -0.0668 -1.2644
-0.5 0.55 -0.48 1.8 2.05 0.15 2.06 -0.94 0.15 0.72 0.94 1.97 2.03 2.08 1.89 0.778844051696362 0.923615986658584 0.274241842754334 -0.82 -0.97 -0.01 -0.76 0.39 -0.01 -0.43 -0.42 -1.02 -0.95 -1.11 -0.9 1.02 1.215 0.165 1.186 -0.534 0.115 0.282 0.474 0.917 1.033 1.038 0.929 -0.858 -0.988 -0.124 -0.9976 0.4224 -0.034 -0.4312 -0.3824 -1.0812 -0.9488 -1.1068 -1.0744
0.5 -0.45 0.52 1.8 0.05 -1.85 -1.94 1.06 2.15 -0.28 0.94 1.97 -1.97 -0.92 -2.11 0.913476700295062 0.906041793604782 1.25454022210519 0.98 0.08 -0.86 -0.7 0.45 1.14 -0.21 0.52 0.95 -0.92 -0.53 -1.01 -0.78 0.065 0.915 0.926 -0.494 -0.935 0.012 -0.466 -1.053 0.803 0.308 0.839 0.942 0.022 -1.014 -1.0176 0.5224 1.156 -0.2312 0.5576 0.8888 -0.9988 -0.5868 -1.2644
-0.5 -0.45 -0.48 -0.2 -0.95 2.15 2.06 0.0600000000000001 2.15 -1.28 -2.06 -2.03 2.03 -1.92 -0.11 -0.584489050421684 1.15631911649352 2.04312321389339 0.18 0.53 -1.01 -0.76 -0.11 -1.01 0.57 1.08 0.98 -0.95 0.89 0.1 0.12 0.515 -0.885 -0.874 -0.044 -0.935 0.462 0.884 0.747 -0.997 0.758 -0.061 0.102 0.452 -1.084 -0.9976 -0.0576 -0.994 0.5288 1.0576 0.8388 -0.9488 0.8132 -0.1144
-0.5 -0.45 0.52 1.8 2.05 2.15 1.06 2.06 0.15 -1.28 1.94 1.97 1.03 2.08 1.89 1.58054050519086 1.68231325591455 -0.679134904232107 -0.82 -0.97 -1.01 -0.26 -1.11 -0.01 0.57 -0.92 -1.02 -0.45 -1.11 -0.9 -0.78 -0.835 -0.885 -0.424 -0.944 -0.035 0.462 -0.916 -1.053 -0.547 -1.042 -0.961 0.942 1.062 1.066 0.5424 1.0424 0.116 -0.7512 1.0776 0.8888 0.5612 0.9732 0.8156
-0.5 -0.45 -0.48 1.8 2.05 2.15 0.0600000000000001 2.06 -1.85 -2.28 -1.06 0.97 -1.97 -1.92 -2.11 -0.362598732378743 0.117713056919106 -0.343677799878379 -0.82 -0.97 -1.01 0.24 -1.11 0.99 1.07 0.58 -0.52 1.05 0.89 1.1 -0.78 -0.835 -0.885 0.026 -0.944 0.865 0.912 0.434 -0.603 0.803 0.758 0.839 -0.858 -0.988 -1.084 -0.0376 -1.0176 0.926 1.0088 0.5776 -0.6012 0.9712 0.8132 0.8456
-0.5 -0.45 0.52 -2.2 -1.95 -1.85 -0.94 2.06 -0.85 1.72 1.94 -0.0299999999999998 2.03 -0.92 1.89 -1.82843147458442 -0.364959016241373 -1.33712548288027 1.18 1.03 0.99 0.74 -1.11 0.49 -0.93 -0.92 -0.02 -0.95 0.39 -0.9 1.02 0.965 0.915 0.476 -0.944 0.415 -0.888 -0.916 -0.153 -0.997 0.308 -0.961 -1.138 -1.018 -1.014 -0.4976 1.0424 -0.404 0.8088 1.0776 -0.1512 1.0812 -0.5868 0.8156
-0.5 -0.45 -0.48 1.8 -1.95 -1.85 2.06 0.0600000000000001 -1.85 1.72 -1.06 -2.03 2.03 0.0800000000000001 1.89 1.04413395843191 0.888344496716605 1.51767811454506 -0.82 1.03 0.99 -0.76 -0.11 0.99 -0.93 0.58 0.98 -0.95 -0.11 -0.9 -0.78 0.965 0.915 -0.874 -0.044 0.865 -0.888 0.434 0.747 -0.997 -0.142 -0.961 -0.858 0.932 0.836 -0.9976 -0.0576 0.926 -0.9112 0.5776 0.8388 -0.9488 -0.1468 -1.0744
-0.5 0.55 -0.48 1.8 1.05 -1.85 -0.94 1.06 0.15 0.72 -0.0600000000000001 -1.03 -1.97 -0.92 -1.11 0.908600067529584 1.39129507592215 2.19665281825415 -0.82 -0.47 0.99 0.74 -0.61 -0.01 -0.43 0.08 0.48 1.05 0.39 0.6 1.02 0.665 -0.935 -0.464 0.566 0.115 0.282 -0.076 -0.733 -1.167 -0.612 -0.721 -0.858 -0.508 0.836 0.4424 -0.5376 -0.034 -0.4312 0.0976 0.3588 0.9712 0.3332 0.3656
0.5 0.55 -0.48 -2.2 1.05 -1.85 2.06 1.06 -0.85 -0.28 -0.0600000000000001 -0.0299999999999998 2.03 1.08 -0.11 0.653417715906923 2.30202929517223 3.19027954507241 -1.02 0.58 -0.86 1.3 0.45 -0.36 -0.21 0.02 -0.05 1.08 0.47 -0.01 -1.18 0.665 -0.935 1.186 0.566 -0.435 -0.268 -0.076 -0.183 1.033 0.488 -0.171 1.062 -0.508 0.836 -0.9976 -0.5376 0.446 0.0488000000000001 0.0976 -0.1212 -0.9488 -0.6268 -0.1144
-0.5 -0.45 -0.48 -2.2 2.05 2.15 -1.94 -1.94 2.15 -1.28 1.94 0.97 0.03 2.08 -1.11 0.904238616094032 0.581920974725003 0.821713110210007 1.18 -0.97 -1.01 1.24 0.89 -1.01 0.57 -0.92 -0.52 0.05 -1.11 0.6 1.02 -0.835 -0.885 0.926 0.856 -0.935 0.462 -0.916 -0.603 -0.097 -1.042 0.389 1.062 -0.988 -1.084 0.9224 0.9024 -0.994 0.5288 -0.8624 -0.6012 0.0112 -1.1068 0.3656
0.5 0.55 0.52 -2.2 2.05 0.15 0.0600000000000001 0.0600000000000001 -1.85 -0.28 -2.06 1.97 2.03 2.08 1.89 -0.419246373450002 1.80155810856473 2.12305602668347 -1.02 1.08 0.14 0.3 -0.05 -0.86 -0.21 -0.98 0.95 1.08 0.97 0.99 -1.18 1.215 0.165 0.086 0.016 -0.985 -0.268 -1.176 0.917 1.033 1.038 0.929 -1.138 1.062 0.026 0.0224 0.00239999999999999 -0.924 -0.2312 -1.0024 0.8888 1.0812 0.9732 0.8156
-0.5 0.55 0.52 0.8 -1.95 2.15 2.06 0.0600000000000001 2.15 -0.28 -1.06 1.97 -0.97 1.08 -0.11 1.04783384060595 0.753123695887239 2.26441379059037 -0.32 1.03 -1.01 -0.76 -0.11 -1.01 0.07 0.58 -1.02 0.55 -0.61 0.1 0.47 -0.985 1.265 1.186 0.016 1.215 -0.268 -0.626 0.917 -0.617 0.488 -0.171 0.422 -1.018 1.066 1.0624 0.00239999999999999 1.156 -0.2312 -0.4824 0.8888 -0.4788 0.4532 -0.2244
-0.5 -0.45 0.52 -1.2 0.05 -1.85 2.06 -1.94 2.15 0.72 -2.06 1.97 -1.97 0.0800000000000001 -0.11 1.9102951895575 1.88807959899182 1.70067277052347 0.68 0.03 0.99 -0.76 0.89 -1.01 -0.43 1.08 -1.02 1.05 -0.11 0.1 0.57 0.065 0.915 -0.874 0.856 -0.935 -0.438 0.884 -1.053 0.803 -0.142 -0.061 -0.618 0.022 -1.014 1.0624 -1.0376 1.156 0.2888 -1.0024 0.8888 -0.9988 -0.0668 -0.2244
0.5 0.55 0.52 1.8 2.05 0.15 -0.94 -1.94 2.15 -0.28 1.94 -2.03 -0.97 1.08 1.89 0.901915766138937 2.21700880103892 1.48924748344175 0.98 1.08 0.14 -0.2 -1.05 1.14 -0.21 1.02 -1.05 -0.42 0.47 0.99 1.02 1.215 0.165 -0.464 -1.084 1.215 -0.268 1.024 -1.283 -0.617 0.488 0.929 0.942 1.062 0.026 -0.4976 -1.0376 1.156 -0.2312 1.0776 -1.1912 -0.4788 0.4532 0.8156
0.5 -0.45 -0.48 -2.2 -0.95 0.15 2.06 0.0600000000000001 -1.85 -2.28 -2.06 -2.03 -0.97 -1.92 -2.11 1.97658927235206 0.167074918156688 0.544471127268434 -1.02 -0.42 0.14 1.3 -0.05 -0.86 -1.21 -0.98 -1.05 -0.42 -1.03 -1.01 1.02 0.515 0.015 -0.874 -0.044 0.865 0.912 0.884 0.747 0.353 0.758 0.839 1.062 0.452 -0.124 -0.9976 -0.0576 0.926 1.0088 1.0576 0.8388 0.4912 0.8132 0.8456
-0.5 0.55 0.52 1.8 1.05 0.15 0.0600000000000001 2.06 -0.85 1.72 -0.0600000000000001 -0.0299999999999998 2.03 0.0800000000000001 1.89 1.66495181610341 2.48582968297174 2.68102522828554 -0.82 -0.47 -0.01 0.24 -1.11 0.49 -0.93 0.08 -0.02 -0.95 -0.11 -0.9 1.02 0.665 0.165 0.086 1.116 -0.435 0.832 -0.076 -0.183 1.033 -0.062 0.929 0.942 0.542 0.026 0.0224 1.0424 -0.404 0.8088 0.0376 -0.1512 1.0812 -0.0668 0.8156
0.5 0.55 0.52 1.8 -1.95 -0.85 1.06 -1.94 -1.85 -0.28 -1.06 0.97 -1.97 2.08 -0.11 1.84815917164277 0.559295409721932 -0.109703276490363 0.98 -0.92 -0.36 0.8 -1.05 -0.86 -0.21 -0.48 0.45 -0.92 0.97 -0.01 1.02 -0.985 -0.385 0.636 -1.084 -0.985 -0.268 -0.626 0.367 -1.167 1.038 -0.171 0.942 -1.018 -0.494 0.5424 -1.0376 -0.924 -0.2312 -0.4824 0.3688 -0.9988 0.9732 -0.2244
0.5 -0.45 -0.48 0.8 -1.95 -1.85 2.06 0.0600000000000001 -1.85 1.72 -1.06 -1.03 -1.97 -0.92 -2.11 -0.238771209383103 1.65038033437258 2.51347336758292 0.48 -0.92 -0.86 1.3 -0.05 -0.86 0.79 -0.48 -0.55 -0.92 -0.53 -1.01 -0.33 0.965 0.915 -0.874 -0.044 0.865 -0.888 0.434 0.297 0.803 0.308 0.839 -0.378 0.932 0.836 -0.9976 -0.0576 0.926 -0.9112 0.5776 0.3588 0.9712 0.3332 0.8456
0.5 -0.45 -0.48 -1.2 2.05 0.15 -1.94 2.06 2.15 1.72 1.94 1.97 2.03 2.08 1.89 1.31652979219501 0.977258549749523 3.90534990766796 -0.52 1.08 0.14 -0.7 0.95 1.14 0.79 1.02 0.95 1.08 0.97 0.99 0.57 -0.835 0.015 0.926 -0.944 -0.935 -0.888 -0.916 -1.053 -0.997 -1.042 -0.961 0.582 -0.988 -0.124 0.9224 -1.0176 -0.994 -0.9112 -0.8624 -1.0812 -0.9488 -1.1068 -1.0744
-0.5 -0.45 0.52 -1.2 -1.95 1.15 -1.94 -1.94 1.15 -2.28 -1.06 -2.03 -0.97 -1.92 -1.11 0.308098530040551 -0.221508319616212 -0.795020698086724 0.68 1.03 -0.51 1.24 0.89 -0.51 1.07 0.58 0.98 0.55 0.89 0.6 0.57 0.965 -0.435 0.926 0.856 -0.485 0.912 0.434 0.747 0.353 0.758 0.389 -0.618 -1.018 0.546 -1.0176 -1.0376 0.636 -1.2712 -0.4824 -1.1912 -0.4788 -1.1068 -0.7444
-0.5 0.55 -0.48 1.8 -1.95 -0.85 0.0600000000000001 0.0600000000000001 2.15 -0.28 -2.06 1.97 2.03 -1.92 -1.11 -0.983858512632765 -0.0572619986611664 0.615749199175037 -0.82 1.03 0.49 0.24 -0.11 -1.01 0.07 1.08 -1.02 -0.95 0.89 0.6 1.02 -0.985 -0.385 0.086 0.016 1.215 -0.268 -1.176 0.917 1.033 -1.162 -0.721 -0.858 0.932 0.356 -0.0376 -0.0576 -0.994 0.0488000000000001 1.0576 -1.0812 -0.9488 0.8132 0.3656
0.5 0.55 0.52 0.8 1.05 1.15 -0.94 2.06 2.15 1.72 -1.06 -0.0299999999999998 -0.97 0.0800000000000001 1.89 0.857901103199835 2.78676411215121 2.06466355279097 0.48 0.58 0.64 -0.2 0.95 1.14 0.79 -0.48 -0.05 -0.42 -0.03 0.99 0.47 0.665 0.715 -0.464 1.116 1.215 0.832 -0.626 -0.183 -0.617 -0.062 0.929 0.422 0.542 0.546 -0.4976 1.0424 1.156 0.8088 -0.4824 -0.1512 -0.4788 -0.0668 0.8156
-0.5 -0.45 0.52 -2.2 0.05 1.15 1.06 2.06 -1.85 1.72 -2.06 -2.03 1.03 0.0800000000000001 -1.11 1.13681776630962 2.95509027762903 1.22214324146299 1.18 0.03 -0.51 -0.26 -1.11 0.99 -0.93 1.08 0.98 -0.45 -0.11 0.6 1.02 0.065 -0.435 -0.424 -0.944 0.865 -0.888 0.884 0.747 -0.547 -0.142 0.389 -1.138 0.022 0.546 0.5424 1.0424 -0.924 0.8088 -1.0024 -1.1912 0.5612 -0.0668 -0.7444
-0.5 -0.45 0.52 1.8 -1.95 2.15 2.06 -1.94 -0.85 -0.28 -1.06 -0.0299999999999998 -1.97 0.0800000000000001 -1.11 0.342837860797213 0.494479384903513 2.88579211833387 -0.82 1.03 -1.01 -0.76 0.89 0.49 0.07 0.58 -0.02 1.05 -0.11 0.6 -0.78 0.965 -0.885 -0.874 0.856 0.415 0.012 0.434 -0.153 0.803 -0.142 0.389 0.942 -1.018 1.066 1.0624 -1.0376 -0.404 -0.2312 -0.4824 -0.1512 -0.9988 -0.0668 -0.7444
0.5 0.55 0.52 -1.2 0.05 -1.85 -0.94 -1.94 0.15 -2.28 1.94 -0.0299999999999998 -1.97 -1.92 -0.11 0.985055692070248 2.57408457192864 0.965727900769386 -0.52 0.08 -0.86 -0.2 -1.05 0.14 -1.21 1.02 -0.05 -0.92 -1.03 -0.01 -0.63 0.115 -0.935 -0.464 -1.084 0.115 -1.368 1.024 -0.183 -1.167 -1.162 -0.171 -0.618 0.022 -1.014 -0.4976 -1.0376 0.116 -1.2712 1.0776 -0.1512 -0.9988 -1.1068 -0.2244
0.5 -0.45 -0.48 1.8 2.05 2.15 0.0600000000000001 2.06 -1.85 1.72 1.94 -0.0299999999999998 1.03 2.08 -0.11 1.69464404122776 0.560256549730883 0.677952490211236 0.98 1.08 1.14 0.3 0.95 -0.86 0.79 1.02 -0.05 0.58 0.97 -0.01 -0.78 -0.835 -0.885 0.026 -0.944 0.865 -0.888 -0.916 -0.153 -0.547 -1.042 -0.061 -0.858 -0.988 -1.084 -0.0376 -1.0176 0.926 -0.9112 -0.8624 -0.1212 -0.4688 -1.1068 -0.1144
0.5 0.55 -0.48 0.8 -0.95 -1.85 -1.94 0.0600000000000001 -1.85 -2.28 1.94 0.97 -0.97 -1.92 -1.11 1.62060447874217 0.725776499068956 1.92917182796606 0.48 -0.42 -0.86 -0.7 -0.05 -0.86 -1.21 1.02 0.45 -0.42 -1.03 -0.51 0.47 -0.435 -0.935 -1.014 0.016 -0.985 -1.368 1.024 0.367 -0.617 -1.162 -0.721 -0.378 0.452 0.836 0.9224 -0.0576 0.926 1.0088 -0.8624 -0.6012 0.4912 0.8132 0.3656
0.5 0.55 0.52 0.8 -1.95 0.15 -1.94 -0.94 -1.85 0.72 1.94 1.97 -1.97 -0.92 1.89 0.35645487772296 0.271087130767661 1.20567991136202 0.48 -0.92 0.14 -0.7 -0.55 -0.86 0.29 1.02 0.95 -0.92 -0.53 0.99 0.47 -0.985 0.165 -1.014 -0.534 -0.985 0.282 1.024 0.917 -1.167 -0.612 0.929 0.422 -1.018 0.026 -1.0176 -0.5176 -0.924 0.2888 1.0776 0.8888 -0.9988 -0.5868 0.8156
-0.5 -0.45 -0.48 1.8 -1.95 2.15 -1.94 1.06 -0.85 1.72 1.94 -1.03 -1.97 -1.92 -0.11 1.8548155520109 1.75504766836885 1.83472396369187 -0.82 1.03 -1.01 1.24 -0.61 0.49 -0.93 -0.92 0.48 1.05 0.89 0.1 -0.78 0.965 -0.885 0.926 -0.494 0.415 -0.888 -0.916 0.297 0.803 0.758 -0.061 -0.858 0.932 -1.084 0.9224 -0.5376 0.446 -0.9112 -0.8624 0.3588 0.9712 0.8132 -0.1144
-0.5 0.55 -0.48 1.8 -1.95 2.15 2.06 0.0600000000000001 1.15 1.72 1.94 1.97 1.03 2.08 0.89 -0.492432268739274 0.675395272104719 0.740609479907243 -0.82 1.03 -1.01 -0.76 -0.11 -0.51 -0.93 -0.92 -1.02 -0.45 -1.11 -0.4 1.02 -0.985 1.265 1.186 0.016 0.665 0.832 1.024 0.917 0.483 1.038 0.379 -0.858 0.932 -1.084 -0.9976 -0.0576 -0.514 -0.9112 -0.8624 -1.0812 -0.4688 -1.1068 -0.5944
-0.5 0.55 0.52 0.8 -1.95 -1.85 -1.94 -1.94 -0.85 -0.28 -2.06 -2.03 1.03 0.0800000000000001 -0.11 0.541912792897813 -1.40539888426075 0.801925940810091 -0.32 1.03 0.99 1.24 0.89 0.49 0.07 1.08 0.98 -0.45 -0.11 0.1 0.47 -0.985 -0.935 -1.014 -1.084 -0.435 -0.268 -1.176 -1.283 0.483 -0.062 -0.171 0.422 -1.018 -1.014 -1.0176 -1.0376 -0.404 -0.2312 -1.0024 -1.1912 0.5612 -0.0668 -0.2244
0.5 -0.45 -0.48 -2.2 0.05 -1.85 -0.94 -1.94 0.15 -2.28 -2.06 -1.03 -0.97 -1.92 -2.11 0.888317748867963 1.11157709852701 0.694968562914514 -1.02 0.08 -0.86 -0.2 -1.05 0.14 -1.21 -0.98 -0.55 -0.42 -1.03 -1.01 1.02 0.065 0.915 0.476 0.856 -0.035 0.912 0.884 0.297 0.353 0.758 0.839 1.062 -0.028 0.836 0.4424 0.9024 -0.034 1.0088 1.0576 0.3588 0.4912 0.8132 0.8456
0.5 -0.45 -0.48 -2.2 2.05 2.15 2.06 0.0600000000000001 1.15 1.72 1.94 1.97 1.03 1.08 1.89 1.01240334812669 1.65225434254355 3.62883784970295 -1.02 1.08 1.14 1.3 -0.05 0.64 0.79 1.02 0.95 0.58 0.47 0.99 1.02 -0.835 -0.885 -0.874 -0.044 -0.485 -0.888 -0.916 -1.053 -0.547 -0.592 -0.961 1.062 -0.988 -1.084 -0.9976 -0.0576 -0.514 -0.9112 -0.8624 -1.0812 -0.4688 -0.6268 -1.0744
-0.5 0.55 -0.48 0.8 2.05 -1.85 0.0600000000000001 -1.94 0.15 1.72 0.94 -2.03 0.03 0.0800000000000001 -0.11 1.08281015358487 0.0656905238277075 0.103192669031281 -0.32 -0.97 0.99 0.24 0.89 -0.01 -0.93 -0.42 0.98 0.05 -0.11 0.1 0.47 1.215 -0.935 0.086 -1.084 0.115 0.832 0.474 -1.283 -0.067 -0.062 -0.171 -0.378 -0.988 0.836 -0.0376 0.9024 -0.034 -0.9112 -0.3824 0.8388 0.0112 -0.1468 -0.1144
0.5 -0.45 0.52 0.8 2.05 0.15 -1.94 1.06 1.15 1.72 -0.0600000000000001 -1.03 0.03 1.08 0.89 -0.25641242581563 1.77831441082265 0.758406010250241 0.48 1.08 0.14 -0.7 0.45 0.64 0.79 0.02 -0.55 0.08 0.47 0.49 -0.33 -0.835 0.015 0.926 -0.494 -0.485 -0.888 -0.016 0.297 -0.097 -0.592 -0.511 0.422 1.062 0.026 -1.0176 0.5224 0.636 0.8088 0.0376 -0.6712 0.0412 0.4532 0.2956
-0.5 -0.45 -0.48 1.8 2.05 -0.85 1.06 -1.94 2.15 -0.28 -2.06 -1.03 -1.97 -0.92 -2.11 -0.831686268466566 0.031876629064074 0.874761621567383 -0.82 -0.97 0.49 -0.26 0.89 -1.01 0.07 1.08 0.48 1.05 0.39 1.1 -0.78 -0.835 0.465 -0.424 0.856 -0.935 0.012 0.884 0.297 0.803 0.308 0.839 -0.858 -0.988 0.356 -0.5176 0.9024 -0.994 0.0488000000000001 1.0576 0.3588 0.9712 0.3332 0.8456
-0.5 -0.45 0.52 1.8 1.05 2.15 -1.94 -1.94 -1.85 -1.28 -0.0600000000000001 -2.03 1.03 0.0800000000000001 1.89 -0.357128463817097 -0.425414851623546 0.9842658368783 -0.82 -0.47 -1.01 1.24 0.89 0.99 0.57 0.08 0.98 -0.45 -0.11 -0.9 -0.78 -0.385 -0.885 0.926 0.856 0.865 0.462 -0.016 0.747 -0.547 -0.142 -0.961 0.942 0.542 1.066 -1.0176 -1.0376 -0.924 -0.7512 0.0376 -1.1912 0.5612 -0.0668 0.8156
-0.5 -0.45 -0.48 -2.2 1.05 -1.85 0.0600000000000001 -1.94 -0.85 -1.28 1.94 -1.03 0.03 -0.92 1.89 0.0251601242602662 -0.348404650734115 -0.539633689679837 1.18 -0.47 0.99 0.24 0.89 0.49 0.57 -0.92 0.48 0.05 0.39 -0.9 1.02 -0.385 0.915 0.026 0.856 0.415 0.462 -0.916 0.297 -0.097 0.308 -0.961 1.062 -0.508 0.836 -0.0376 0.9024 0.446 0.5288 -0.8624 0.3588 0.0112 0.3332 -1.0744
0.5 0.55 0.52 -2.2 -1.95 1.15 -1.94 2.06 -0.85 1.72 -0.0600000000000001 -2.03 -1.97 -1.92 0.89 2.00602836551626 1.69754227500535 1.58708237027775 -1.02 -0.92 0.64 -0.7 0.95 -0.36 0.79 0.02 -1.05 -0.92 -1.03 0.49 -1.18 -0.985 0.715 -1.014 1.116 -0.435 0.832 -0.076 -1.283 -1.167 -1.162 0.379 -1.138 -1.018 0.546 -1.0176 1.0424 -0.404 0.8088 0.0376 -1.1912 -0.9988 -1.1068 0.2956
0.5 0.55 0.52 1.8 -1.95 2.15 -0.94 2.06 0.15 1.72 -0.0600000000000001 -1.03 0.03 2.08 -0.11 0.569057925402547 1.42926939698231 2.04891338668036 0.98 -0.92 1.14 -0.2 0.95 0.14 0.79 0.02 -0.55 0.08 0.97 -0.01 1.02 -0.985 1.265 -0.464 1.116 0.115 0.832 -0.076 -0.733 -0.067 1.038 -0.171 0.942 -1.018 1.066 -0.4976 1.0424 0.116 0.8088 0.0376 -0.6712 0.0412 0.9732 -0.2244
0.5 -0.45 -0.48 0.8 2.05 2.15 -0.94 -0.94 2.15 0.72 -1.06 -1.03 1.03 0.0800000000000001 0.89 1.97476537629393 1.21071801472169 2.25933768322816 0.48 1.08 1.14 -0.2 -0.55 1.14 0.29 -0.48 -0.55 0.58 -0.03 0.49 -0.33 -0.835 -0.885 0.476 0.406 -0.935 -0.438 0.434 0.297 -0.547 -0.142 -0.511 -0.378 -0.988 -1.084 0.4424 0.4224 -0.994 -0.4312 0.5776 0.3588 -0.4688 -0.1468 -0.5944
-0.5 -0.45 -0.48 1.8 2.05 1.15 1.06 -1.94 1.15 -1.28 1.94 -1.03 -1.97 2.08 1.89 0.933063038113626 2.24305695034274 1.47788557682027 -0.82 -0.97 -0.51 -0.26 0.89 -0.51 0.57 -0.92 0.48 1.05 -1.11 -0.9 -0.78 -0.835 -0.435 -0.424 0.856 -0.485 0.462 -0.916 0.297 0.803 -1.042 -0.961 -0.858 -0.988 -0.604 -0.5176 0.9024 -0.514 0.5288 -0.8624 0.3588 0.9712 -1.1068 -1.0744
0.5 -0.45 0.52 -1.2 -0.95 1.15 0.0600000000000001 2.06 0.15 -1.28 -1.06 -0.0299999999999998 -1.97 1.08 0.89 0.406307566142282 1.17113870432246 3.11061438356105 -0.52 -0.42 0.64 0.3 0.95 0.14 -0.71 -0.48 -0.05 -0.92 0.47 0.49 0.57 0.515 -0.435 0.026 -0.944 -0.035 0.462 0.434 -0.153 0.803 -0.592 -0.511 -0.618 -0.498 0.546 0.0224 1.0424 0.116 -0.7512 -0.4824 -0.1512 -0.9988 0.4532 0.2956
-0.5 -0.45 -0.48 -1.2 -1.95 -0.85 2.06 -1.94 2.15 -1.28 -1.06 1.97 0.03 -0.92 -1.11 -0.369184354997002 1.62502606331275 0.764092196700288 0.68 1.03 0.49 -0.76 0.89 -1.01 0.57 0.58 -1.02 0.05 0.39 0.6 0.57 0.965 0.465 -0.874 0.856 -0.935 0.462 0.434 -1.053 -0.097 0.308 0.389 0.582 0.932 0.356 -0.9976 0.9024 -0.994 0.5288 0.5776 -1.0812 0.0112 0.3332 0.3656
0.5 0.55 -0.48 -0.2 2.05 -1.85 -0.94 2.06 -1.85 -0.28 1.94 -2.03 -1.97 0.0800000000000001 -1.11 0.0896748721064067 -0.182576784257966 -0.0783416120959352 -0.02 1.08 -0.86 -0.2 0.95 -0.86 -0.21 1.02 -1.05 -0.92 -0.03 -0.51 -0.08 1.215 -0.935 -0.464 1.116 -0.985 -0.268 1.024 -1.283 -1.167 -0.062 -0.721 0.102 -0.988 0.836 0.4424 -1.0176 0.926 0.0488000000000001 -0.8624 0.8388 0.9712 -0.1468 0.3656
-0.5 -0.45 0.52 -0.2 2.05 -1.85 1.06 0.0600000000000001 -1.85 -2.28 -2.06 -0.0299999999999998 0.03 -1.92 -1.11 -0.982058949132992 0.286441718017255 -0.00644074445291762 0.18 -0.97 0.99 -0.26 -0.11 0.99 1.07 1.08 -0.02 0.05 0.89 0.6 0.12 -0.835 0.915 -0.424 -0.044 0.865 0.912 0.884 -0.153 -0.097 0.758 0.389 -0.098 1.062 -1.014 0.5424 0.00239999999999999 -0.924 -1.2712 -1.0024 -0.1512 0.0412 -1.1068 -0.7444
-0.5 -0.45 -0.48 1.8 -0.95 2.15 -0.94 -1.94 1.15 -2.28 0.94 1.97 -1.97 -0.92 -2.11 0.922095966776352 2.79286711009531 1.27076047765488 -0.82 0.53 -1.01 0.74 0.89 -0.51 1.07 -0.42 -1.02 1.05 0.39 1.1 -0.78 0.515 -0.885 0.476 0.856 -0.485 0.912 -0.466 -1.053 0.803 0.308 0.839 -0.858 0.452 -1.084 0.4424 0.9024 -0.514 1.0088 -0.3824 -1.0812 0.9712 0.3332 0.8456
0.5 0.55 -0.48 0.8 1.05 0.15 -1.94 2.06 -1.85 0.72 -2.06 1.97 1.03 -1.92 -1.11 2.60311045161264 2.07313157792569 2.54871490602257 0.48 0.58 0.14 -0.7 0.95 -0.86 0.29 -0.98 0.95 0.58 -1.03 -0.51 0.47 0.665 0.165 -1.014 1.116 -0.985 0.282 -1.176 0.917 0.483 -1.162 -0.721 -0.378 -0.508 -0.124 0.9224 -1.0176 0.926 -0.4312 1.0576 -1.0812 -0.4688 0.8132 0.3656
-0.5 0.55 -0.48 -0.2 -0.95 0.15 -1.94 0.0600000000000001 0.15 -0.28 0.94 -0.0299999999999998 -0.97 1.08 1.89 0.428127809338327 -0.579180021713044 -0.075467133356074 0.18 0.53 -0.01 1.24 -0.11 -0.01 0.07 -0.42 -0.02 0.55 -0.61 -0.9 -0.08 -0.435 0.165 -1.014 0.016 0.115 -0.268 0.474 -0.183 -0.617 0.488 0.929 0.102 0.452 -0.124 0.9224 -0.0576 -0.034 0.0488000000000001 -0.3824 -0.1212 0.4912 -0.6268 -1.0744
0.5 -0.45 0.52 1.8 2.05 -1.85 0.0600000000000001 1.06 0.15 1.72 -2.06 -0.0299999999999998 2.03 1.08 1.89 1.05491823134601 0.769981180178676 2.12945991709398 0.98 1.08 -0.86 0.3 0.45 0.14 0.79 -0.98 -0.05 1.08 0.47 0.99 -0.78 -0.835 0.915 0.026 -0.494 -0.035 -0.888 0.884 -0.153 -0.997 -0.592 -0.961 0.942 1.062 -1.014 0.0224 0.5224 0.116 0.8088 -1.0024 -0.1512 1.0812 0.4532 0.8156
0.5 -0.45 -0.48 1.8 -1.95 -0.85 1.06 2.06 -1.85 -2.28 1.94 -2.03 -1.97 1.08 -0.11 0.995318031980561 -1.23152576466462 -1.05444630023188 0.98 -0.92 -0.36 0.8 0.95 -0.86 -1.21 1.02 -1.05 -0.92 0.47 -0.01 -0.78 0.965 0.465 -0.424 -0.944 0.865 0.912 -0.916 0.747 0.803 -0.592 -0.061 -0.858 0.932 0.356 -0.5176 -1.0176 0.926 1.0088 -0.8624 0.8388 0.9712 -0.6268 -0.1144
-0.5 0.55 0.52 -0.2 -0.95 2.15 2.06 1.06 0.15 1.72 1.94 0.97 1.03 2.08 1.89 2.42149799144155 1.02456998624511 2.05466028989031 0.18 0.53 -1.01 -0.76 -0.61 -0.01 -0.93 -0.92 -0.52 -0.45 -1.11 -0.9 -0.08 -0.435 1.265 1.186 0.566 0.115 0.832 1.024 0.367 0.483 1.038 0.929 -0.098 -0.498 1.066 1.0624 0.5224 0.116 0.8088 1.0776 0.3688 0.5612 0.9732 0.8156
0.5 0.55 0.52 -1.2 1.05 2.15 2.06 1.06 1.15 1.72 -0.0600000000000001 1.97 1.03 1.08 1.89 -0.202259875792789 1.3419246864443 -0.489937141819409 -0.52 0.58 1.14 1.3 0.45 0.64 0.79 0.02 0.95 0.58 0.47 0.99 -0.63 0.665 1.265 1.186 0.566 0.665 0.832 -0.076 0.917 0.483 0.488 0.929 -0.618 0.542 1.066 1.0624 0.5224 0.636 0.8088 0.0376 0.8888 0.5612 0.4532 0.8156
-0.5 -0.45 -0.48 1.8 -0.95 2.15 2.06 -1.94 -1.85 -0.28 -0.0600000000000001 1.97 -0.97 -0.92 0.89 0.611412100302544 1.67149482326833 -0.0201181838674588 -0.82 0.53 -1.01 -0.76 0.89 0.99 0.07 0.08 -1.02 0.55 0.39 -0.4 -0.78 0.515 -0.885 -0.874 0.856 0.865 0.012 -0.016 -1.053 0.353 0.308 -0.511 -0.858 0.452 -1.084 -0.9976 0.9024 0.926 0.0488000000000001 0.0976 -1.0812 0.4912 0.3332 -0.5944
0.5 0.55 0.52 1.8 1.05 2.15 0.0600000000000001 -1.94 -0.85 1.72 1.94 1.97 2.03 1.08 1.89 0.473988999589745 0.180653079559478 0.596731262531933 0.98 0.58 1.14 0.3 -1.05 -0.36 0.79 1.02 0.95 1.08 0.47 0.99 1.02 0.665 1.265 0.086 -1.084 -0.435 0.832 1.024 0.917 1.033 0.488 0.929 0.942 0.542 1.066 0.0224 -1.0376 -0.404 0.8088 1.0776 0.8888 1.0812 0.4532 0.8156
-0.5 -0.45 -0.48 -2.2 -0.95 1.15 2.06 0.0600000000000001 1.15 1.72 0.94 -0.0299999999999998 0.03 1.08 0.89 -0.598878241087025 -0.109277084619575 0.700764711440294 1.18 0.53 -0.51 -0.76 -0.11 -0.51 -0.93 -0.42 -0.02 0.05 -0.61 -0.4 1.02 0.515 -0.435 -0.874 -0.044 -0.485 -0.888 -0.466 -0.153 -0.097 -0.592 -0.511 1.062 0.452 -0.604 -0.9976 -0.0576 -0.514 -0.9112 -0.3824 -0.1212 0.0112 -0.6268 -0.5944
0.5 0.55 0.52 -0.2 1.05 2.15 -1.94 0.0600000000000001 0.15 -1.28 -2.06 -0.0299999999999998 2.03 2.08 -1.11 0.91914475886298 1.58591560779952 2.21158521634481 -0.02 0.58 1.14 -0.7 -0.05 0.14 -0.71 -0.98 -0.05 1.08 0.97 -0.51 -0.08 0.665 1.265 -1.014 0.016 0.115 -0.818 -1.176 -0.183 1.033 1.038 -0.721 -0.098 0.542 1.066 -1.0176 0.00239999999999999 0.116 -0.7512 -1.0024 -0.1512 1.0812 0.9732 -0.7444
-0.5 -0.45 -0.48 -2.2 1.05 -0.85 -1.94 2.06 -1.85 -0.28 -1.06 -1.03 -0.97 -0.92 -0.11 0.116033408120068 0.10690936397695 1.53267796084837 1.18 -0.47 0.49 1.24 -1.11 0.99 0.07 0.58 0.48 0.55 0.39 0.1 1.02 -0.385 0.465 0.926 -0.944 0.865 0.012 0.434 0.297 0.353 0.308 -0.061 1.062 -0.508 0.356 0.9224 -1.0176 0.926 0.0488000000000001 0.5776 0.3588 0.4912 0.3332 -0.1144
0.5 -0.45 -0.48 0.8 1.05 2.15 -1.94 -1.94 -0.85 -2.28 -2.06 -1.03 0.03 -1.92 -2.11 0.405768761376594 -0.243171732875012 0.636631327571205 0.48 0.58 1.14 -0.7 -1.05 -0.36 -1.21 -0.98 -0.55 0.08 -1.03 -1.01 -0.33 -0.385 -0.885 0.926 0.856 0.415 0.912 0.884 0.297 -0.097 0.758 0.839 -0.378 -0.508 -1.084 0.9224 0.9024 0.446 1.0088 1.0576 0.3588 0.0112 0.8132 0.8456
-0.5 -0.45 -0.48 1.8 2.05 1.15 0.0600000000000001 2.06 2.15 -0.28 1.94 -0.0299999999999998 2.03 0.0800000000000001 -0.11 0.949406976594632 0.220515107910165 1.35469940634809 -0.82 -0.97 -0.51 0.24 -1.11 -1.01 0.07 -0.92 -0.02 -0.95 -0.11 0.1 -0.78 -0.835 -0.435 0.026 -0.944 -0.935 0.012 -0.916 -0.153 -0.997 -0.142 -0.061 -0.858 -0.988 -0.604 -0.0376 -1.0176 -0.994 0.0488000000000001 -0.8624 -0.1212 -0.9488 -0.1468 -0.1144
0.5 -0.45 -0.48 -2.2 -1.95 0.15 -1.94 -0.94 -0.85 1.72 1.94 -2.03 -1.97 0.0800000000000001 -0.11 0.0497064212603654 -0.572835258543307 -0.617359276906056 -1.02 -0.92 0.14 -0.7 -0.55 -0.36 0.79 1.02 -1.05 -0.92 -0.03 -0.01 1.02 0.965 0.015 0.926 0.406 0.415 -0.888 -0.916 0.747 0.803 -0.142 -0.061 1.062 0.932 -0.124 0.9224 0.4224 0.446 -0.9112 -0.8624 0.8388 0.9712 -0.1468 -0.1144
-0.5 0.55 0.52 -2.2 1.05 0.15 -0.94 -1.94 -1.85 0.72 -0.0600000000000001 0.97 -1.97 -1.92 -1.11 0.840046459651542 0.667114734950352 0.695413007066475 1.18 -0.47 -0.01 0.74 0.89 0.99 -0.43 0.08 -0.52 1.05 0.89 0.6 -1.18 0.665 0.165 -0.464 -1.084 -0.985 0.282 -0.076 0.367 -1.167 -1.162 -0.721 -1.138 0.542 0.026 -0.4976 -1.0376 -0.924 0.2888 0.0376 0.3688 -0.9988 -1.1068 -0.7444
-0.5 -0.45 -0.48 1.8 2.05 -1.85 2.06 -0.94 2.15 1.72 -0.0600000000000001 -0.0299999999999998 2.03 2.08 1.89 0.331675175423281 -0.312594821614158 -0.0402537564665647 -0.82 -0.97 0.99 -0.76 0.39 -1.01 -0.93 0.08 -0.02 -0.95 -1.11 -0.9 -0.78 -0.835 0.915 -0.874 0.406 -0.935 -0.888 -0.016 -0.153 -0.997 -1.042 -0.961 -0.858 -0.988 0.836 -0.9976 0.4224 -0.994 -0.9112 0.0976 -0.1212 -0.9488 -1.1068 -1.0744
-0.5 0.55 -0.48 -2.2 1.05 -1.85 -0.94 1.06 -0.85 1.72 -0.0600000000000001 1.97 2.03 2.08 1.89 0.665813924418347 1.74563892522139 1.32644716173871 1.18 -0.47 0.99 0.74 -0.61 0.49 -0.93 0.08 -1.02 -0.95 -1.11 -0.9 -1.18 0.665 -0.935 -0.464 0.566 -0.435 0.832 -0.076 0.917 1.033 1.038 0.929 1.062 -0.508 0.836 0.4424 -0.5376 0.446 -0.9112 0.0976 -1.0812 -0.9488 -1.1068 -1.0744
0.5 0.55 0.52 -2.2 0.05 0.15 -1.94 2.06 -0.85 -2.28 -2.06 0.97 -1.97 0.0800000000000001 -0.11 0.471569293755265 0.336157760287658 1.58760066556537 -1.02 0.08 0.14 -0.7 0.95 -0.36 -1.21 -0.98 0.45 -0.92 -0.03 -0.01 -1.18 0.115 0.165 -1.014 1.116 -0.435 -1.368 -1.176 0.367 -1.167 -0.062 -0.171 -1.138 0.022 0.026 -1.0176 1.0424 -0.404 -1.2712 -1.0024 0.3688 -0.9988 -0.0668 -0.2244
0.5 -0.45 0.52 0.8 2.05 -1.85 -1.94 -1.94 -1.85 -2.28 -1.06 -2.03 -1.97 -1.92 -2.11 0.356645810509334 0.307321684008435 0.677971087258144 0.48 1.08 -0.86 -0.7 -1.05 -0.86 -1.21 -0.48 -1.05 -0.92 -1.03 -1.01 -0.33 -0.835 0.915 0.926 0.856 0.865 0.912 0.434 0.747 0.803 0.758 0.839 0.422 1.062 -1.014 -1.0176 -1.0376 -0.924 -1.2712 -0.4824 -1.1912 -0.9988 -1.1068 -1.2644
-0.5 -0.45 -0.48 -0.2 -1.95 -0.85 1.06 1.06 -0.85 -2.28 1.94 -0.0299999999999998 2.03 0.0800000000000001 -1.11 -0.959604718887623 -0.343419096341316 -0.198566786256387 0.18 1.03 0.49 -0.26 -0.61 0.49 1.07 -0.92 -0.02 -0.95 -0.11 0.6 0.12 0.965 0.465 -0.424 -0.494 0.415 0.912 -0.916 -0.153 -0.997 -0.142 0.389 0.102 0.932 0.356 -0.5176 -0.5376 0.446 1.0088 -0.8624 -0.1212 -0.9488 -0.1468 0.3656
0.5 -0.45 0.52 1.8 0.05 -1.85 1.06 1.06 -1.85 1.72 0.94 1.97 2.03 1.08 0.89 1.69596046775493 1.51755187535993 2.12312659563495 0.98 0.08 -0.86 0.8 0.45 -0.86 0.79 0.52 0.95 1.08 0.47 0.49 -0.78 0.065 0.915 -0.424 -0.494 0.865 -0.888 -0.466 -1.053 -0.997 -0.592 -0.511 0.942 0.022 -1.014 0.5424 0.5224 -0.924 0.8088 0.5576 0.8888 1.0812 0.4532 0.2956
0.5 -0.45 -0.48 -0.2 -1.95 1.15 -1.94 0.0600000000000001 1.15 -1.28 1.94 -1.03 1.03 2.08 1.89 0.101538935035717 0.403597111903963 0.292756496837669 -0.02 -0.92 0.64 -0.7 -0.05 0.64 -0.71 1.02 -0.55 0.58 0.97 0.99 0.12 0.965 -0.435 0.926 -0.044 -0.485 0.462 -0.916 0.297 -0.547 -1.042 -0.961 0.102 0.932 -0.604 0.9224 -0.0576 -0.514 0.5288 -0.8624 0.3588 -0.4688 -1.1068 -1.0744
-0.5 -0.45 0.52 1.8 1.05 1.15 2.06 0.0600000000000001 -1.85 -2.28 -2.06 0.97 -1.97 0.0800000000000001 -0.11 0.354799553404194 0.735143609427116 1.30722352261249 -0.82 -0.47 -0.51 -0.76 -0.11 0.99 1.07 1.08 -0.52 1.05 -0.11 0.1 -0.78 -0.385 -0.435 -0.874 -0.044 0.865 0.912 0.884 -0.603 0.803 -0.142 -0.061 0.942 0.542 0.546 1.0624 0.00239999999999999 -0.924 -1.2712 -1.0024 0.3688 -0.9988 -0.0668 -0.2244
0.5 0.55 0.52 0.8 -1.95 2.15 2.06 -0.94 0.15 1.72 -2.06 1.97 2.03 -0.92 -1.11 0.569294103006213 1.33922844558171 1.93437657007922 0.48 -0.92 1.14 1.3 -0.55 0.14 0.79 -0.98 0.95 1.08 -0.53 -0.51 0.47 -0.985 1.265 1.186 -0.534 0.115 0.832 -1.176 0.917 1.033 -0.612 -0.721 0.422 -1.018 1.066 1.0624 -0.5176 0.116 0.8088 -1.0024 0.8888 1.0812 -0.5868 -0.7444
0.5 -0.45 -0.48 0.8 -1.95 -1.85 -0.94 1.06 0.15 0.72 -1.06 -2.03 -1.97 -1.92 -2.11 1.21242883241475 1.05369728455799 1.83061425718368 0.48 -0.92 -0.86 -0.2 0.45 0.14 0.29 -0.48 -1.05 -0.92 -1.03 -1.01 -0.33 0.965 0.915 0.476 -0.494 -0.035 -0.438 0.434 0.747 0.803 0.758 0.839 -0.378 0.932 0.836 0.4424 -0.5376 -0.034 -0.4312 0.5776 0.8388 0.9712 0.8132 0.8456
-0.5 0.55 0.52 -2.2 -0.95 -1.85 -1.94 0.0600000000000001 1.15 -0.28 -1.06 -2.03 0.03 -0.92 -2.11 2.24871768533264 1.07470477047872 2.00667610467295 1.18 0.53 0.99 1.24 -0.11 -0.51 0.07 0.58 0.98 0.05 0.39 1.1 -1.18 -0.435 -0.935 -1.014 0.016 0.665 -0.268 -0.626 -1.283 -0.067 -0.612 -1.271 -1.138 -0.498 -1.014 -1.0176 0.00239999999999999 0.636 -0.2312 -0.4824 -1.1912 0.0412 -0.5868 -1.2644
0.5 -0.45 -0.48 -0.2 0.05 2.15 0.0600000000000001 -0.94 0.15 -0.28 1.94 1.97 1.03 2.08 1.89 0.0492099504795517 0.209297144253196 -0.0310197958365732 -0.02 0.08 1.14 0.3 -0.55 0.14 -0.21 1.02 0.95 0.58 0.97 0.99 0.12 0.065 -0.885 0.026 0.406 -0.035 0.012 -0.916 -1.053 -0.547 -1.042 -0.961 0.102 -0.028 -1.084 -0.0376 0.4224 -0.034 0.0488000000000001 -0.8624 -1.0812 -0.4688 -1.1068 -1.0744
-0.5 0.55 0.52 1.8 2.05 1.15 2.06 1.06 -0.85 -1.28 1.94 1.97 1.03 2.08 1.89 1.86872019322052 2.25460462328986 2.48375324241335 -0.82 -0.97 -0.51 -0.76 -0.61 0.49 0.57 -0.92 -1.02 -0.45 -1.11 -0.9 1.02 1.215 0.715 1.186 0.566 -0.435 -0.818 1.024 0.917 0.483 1.038 0.929 0.942 1.062 0.546 1.0624 0.5224 -0.404 -0.7512 1.0776 0.8888 0.5612 0.9732 0.8156
-0.5 -0.45 0.52 -2.2 0.05 0.15 2.06 -1.94 -1.85 -1.28 -0.0600000000000001 -2.03 -1.97 -0.92 -2.11 0.642658012608961 -0.571066389778643 0.948488828338321 1.18 0.03 -0.01 -0.76 0.89 0.99 0.57 0.08 0.98 1.05 0.39 1.1 1.02 0.065 0.015 -0.874 0.856 0.865 0.462 -0.016 0.747 0.803 0.308 0.839 -1.138 0.022 0.026 1.0624 -1.0376 -0.924 -0.7512 0.0376 -1.1912 -0.9988 -0.5868 -1.2644
0.5 -0.45 -0.48 -1.2 2.05 -1.85 -1.94 0.0600000000000001 2.15 0.72 -2.06 -2.03 -1.97 -0.92 -2.11 -0.4149893098822 0.0145574999050946 0.0068082546015179 -0.52 1.08 -0.86 -0.7 -0.05 1.14 0.29 -0.98 -1.05 -0.92 -0.53 -1.01 0.57 -0.835 0.915 0.926 -0.044 -0.935 -0.438 0.884 0.747 0.803 0.308 0.839 0.582 -0.988 0.836 0.9224 -0.0576 -0.994 -0.4312 1.0576 0.8388 0.9712 0.3332 0.8456
0.5 0.55 0.52 -2.2 -1.95 -0.85 -0.94 2.06 2.15 1.72 1.94 1.97 -0.97 2.08 1.89 1.85267014282685 1.56507733877161 2.52370729027198 -1.02 -0.92 -0.36 -0.2 0.95 1.14 0.79 1.02 0.95 -0.42 0.97 0.99 -1.18 -0.985 -0.385 -0.464 1.116 1.215 0.832 1.024 0.917 -0.617 1.038 0.929 -1.138 -1.018 -0.494 -0.4976 1.0424 1.156 0.8088 1.0776 0.8888 -0.4788 0.9732 0.8156
-0.5 -0.45 -0.48 0.8 -1.95 2.15 0.0600000000000001 1.06 -0.85 1.72 -1.06 -0.0299999999999998 2.03 -0.92 1.89 0.831126504322662 1.65225341457401 1.01662623722579 -0.32 1.03 -1.01 0.24 -0.61 0.49 -0.93 0.58 -0.02 -0.95 0.39 -0.9 -0.33 0.965 -0.885 0.026 -0.494 0.415 -0.888 0.434 -0.153 -0.997 0.308 -0.961 -0.378 0.932 -1.084 -0.0376 -0.5376 0.446 -0.9112 0.5776 -0.1212 -0.9488 0.3332 -1.0744
0.5 0.55 0.52 -0.2 -1.95 2.15 -1.94 -0.94 1.15 1.72 -1.06 0.97 2.03 -1.92 0.89 1.3687934711548 1.3467780925993 1.07361789122866 -0.02 -0.92 1.14 -0.7 -0.55 0.64 0.79 -0.48 0.45 1.08 -1.03 0.49 -0.08 -0.985 1.265 -1.014 -0.534 0.665 0.832 -0.626 0.367 1.033 -1.162 0.379 -0.098 -1.018 1.066 -1.0176 -0.5176 0.636 0.8088 -0.4824 0.3688 1.0812 -1.1068 0.2956
0.5 0.55 -0.48 0.8 -1.95 -1.85 -1.94 -0.94 0.15 -2.28 -2.06 -2.03 -1.97 -1.92 -2.11 1.14089508812777 0.410096550759279 1.14482402465672 0.48 -0.92 -0.86 -0.7 -0.55 0.14 -1.21 -0.98 -1.05 -0.92 -1.03 -1.01 0.47 -0.985 -0.935 -1.014 -0.534 0.115 -1.368 -1.176 -1.283 -1.167 -1.162 -1.271 -0.378 0.932 0.836 0.9224 0.4224 -0.034 1.0088 1.0576 0.8388 0.9712 0.8132 0.8456
0.5 0.55 0.52 -2.2 -0.95 -1.85 1.06 -0.94 0.15 1.72 -2.06 1.97 1.03 2.08 1.89 -0.234098328550637 0.124966883808248 -0.0281814628392774 -1.02 -0.42 -0.86 0.8 -0.55 0.14 0.79 -0.98 0.95 0.58 0.97 0.99 -1.18 -0.435 -0.935 0.636 -0.534 0.115 0.832 -1.176 0.917 0.483 1.038 0.929 -1.138 -0.498 -1.014 0.5424 -0.5176 0.116 0.8088 -1.0024 0.8888 0.5612 0.9732 0.8156
0.5 0.55 0.52 1.8 2.05 -1.85 -1.94 2.06 2.15 0.72 1.94 1.97 2.03 2.08 1.89 1.38167413262222 2.28768706242809 2.64150414942843 0.98 1.08 -0.86 -0.7 0.95 1.14 0.29 1.02 0.95 1.08 0.97 0.99 1.02 1.215 -0.935 -1.014 1.116 1.215 0.282 1.024 0.917 1.033 1.038 0.929 0.942 1.062 -1.014 -1.0176 1.0424 1.156 0.2888 1.0776 0.8888 1.0812 0.9732 0.8156
-0.5 -0.45 -0.48 -1.2 -0.95 -1.85 -0.94 -1.94 -0.85 -2.28 -0.0600000000000001 -2.03 -1.97 -1.92 -0.11 0.356396313406514 0.521572587460193 0.24079808843776 0.68 0.53 0.99 0.74 0.89 0.49 1.07 0.08 0.98 1.05 0.89 0.1 0.57 0.515 0.915 0.476 0.856 0.415 0.912 -0.016 0.747 0.803 0.758 -0.061 0.582 0.452 0.836 0.4424 0.9024 0.446 1.0088 0.0976 0.8388 0.9712 0.8132 -0.1144
0.5 0.55 0.52 1.8 -1.95 -1.85 1.06 -0.94 -1.85 -2.28 -1.06 -2.03 0.03 -1.92 -1.11 0.274393680370513 1.12065545814865 0.197491970408524 0.98 -0.92 -0.86 0.8 -0.55 -0.86 -1.21 -0.48 -1.05 0.08 -1.03 -0.51 1.02 -0.985 -0.935 0.636 -0.534 -0.985 -1.368 -0.626 -1.283 -0.067 -1.162 -0.721 0.942 -1.018 -1.014 0.5424 -0.5176 -0.924 -1.2712 -0.4824 -1.1912 0.0412 -1.1068 -0.7444
-0.5 -0.45 -0.48 -0.2 2.05 0.15 2.06 -0.94 2.15 -1.28 -0.0600000000000001 1.97 0.03 -1.92 -1.11 -0.189570224947533 -0.83148567380464 -1.20335304752391 0.18 -0.97 -0.01 -0.76 0.39 -1.01 0.57 0.08 -1.02 0.05 0.89 0.6 0.12 -0.835 0.015 -0.874 0.406 -0.935 0.462 -0.016 -1.053 -0.097 0.758 0.389 0.102 -0.988 -0.124 -0.9976 0.4224 -0.994 0.5288 0.0976 -1.0812 0.0112 0.8132 0.3656
-0.5 -0.45 0.52 1.8 2.05 2.15 0.0600000000000001 -0.94 1.15 1.72 1.94 -2.03 2.03 -1.92 -0.11 0.709676354142735 0.557925649372483 2.09519049508683 -0.82 -0.97 -1.01 0.24 0.39 -0.51 -0.93 -0.92 0.98 -0.95 0.89 0.1 -0.78 -0.835 -0.885 0.026 0.406 -0.485 -0.888 -0.916 0.747 -0.997 0.758 -0.061 0.942 1.062 1.066 0.0224 -0.5176 0.636 0.8088 1.0776 -1.1912 1.0812 -1.1068 -0.2244
0.5 -0.45 -0.48 -2.2 -1.95 2.15 -1.94 2.06 -1.85 -2.28 -1.06 -1.03 2.03 -1.92 -2.11 0.684937561248855 1.17526270958309 0.59859146211213 -1.02 -0.92 1.14 -0.7 0.95 -0.86 -1.21 -0.48 -0.55 1.08 -1.03 -1.01 1.02 0.965 -0.885 0.926 -0.944 0.865 0.912 0.434 0.297 -0.997 0.758 0.839 1.062 0.932 -1.084 0.9224 -1.0176 0.926 1.0088 0.5776 0.3588 -0.9488 0.8132 0.8456
0.5 0.55 -0.48 -1.2 -1.95 -0.85 -1.94 -1.94 -1.85 0.72 -2.06 -2.03 -1.97 -1.92 -2.11 -1.12626735134452 -0.59880353103028 -0.201941349637283 -0.52 -0.92 -0.36 -0.7 -1.05 -0.86 0.29 -0.98 -1.05 -0.92 -1.03 -1.01 -0.63 -0.985 -0.385 -1.014 -1.084 -0.985 0.282 -1.176 -1.283 -1.167 -1.162 -1.271 0.582 0.932 0.356 0.9224 0.9024 0.926 -0.4312 1.0576 0.8388 0.9712 0.8132 0.8456
-0.5 0.55 0.52 -2.2 1.05 0.15 2.06 2.06 -1.85 -1.28 1.94 0.97 -1.97 1.08 1.89 1.24418844349946 1.07966564752399 2.14895846383326 1.18 -0.47 -0.01 -0.76 -1.11 0.99 0.57 -0.92 -0.52 1.05 -0.61 -0.9 -1.18 0.665 0.165 1.186 1.116 -0.985 -0.818 1.024 0.367 -1.167 0.488 0.929 -1.138 0.542 0.026 1.0624 1.0424 -0.924 -0.7512 1.0776 0.3688 -0.9988 0.4532 0.8156
0.5 -0.45 -0.48 0.8 2.05 -1.85 -1.94 -1.94 2.15 1.72 -0.0600000000000001 1.97 0.03 2.08 -2.11 0.568201547206284 1.16232818079003 2.06947420618769 0.48 1.08 -0.86 -0.7 -1.05 1.14 0.79 0.02 0.95 0.08 0.97 -1.01 -0.33 -0.835 0.915 0.926 0.856 -0.935 -0.888 -0.016 -1.053 -0.097 -1.042 0.839 -0.378 -0.988 0.836 0.9224 0.9024 -0.994 -0.9112 0.0976 -1.0812 0.0112 -1.1068 0.8456
-0.5 0.55 -0.48 -2.2 0.05 -1.85 2.06 -1.94 1.15 -2.28 1.94 -1.03 2.03 -0.92 0.89 1.15422166195519 1.61491861976019 1.77904234669934 1.18 0.03 0.99 -0.76 0.89 -0.51 1.07 -0.92 0.48 -0.95 0.39 -0.4 -1.18 0.115 -0.935 1.186 -1.084 0.665 -1.368 1.024 -0.733 1.033 -0.612 0.379 1.062 -0.028 0.836 -0.9976 0.9024 -0.514 1.0088 -0.8624 0.3588 -0.9488 0.3332 -0.5944
-0.5 0.55 -0.48 -0.2 0.05 -1.85 0.0600000000000001 1.06 2.15 -0.28 -0.0600000000000001 -1.03 2.03 0.0800000000000001 -1.11 1.2590678640785 1.62613474635832 2.97526758856647 0.18 0.03 0.99 0.24 -0.61 -1.01 0.07 0.08 0.48 -0.95 -0.11 0.6 -0.08 0.115 -0.935 0.086 0.566 1.215 -0.268 -0.076 -0.733 1.033 -0.062 -0.721 0.102 -0.028 0.836 -0.0376 -0.5376 -0.994 0.0488000000000001 0.0976 0.3588 -0.9488 -0.1468 0.3656
0.5 -0.45 0.52 -2.2 -1.95 -0.85 2.06 1.06 2.15 -1.28 0.94 0.97 0.03 1.08 -0.11 -0.319146386783102 -0.516551455992296 0.456031537678138 -1.02 -0.92 -0.36 1.3 0.45 1.14 -0.71 0.52 0.45 0.08 0.47 -0.01 1.02 0.965 0.465 -0.874 -0.494 -0.935 0.462 -0.466 -0.603 -0.097 -0.592 -0.061 -1.138 -1.018 -0.494 1.0624 0.5224 1.156 -0.7512 0.5576 0.3688 0.0412 0.4532 -0.2244
0.5 0.55 0.52 -2.2 -0.95 -0.85 2.06 -1.94 0.15 1.72 1.94 0.97 -0.97 1.08 0.89 0.749141801639281 -0.0292065978999911 1.24500758080135 -1.02 -0.42 -0.36 1.3 -1.05 0.14 0.79 1.02 0.45 -0.42 0.47 0.49 -1.18 -0.435 -0.385 1.186 -1.084 0.115 0.832 1.024 0.367 -0.617 0.488 0.379 -1.138 -0.498 -0.494 1.0624 -1.0376 0.116 0.8088 1.0776 0.3688 -0.4788 0.4532 0.2956
0.5 -0.45 -0.48 -1.2 -1.95 -1.85 0.0600000000000001 2.06 -1.85 1.72 -1.06 -1.03 1.03 0.0800000000000001 -2.11 0.680333658905155 0.355090195826258 1.04510003457627 -0.52 -0.92 -0.86 0.3 0.95 -0.86 0.79 -0.48 -0.55 0.58 -0.03 -1.01 0.57 0.965 0.915 0.026 -0.944 0.865 -0.888 0.434 0.297 -0.547 -0.142 0.839 0.582 0.932 0.836 -0.0376 -1.0176 0.926 -0.9112 0.5776 0.3588 -0.4688 -0.1468 0.8456
-0.5 -0.45 0.52 1.8 2.05 -1.85 0.0600000000000001 2.06 2.15 1.72 -2.06 -2.03 -1.97 -0.92 0.89 -0.687519770427655 0.431268536361888 -0.165894019682646 -0.82 -0.97 0.99 0.24 -1.11 -1.01 -0.93 1.08 0.98 1.05 0.39 -0.4 -0.78 -0.835 0.915 0.026 -0.944 -0.935 -0.888 0.884 0.747 0.803 0.308 -0.511 0.942 1.062 -1.014 0.0224 1.0424 1.156 0.8088 -1.0024 -1.1912 -0.9988 -0.5868 0.2956
