-0.52 -0.48 -0.47 -2.26 1.16 -1.68 -1.86 1.97 2.29 -0.16 -1.95 0.0900000000000001 2.01 -0.0899999999999999 0.97 0.0542646967002336 0.828157136767048 0.194090038916056 1.0504 -0.6264 0.8972 0.9944 -1.0388 -1.1116 0.0364 0.968 -0.0536 -1.1904 -0.0564 -0.7288 0.9896 -0.5336 0.7828 0.8056 -0.9612 -1.1284 0.0236 0.732 -0.0364 -1.1596 -0.0436 -0.5512 0.9444 -0.5904 0.7792 0.8484 -0.9718 -1.0426 -0.00960000000000001 0.893 0.0454 -1.0694 -0.0354 -0.5118
0.48 -0.48 0.53 -0.26 0.16 2.32 -1.86 -0.0299999999999998 1.29 1.84 -1.95 0.0900000000000001 0.01 -2.09 -0.0299999999999998 -0.628772965605135 1.1931952601329 1.63593703429961 -0.2496 0.0536 1.1372 -0.8656 -0.0288 0.6984 0.8364 -0.982 0.0364000000000001 -0.1404 -1.1064 -0.2388 0.0296 -0.0536 -1.1372 0.8056 -0.00119999999999999 -0.6484 -0.9364 0.732 -0.0364 -0.1996 0.9164 -0.0712 -0.2556 0.0396 1.2192 -1.0116 -0.0618 0.7174 0.8904 -1.057 0.1354 -0.1194 -1.1854 -0.0718
-0.52 -0.48 -0.47 -0.26 -1.84 -0.68 0.14 1.97 -0.71 -0.16 0.05 -1.91 1.01 -2.09 -2.03 0.694545752101917 -1.11128582255152 0.642639151846059 0.0104 0.9336 0.3772 -0.0456 -1.0388 0.4484 0.0364 -0.072 0.9864 -0.6704 0.9836 0.8312 0.0296 0.9064 0.3028 -0.1544 -0.9612 0.3116 0.0236 -0.228 0.9236 -0.6796 0.9164 0.8888 0.00440000000000003 0.8196 0.3092 -0.0916 -0.9718 0.3674 -0.00960000000000001 -0.047 0.9854 -0.5994 0.9046 0.8982
0.48 -0.48 -0.47 0.74 -0.84 2.32 -1.86 1.97 2.29 -1.16 -0.95 -0.91 1.01 1.91 -0.0299999999999998 2.05631702727025 2.62781850355098 2.00803498456727 0.2304 -0.4264 1.1372 -0.8656 0.9312 1.1784 -0.6036 -0.502 -0.4436 0.3396 0.8136 -0.2388 -0.4504 0.4264 -1.1372 0.8056 -0.9612 -1.1284 0.5036 0.252 0.4436 -0.6796 -1.0036 -0.0712 -0.4656 0.3496 -1.1008 0.8484 -0.9718 -1.0426 0.4604 0.423 0.5154 -0.5994 -0.9754 -0.0418
0.48 0.52 0.53 1.74 -0.84 2.32 1.14 -2.03 2.29 0.84 2.05 -1.91 1.01 1.91 0.97 -0.226701280057276 2.27755092074342 1.59269238106037 0.7104 -0.4264 1.1372 0.5744 -0.9888 1.1784 0.3564 0.938 -0.9236 0.3396 0.8136 0.2412 0.8096 -0.4136 1.1828 0.5056 -1.0712 1.1616 0.3836 0.862 -0.9864 0.3304 0.9064 0.4188 0.8044 -0.4904 1.2192 0.5784 -1.1218 1.2474 0.3604 1.063 -0.9246 0.4106 0.9346 0.4582
-0.52 -0.48 -0.47 0.74 -1.84 -1.68 1.14 -0.0299999999999998 -1.71 -0.16 0.05 2.09 0.01 -1.09 0.97 0.2218022467365 0.705764483542221 1.40828842793525 -0.5096 0.9336 0.8972 -0.5656 0.00119999999999998 0.9684 0.0364 -0.072 -1.0936 -0.1504 0.4636 -0.7288 -0.4504 0.9064 0.7828 -0.6344 -0.00119999999999999 0.7916 0.0236 -0.228 -0.9964 -0.1996 0.4364 -0.5512 -0.4656 0.8196 0.7792 -0.5616 -0.0318 0.8374 -0.00960000000000001 -0.047 -0.8946 -0.1294 0.4346 -0.5118
-0.52 0.52 -0.47 1.74 1.16 -1.68 0.14 1.97 0.29 -0.16 0.05 2.09 2.01 1.91 1.97 1.610847684812 0.439808382882468 1.93657715625559 -1.0296 -0.6264 0.8972 -0.0456 -1.0388 -0.0716 0.0364 -0.072 -1.0936 -1.1904 -1.0964 -1.2488 0.8096 0.6264 -0.8972 -0.0143999999999999 1.0088 0.1216 -0.1364 -0.178 1.0936 0.8504 0.9064 0.9388 -0.9356 -0.5904 0.7792 -0.0916 -0.9718 -0.1026 -0.00960000000000001 -0.047 -0.8946 -1.0694 -0.9754 -0.9818
-0.52 -0.48 -0.47 0.74 0.16 -1.68 1.14 1.97 2.29 -2.16 1.05 -0.91 -1.99 1.91 -2.03 0.287569862677949 1.8715963961504 -0.088937818861925 -0.5096 -0.1064 0.8972 -0.5656 -1.0388 -1.1116 1.0764 -0.592 0.4664 0.8896 -1.0964 0.8312 -0.4504 -0.0536 0.7828 -0.6344 -0.9612 -1.1284 0.9836 -0.708 0.4436 0.7604 -1.0036 0.8888 -0.4656 -0.1204 0.7792 -0.5616 -0.9718 -1.0426 0.9304 -0.517 0.5154 0.8106 -0.9754 0.8982
-0.52 -0.48 0.53 1.74 0.16 -0.68 -1.86 -1.03 0.29 1.84 -0.95 -1.91 -0.99 -2.09 -2.03 0.359315266269675 0.821330969529012 2.29023750467405 -1.0296 -0.1064 0.3772 0.9944 0.5212 -0.0716 -1.0036 0.448 0.9864 0.3696 0.9836 0.8312 -0.9304 -0.0536 0.3028 0.8056 0.4788 -0.1684 -0.9364 0.252 0.9236 0.2804 0.9164 0.8888 0.8044 0.0396 -0.3708 -1.0116 -0.5918 0.1874 0.8904 -0.527 -0.9246 -0.6494 -1.1854 -1.1318
0.48 -0.48 0.53 1.74 1.16 -0.68 -1.86 0.97 0.29 0.84 2.05 0.0900000000000001 -0.99 -2.09 -1.03 0.373005242276817 0.637047717058111 1.69472015336855 0.7104 0.5336 -0.3028 -0.8656 0.4512 0.2184 0.3564 0.938 0.0364000000000001 -0.6204 -1.1064 -0.7188 -0.9304 -0.5336 0.3028 0.8056 -0.4812 -0.1684 -0.4564 -1.188 -0.0364 0.2804 0.9164 0.4088 0.8044 0.5696 -0.3708 -1.0116 0.4682 0.1874 0.3604 1.063 0.1354 -0.6494 -1.1854 -0.6018
-0.52 -0.48 -0.47 -0.26 2.16 0.32 2.14 -0.0299999999999998 2.29 1.84 2.05 2.09 1.01 -1.09 0.97 2.40860730624215 2.44286283813635 2.08281408337817 0.0104 -1.1464 -0.1428 -1.0856 0.00119999999999998 -1.1116 -1.0036 -1.112 -1.0936 -0.6704 0.4636 -0.7288 0.0296 -1.0136 -0.1772 -1.1144 -0.00119999999999999 -1.1284 -0.9364 -1.188 -0.9964 -0.6796 0.4364 -0.5512 0.00440000000000003 -1.0604 -0.1608 -1.0316 -0.0318 -1.0426 -0.9496 -0.987 -0.8946 -0.5994 0.4346 -0.5118
0.48 -0.48 -0.47 1.74 2.16 2.32 2.14 -0.0299999999999998 -1.71 1.84 -1.95 0.0900000000000001 0.01 1.91 -0.0299999999999998 0.188916725398908 2.03572352226244 2.16929204339063 0.7104 1.0136 1.1372 1.0544 -0.0288 -0.7416 0.8364 -0.982 0.0364000000000001 -0.1404 0.8136 -0.2388 -0.9304 -1.0136 -1.1372 -1.1144 -0.00119999999999999 0.7916 -0.9364 0.732 -0.0364 -0.1996 -1.0036 -0.0712 -0.9356 -1.0604 -1.1008 -1.0316 -0.0318 0.8374 -0.9496 0.893 0.0454 -0.1294 -0.9754 -0.0418
-0.52 -0.48 -0.47 1.74 -0.84 1.32 2.14 -0.0299999999999998 -0.71 -0.16 -1.95 -1.91 0.01 1.91 0.97 0.201646475570095 0.103895066968139 2.02408442137141 -1.0296 0.4136 -0.6628 -1.0856 0.00119999999999998 0.4484 0.0364 0.968 0.9864 -0.1504 -1.0964 -0.7288 -0.9304 0.4264 -0.6572 -1.1144 -0.00119999999999999 0.3116 0.0236 0.732 0.9236 -0.1996 -1.0036 -0.5512 -0.9356 0.3496 -0.6308 -1.0316 -0.0318 0.3674 -0.00960000000000001 0.893 0.9854 -0.1294 -0.9754 -0.5118
0.48 0.52 0.53 1.74 -1.84 -1.68 -1.86 -1.03 -0.71 1.84 0.05 -1.91 1.01 0.91 -0.0299999999999998 0.433040388853899 1.37864323517192 1.35721652572048 0.7104 -0.9064 -0.7828 -0.8656 -0.5088 -0.2616 0.8364 -0.022 -0.9236 0.3396 0.3336 -0.2388 0.8096 -0.9336 -0.8972 -1.0544 -0.5512 -0.3984 0.9036 -0.178 -0.9864 0.3304 0.3864 -0.1012 0.8044 -1.0204 -0.9008 -1.0116 -0.5918 -0.3426 0.8904 0.00300000000000002 -0.9246 0.4106 0.4046 -0.0718
-0.52 0.52 0.53 1.74 2.16 2.32 -0.86 1.97 2.29 1.84 1.05 1.09 1.01 1.91 -1.03 0.372577409082178 1.00789231562706 1.57961174798539 -1.0296 -1.1464 -1.1828 0.4744 -1.0388 -1.1116 -1.0036 -0.592 -0.5736 -0.6704 -1.0964 0.3112 0.8096 1.1464 1.1828 -0.5344 1.0088 1.1616 0.9036 0.342 0.5736 0.3304 0.9064 -0.6212 0.8044 1.0996 1.2192 -0.4816 0.9982 1.2474 0.8904 0.533 0.6654 0.4106 0.9346 -0.6018
0.48 -0.48 -0.47 1.74 2.16 -1.68 -1.86 1.97 -1.71 1.84 1.05 2.09 1.01 0.91 0.97 -0.903207750560863 0.0135879391406245 -0.836762312033601 0.7104 1.0136 -0.7828 -0.8656 0.9312 -0.7416 0.8364 0.458 0.9964 0.3396 0.3336 0.2412 -0.9304 -1.0136 0.7828 0.8056 -0.9612 0.7916 -0.9364 -0.708 -0.9964 -0.6796 -0.5236 -0.5512 -0.9356 -1.0604 0.7792 0.8484 -0.9718 0.8374 -0.9496 -0.517 -0.8946 -0.5994 -0.5054 -0.5118
-0.52 -0.48 -0.47 -1.26 -1.84 1.32 2.14 1.97 -0.71 -2.16 0.05 1.09 2.01 -0.0899999999999999 0.97 -0.227981874907039 3.10007264460674 2.48279494158705 0.5304 0.9336 -0.6628 -1.0856 -1.0388 0.4484 1.0764 -0.072 -0.5736 -1.1904 -0.0564 -0.7288 0.5096 0.9064 -0.6572 -1.1144 -0.9612 0.3116 0.9836 -0.228 -0.5164 -1.1596 -0.0436 -0.5512 0.4744 0.8196 -0.6308 -1.0316 -0.9718 0.3674 0.9304 -0.047 -0.4246 -1.0694 -0.0354 -0.5118
-0.52 -0.48 -0.47 0.74 -1.84 -0.68 -0.86 -1.03 -1.71 -2.16 -0.95 1.09 -0.99 -1.09 -1.03 1.48705200136044 0.089065157630437 0.879510013974601 -0.5096 0.9336 0.3772 0.4744 0.5212 0.9684 1.0764 0.448 -0.5736 0.3696 0.4636 0.3112 -0.4504 0.9064 0.3028 0.3256 0.4788 0.7916 0.9836 0.252 -0.5164 0.2804 0.4364 0.4088 -0.4656 0.8196 0.3092 0.3784 0.4382 0.8374 0.9304 0.423 -0.4246 0.3406 0.4346 0.4282
-0.52 -0.48 0.53 -2.26 2.16 0.32 1.14 -0.0299999999999998 -1.71 1.84 -1.95 -0.91 -0.99 -1.09 -2.03 -0.216487991189017 -0.568903283767156 -0.198317305403038 1.0504 -1.1464 -0.1428 -0.5656 0.00119999999999998 0.9684 -1.0036 0.968 0.4664 0.3696 0.4636 0.8312 0.9896 -1.0136 -0.1772 -0.6344 -0.00119999999999999 0.7916 -0.9364 0.732 0.4436 0.2804 0.4364 0.8888 -1.3156 1.0996 0.1592 0.5784 -0.0618 -0.8726 0.8904 -1.057 -0.3946 -0.6494 -0.6554 -1.1318
0.48 0.52 -0.47 -1.26 -0.84 -0.68 2.14 -0.0299999999999998 2.29 0.84 2.05 -1.91 2.01 -0.0899999999999999 1.97 -0.548940763666042 1.2256303165509 1.25450257136754 -0.7296 -0.4264 -0.3028 1.0544 -0.0288 1.1784 0.3564 0.938 -0.9236 0.8196 -0.1464 0.7212 -0.7504 -0.4136 -0.3772 1.0256 -0.0312 1.1616 0.3836 0.862 -0.9864 0.8504 -0.1336 0.9388 0.4744 0.3496 0.3092 -1.0316 -0.0318 -1.0426 -0.4796 -0.987 0.9854 -1.0694 -0.0354 -0.9818
-0.52 -0.48 -0.47 -2.26 2.16 1.32 1.14 1.97 0.29 1.84 2.05 1.09 2.01 1.91 -0.0299999999999998 0.214207996978542 0.665745258296553 0.517296220156782 1.0504 -1.1464 -0.6628 -0.5656 -1.0388 -0.0716 -1.0036 -1.112 -0.5736 -1.1904 -1.0964 -0.2088 0.9896 -1.0136 -0.6572 -0.6344 -0.9612 -0.1684 -0.9364 -1.188 -0.5164 -1.1596 -1.0036 -0.0712 0.9444 -1.0604 -0.6308 -0.5616 -0.9718 -0.1026 -0.9496 -0.987 -0.4246 -1.0694 -0.9754 -0.0418
-0.52 -0.48 0.53 -0.26 2.16 0.32 2.14 -1.03 0.29 -0.16 -1.95 1.09 -1.99 -0.0899999999999999 -0.0299999999999998 2.13609658575816 1.64325843791222 2.07673698350021 0.0104 -1.1464 -0.1428 -1.0856 0.5212 -0.0716 0.0364 0.968 -0.5736 0.8896 -0.0564 -0.2088 0.0296 -1.0136 -0.1772 -1.1144 0.4788 -0.1684 0.0236 0.732 -0.5164 0.7604 -0.0436 -0.0712 -0.2556 1.0996 0.1592 1.1084 -0.5918 0.1874 -0.1696 -1.057 0.6654 -1.1794 -0.1254 -0.0718
-0.52 -0.48 -0.47 -2.26 -1.84 1.32 -1.86 -0.0299999999999998 -1.71 -2.16 0.05 1.09 -1.99 -2.09 -2.03 -1.03120083269615 0.153295958500135 -0.212733857378166 1.0504 0.9336 -0.6628 0.9944 0.00119999999999998 0.9684 1.0764 -0.072 -0.5736 0.8896 0.9836 0.8312 0.9896 0.9064 -0.6572 0.8056 -0.00119999999999999 0.7916 0.9836 -0.228 -0.5164 0.7604 0.9164 0.8888 0.9444 0.8196 -0.6308 0.8484 -0.0318 0.8374 0.9304 -0.047 -0.4246 0.8106 0.9046 0.8982
0.48 0.52 0.53 -0.26 2.16 2.32 0.14 1.97 -0.71 1.84 0.05 0.0900000000000001 2.01 0.91 -0.0299999999999998 2.03743754281036 1.8667645045155 4.60624355653032 -0.2496 1.0136 1.1372 0.0944 0.9312 -0.2616 0.8364 -0.022 0.0364000000000001 0.8196 0.3336 -0.2388 -0.2304 1.1464 1.1828 -0.0143999999999999 1.0088 -0.3984 0.9036 -0.178 0.0536 0.8504 0.3864 -0.1012 -0.2556 1.0996 1.2192 0.0484000000000001 0.9982 -0.3426 0.8904 0.00300000000000002 0.1354 0.9406 0.4046 -0.0718
0.48 0.52 0.53 -1.26 -0.84 -1.68 -1.86 -0.0299999999999998 -1.71 -2.16 -1.95 -1.91 2.01 -2.09 -2.03 -0.711834192354692 0.434983896641664 1.33851314582629 -0.7296 -0.4264 -0.7828 -0.8656 -0.0288 -0.7416 -1.0836 -0.982 -0.9236 0.8196 -1.1064 -1.1988 -0.7504 -0.4136 -0.8972 -1.0544 -0.0312 -0.9184 -1.1764 -1.218 -0.9864 0.8504 -1.1736 -1.1412 -0.7856 -0.4904 -0.9008 -1.0116 -0.0618 -0.8726 -1.2296 -1.057 -0.9246 0.9406 -1.1854 -1.1318
0.48 0.52 0.53 -2.26 -1.84 -1.68 1.14 -0.0299999999999998 0.29 0.84 0.05 -1.91 1.01 -2.09 -0.0299999999999998 -1.08682248035538 0.429770428163177 1.77554370642873 -1.2096 -0.9064 -0.7828 0.5744 -0.0288 0.2184 0.3564 -0.022 -0.9236 0.3396 -1.1064 -0.2388 -1.2704 -0.9336 -0.8972 0.5056 -0.0312 0.1216 0.3836 -0.178 -0.9864 0.3304 -1.1736 -0.1012 -1.3156 -1.0204 -0.9008 0.5784 -0.0618 0.1874 0.3604 0.00300000000000002 -0.9246 0.4106 -1.1854 -0.0718
-0.52 -0.48 -0.47 -2.26 1.16 1.32 -1.86 -2.03 -0.71 -2.16 -1.95 -1.91 -1.99 -2.09 -1.03 -0.997215170576283 -2.21913292845426 0.409183433500205 1.0504 -0.6264 -0.6628 0.9944 1.0412 0.4484 1.0764 0.968 0.9864 0.8896 0.9836 0.3112 0.9896 -0.5336 -0.6572 0.8056 0.9588 0.3116 0.9836 0.732 0.9236 0.7604 0.9164 0.4088 0.9444 -0.5904 -0.6308 0.8484 0.9082 0.3674 0.9304 0.893 0.9854 0.8106 0.9046 0.4282
0.48 0.52 0.53 0.74 1.16 -1.68 2.14 0.97 -1.71 1.84 2.05 2.09 2.01 -0.0899999999999999 1.97 0.623424283926016 1.81248569206095 1.58750157652087 0.2304 0.5336 -0.7828 1.0544 0.4512 -0.7416 0.8364 0.938 0.9964 0.8196 -0.1464 0.7212 0.2896 0.6264 -0.8972 1.0256 0.4888 -0.9184 0.9036 0.862 1.0936 0.8504 -0.1336 0.9388 0.2744 0.5696 -0.9008 1.1084 0.4682 -0.8726 0.8904 1.063 1.1954 0.9406 -0.1254 0.9882
0.48 0.52 0.53 -1.26 -1.84 -1.68 2.14 1.97 1.29 -1.16 0.05 0.0900000000000001 2.01 1.91 -0.0299999999999998 2.74786292104378 1.59290854085585 2.76572776932508 -0.7296 -0.9064 -0.7828 1.0544 0.9312 0.6984 -0.6036 -0.022 0.0364000000000001 0.8196 0.8136 -0.2388 -0.7504 -0.9336 -0.8972 1.0256 1.0088 0.6416 -0.6564 -0.178 0.0536 0.8504 0.9064 -0.1012 -0.7856 -1.0204 -0.9008 1.1084 0.9982 0.7174 -0.6996 0.00300000000000002 0.1354 0.9406 0.9346 -0.0718
0.48 0.52 0.53 0.74 -1.84 -1.68 2.14 1.97 -1.71 -0.16 2.05 2.09 -0.99 1.91 1.97 1.55116634390137 0.693284425283409 1.41527567451938 0.2304 -0.9064 -0.7828 1.0544 0.9312 -0.7416 -0.1236 0.938 0.9964 -0.6204 0.8136 0.7212 0.2896 -0.9336 -0.8972 1.0256 1.0088 -0.9184 -0.1364 0.862 1.0936 -0.7096 0.9064 0.9388 0.2744 -1.0204 -0.9008 1.1084 0.9982 -0.8726 -0.1696 1.063 1.1954 -0.6494 0.9346 0.9882
-0.52 -0.48 -0.47 0.74 -1.84 -1.68 2.14 -2.03 -1.71 1.84 0.05 -1.91 -1.99 -1.09 -1.03 0.47427187680806 1.17272604012515 0.761780436994654 -0.5096 0.9336 0.8972 -1.0856 1.0412 0.9684 -1.0036 -0.072 0.9864 0.8896 0.4636 0.3112 -0.4504 0.9064 0.7828 -1.1144 0.9588 0.7916 -0.9364 -0.228 0.9236 0.7604 0.4364 0.4088 -0.4656 0.8196 0.7792 -1.0316 0.9082 0.8374 -0.9496 -0.047 0.9854 0.8106 0.4346 0.4282
0.48 -0.48 0.53 0.74 -1.84 1.32 1.14 1.97 -1.71 -1.16 -1.95 2.09 2.01 -0.0899999999999999 0.97 -0.0514266555622833 2.06921597782071 1.63153188861319 0.2304 -0.9064 0.6572 0.5744 0.9312 -0.7416 -0.6036 -0.982 0.9964 0.8196 -0.1464 0.2412 -0.4504 0.9064 -0.6572 -0.6344 -0.9612 0.7916 0.5036 0.732 -0.9964 -1.1596 -0.0436 -0.5512 0.2744 -1.0204 0.6892 0.5784 0.9982 -0.8726 -0.6996 -1.057 1.1954 0.9406 -0.1254 0.4582
0.48 -0.48 -0.47 -0.26 2.16 -1.68 -0.86 -2.03 -1.71 -2.16 -1.95 -1.91 -1.99 -2.09 -2.03 0.058433424278976 -0.353049520566621 0.625419763531923 -0.2496 1.0136 -0.7828 -0.3856 -0.9888 -0.7416 -1.0836 -0.982 -0.9236 -1.1004 -1.1064 -1.1988 0.0296 -1.0136 0.7828 0.3256 0.9588 0.7916 0.9836 0.732 0.9236 0.7604 0.9164 0.8888 0.00440000000000003 -1.0604 0.7792 0.3784 0.9082 0.8374 0.9304 0.893 0.9854 0.8106 0.9046 0.8982
-0.52 0.52 0.53 1.74 0.16 -1.68 2.14 1.97 0.29 1.84 2.05 0.0900000000000001 -0.99 -1.09 -1.03 1.80415709068109 1.74481156860592 2.11830332362349 -1.0296 -0.1064 0.8972 -1.0856 -1.0388 -0.0716 -1.0036 -1.112 -0.0536 0.3696 0.4636 0.3112 0.8096 0.1064 -0.8972 1.0256 1.0088 0.1216 0.9036 0.862 0.0536 -0.7096 -0.6536 -0.6212 0.8044 0.0396 -0.9008 1.1084 0.9982 0.1874 0.8904 1.063 0.1354 -0.6494 -0.6554 -0.6018
0.48 0.52 0.53 -0.26 1.16 1.32 2.14 -0.0299999999999998 1.29 1.84 2.05 2.09 2.01 1.91 1.97 0.611161836876326 1.09441479996696 1.44049619209363 -0.2496 0.5336 0.6572 1.0544 -0.0288 0.6984 0.8364 0.938 0.9964 0.8196 0.8136 0.7212 -0.2304 0.6264 0.6628 1.0256 -0.0312 0.6416 0.9036 0.862 1.0936 0.8504 0.9064 0.9388 -0.2556 0.5696 0.6892 1.1084 -0.0618 0.7174 0.8904 1.063 1.1954 0.9406 0.9346 0.9882
0.48 -0.48 0.53 1.74 2.16 -1.68 1.14 -0.0299999999999998 2.29 1.84 2.05 2.09 -0.99 1.91 1.97 0.792367007371059 2.40020746136751 2.00395174877824 0.7104 1.0136 -0.7828 0.5744 -0.0288 1.1784 0.8364 0.938 0.9964 -0.6204 0.8136 0.7212 -0.9304 -1.0136 0.7828 -0.6344 -0.00119999999999999 -1.1284 -0.9364 -1.188 -0.9964 0.2804 -1.0036 -1.0312 0.8044 1.0996 -0.9008 0.5784 -0.0618 1.2474 0.8904 1.063 1.1954 -0.6494 0.9346 0.9882
0.48 0.52 -0.47 1.74 -1.84 -1.68 -1.86 0.97 -1.71 0.84 0.05 2.09 2.01 -2.09 -1.03 1.29671395384283 0.687688875902103 -0.733772829418228 0.7104 -0.9064 -0.7828 -0.8656 0.4512 -0.7416 0.3564 -0.022 0.9964 0.8196 -1.1064 -0.7188 0.8096 -0.9336 -0.8972 -1.0544 0.4888 -0.9184 0.3836 -0.178 1.0936 0.8504 -1.1736 -0.6212 -0.9356 0.8196 0.7792 0.8484 -0.5018 0.8374 -0.4796 -0.047 -0.8946 -1.0694 0.9046 0.4282
0.48 -0.48 -0.47 -0.26 0.16 -1.68 -1.86 1.97 -0.71 0.84 -1.95 -1.91 -1.99 0.91 -0.0299999999999998 -0.0565313993640293 0.660186209840123 0.782086425180751 -0.2496 0.0536 -0.7828 -0.8656 0.9312 -0.2616 0.3564 -0.982 -0.9236 -1.1004 0.3336 -0.2388 0.0296 -0.0536 0.7828 0.8056 -0.9612 0.3116 -0.4564 0.732 0.9236 0.7604 -0.5236 -0.0712 0.00440000000000003 -0.1204 0.7792 0.8484 -0.9718 0.3674 -0.4796 0.893 0.9854 0.8106 -0.5054 -0.0418
-0.52 -0.48 -0.47 0.74 -1.84 0.32 -1.86 1.97 -1.71 1.84 -1.95 0.0900000000000001 2.01 -2.09 -1.03 1.69880243653881 0.65023547177771 0.628715190421048 -0.5096 0.9336 -0.1428 0.9944 -1.0388 0.9684 -1.0036 0.968 -0.0536 -1.1904 0.9836 0.3112 -0.4504 0.9064 -0.1772 0.8056 -0.9612 0.7916 -0.9364 0.732 -0.0364 -1.1596 0.9164 0.4088 -0.4656 0.8196 -0.1608 0.8484 -0.9718 0.8374 -0.9496 0.893 0.0454 -1.0694 0.9046 0.4282
-0.52 -0.48 -0.47 -2.26 -1.84 0.32 -0.86 -2.03 1.29 -1.16 -1.95 1.09 -1.99 -0.0899999999999999 -1.03 -0.424806485710399 1.21439125405479 1.0388492276327 1.0504 0.9336 -0.1428 0.4744 1.0412 -0.5916 0.5564 0.968 -0.5736 0.8896 -0.0564 0.3112 0.9896 0.9064 -0.1772 0.3256 0.9588 -0.6484 0.5036 0.732 -0.5164 0.7604 -0.0436 0.4088 0.9444 0.8196 -0.1608 0.3784 0.9082 -0.5726 0.4604 0.893 -0.4246 0.8106 -0.0354 0.4282
0.48 0.52 0.53 1.74 -1.84 0.32 -1.86 -1.03 -1.71 -2.16 -1.95 -0.91 0.01 -1.09 -1.03 1.02161287033883 0.364946425540468 2.39166996259639 0.7104 -0.9064 0.1772 -0.8656 -0.5088 -0.7416 -1.0836 -0.982 -0.4436 -0.1404 -0.6264 -0.7188 0.8096 -0.9336 0.1428 -1.0544 -0.5512 -0.9184 -1.1764 -1.218 -0.4664 -0.1896 -0.6536 -0.6212 0.8044 -1.0204 0.1592 -1.0116 -0.5918 -0.8726 -1.2296 -1.057 -0.3946 -0.1194 -0.6554 -0.6018
0.48 0.52 -0.47 1.74 -1.84 2.32 -0.86 -1.03 2.29 -2.16 1.05 2.09 2.01 0.91 -0.0299999999999998 -0.460520365452063 -0.488592896800139 -1.0411592081619 0.7104 -0.9064 1.1372 -0.3856 -0.5088 1.1784 -1.0836 0.458 0.9964 0.8196 0.3336 -0.2388 0.8096 -0.9336 1.1828 -0.5344 -0.5512 1.1616 -1.1764 0.342 1.0936 0.8504 0.3864 -0.1012 -0.9356 0.8196 -1.1008 0.3784 0.4382 -1.0426 0.9304 -0.517 -0.8946 -1.0694 -0.5054 -0.0418
0.48 -0.48 -0.47 -2.26 0.16 -1.68 0.14 -0.0299999999999998 -1.71 0.84 0.05 -1.91 -0.99 1.91 0.97 1.41678141711498 1.8805367893154 0.860374353252629 -1.2096 0.0536 -0.7828 0.0944 -0.0288 -0.7416 0.3564 -0.022 -0.9236 -0.6204 0.8136 0.2412 0.9896 -0.0536 0.7828 -0.1544 -0.00119999999999999 0.7916 -0.4564 -0.228 0.9236 0.2804 -1.0036 -0.5512 0.9444 -0.1204 0.7792 -0.0916 -0.0318 0.8374 -0.4796 -0.047 0.9854 0.3406 -0.9754 -0.5118
0.48 -0.48 0.53 -2.26 -1.84 -1.68 -1.86 -2.03 -1.71 1.84 -0.95 -1.91 2.01 0.91 1.97 -0.961261122906219 -0.349529139995319 -0.899527119754764 -1.2096 -0.9064 -0.7828 -0.8656 -0.9888 -0.7416 0.8364 -0.502 -0.9236 0.8196 0.3336 0.7212 0.9896 0.9064 0.7828 0.8056 0.9588 0.7916 -0.9364 0.252 0.9236 -1.1596 -0.5236 -1.0312 -1.3156 -1.0204 -0.9008 -1.0116 -1.1218 -0.8726 0.8904 -0.527 -0.9246 0.9406 0.4046 0.9882
0.48 -0.48 -0.47 -2.26 -1.84 0.32 -0.86 -2.03 -0.71 1.84 -1.95 -1.91 -0.99 -0.0899999999999999 1.97 0.831295748420118 0.914729018908292 4.03584638238169 -1.2096 -0.9064 0.1772 -0.3856 -0.9888 -0.2616 0.8364 -0.982 -0.9236 -0.6204 -0.1464 0.7212 0.9896 0.9064 -0.1772 0.3256 0.9588 0.3116 -0.9364 0.732 0.9236 0.2804 -0.0436 -1.0312 0.9444 0.8196 -0.1608 0.3784 0.9082 0.3674 -0.9496 0.893 0.9854 0.3406 -0.0354 -0.9818
-0.52 0.52 0.53 1.74 -1.84 -1.68 -0.86 -2.03 1.29 -2.16 -1.95 -1.91 0.01 -0.0899999999999999 -2.03 1.29536026895137 0.210645604898375 -1.20160599808403 -1.0296 0.9336 0.8972 0.4744 1.0412 -0.5916 1.0764 0.968 0.9864 -0.1504 -0.0564 0.8312 0.8096 -0.9336 -0.8972 -0.5344 -1.0712 0.6416 -1.1764 -1.218 -0.9864 -0.1896 -0.1336 -1.1412 0.8044 -1.0204 -0.9008 -0.4816 -1.1218 0.7174 -1.2296 -1.057 -0.9246 -0.1194 -0.1254 -1.1318
-0.52 -0.48 -0.47 -2.26 1.16 0.32 0.14 1.97 0.29 -2.16 -1.95 2.09 -0.99 -0.0899999999999999 -2.03 1.09018493326458 0.303524317021286 0.981400672107385 1.0504 -0.6264 -0.1428 -0.0456 -1.0388 -0.0716 1.0764 0.968 -1.0936 0.3696 -0.0564 0.8312 0.9896 -0.5336 -0.1772 -0.1544 -0.9612 -0.1684 0.9836 0.732 -0.9964 0.2804 -0.0436 0.8888 0.9444 -0.5904 -0.1608 -0.0916 -0.9718 -0.1026 0.9304 0.893 -0.8946 0.3406 -0.0354 0.8982
0.48 -0.48 -0.47 -1.26 1.16 -1.68 0.14 0.97 -1.71 -2.16 -0.95 1.09 0.01 -2.09 -1.03 0.451922701328584 0.574773109297089 1.54476243116198 -0.7296 0.5336 -0.7828 0.0944 0.4512 -0.7416 -1.0836 -0.502 0.5164 -0.1404 -1.1064 -0.7188 0.5096 -0.5336 0.7828 -0.1544 -0.4812 0.7916 0.9836 0.252 -0.5164 -0.1996 0.9164 0.4088 0.4744 -0.5904 0.7792 -0.0916 -0.5018 0.8374 0.9304 0.423 -0.4246 -0.1294 0.9046 0.4282
0.48 -0.48 0.53 1.74 1.16 -1.68 2.14 0.97 0.29 -0.16 2.05 2.09 1.01 -0.0899999999999999 1.97 -0.436184353539876 0.48869426838289 1.89981981070279 0.7104 0.5336 -0.7828 1.0544 0.4512 0.2184 -0.1236 0.938 0.9964 0.3396 -0.1464 0.7212 -0.9304 -0.5336 0.7828 -1.1144 -0.4812 -0.1684 0.0236 -1.188 -0.9964 -0.6796 -0.0436 -1.0312 0.8044 0.5696 -0.9008 1.1084 0.4682 0.1874 -0.1696 1.063 1.1954 0.4106 -0.1254 0.9882
-0.52 -0.48 0.53 1.74 -1.84 -0.68 -0.86 -1.03 -0.71 -1.16 -1.95 -1.91 -1.99 -1.09 -0.0299999999999998 1.69948119403829 1.30047723917287 2.76717282966263 -1.0296 0.9336 0.3772 0.4744 0.5212 0.4484 0.5564 0.968 0.9864 0.8896 0.4636 -0.2088 -0.9304 0.9064 0.3028 0.3256 0.4788 0.3116 0.5036 0.732 0.9236 0.7604 0.4364 -0.0712 0.8044 -1.0204 -0.3708 -0.4816 -0.5918 -0.3426 -0.6996 -1.057 -0.9246 -1.1794 -0.6554 -0.0718
-0.52 0.52 -0.47 -2.26 1.16 -1.68 2.14 -1.03 0.29 1.84 2.05 0.0900000000000001 1.01 1.91 1.97 0.72962733650531 1.87155715304407 -0.10201315696249 1.0504 -0.6264 0.8972 -1.0856 0.5212 -0.0716 -1.0036 -1.112 -0.0536 -0.6704 -1.0964 -1.2488 -1.2704 0.6264 -0.8972 1.0256 -0.5512 0.1216 0.9036 0.862 0.0536 0.3304 0.9064 0.9388 0.9444 -0.5904 0.7792 -1.0316 0.4382 -0.1026 -0.9496 -0.987 0.0454 -0.5994 -0.9754 -0.9818
-0.52 0.52 -0.47 -2.26 1.16 2.32 -1.86 -2.03 2.29 1.84 1.05 2.09 1.01 1.91 0.97 0.668894910031499 0.225235036734228 0.37059709864187 1.0504 -0.6264 -1.1828 0.9944 1.0412 -1.1116 -1.0036 -0.592 -1.0936 -0.6704 -1.0964 -0.7288 -1.2704 0.6264 1.1828 -1.0544 -1.0712 1.1616 0.9036 0.342 1.0936 0.3304 0.9064 0.4188 0.9444 -0.5904 -1.1008 0.8484 0.9082 -1.0426 -0.9496 -0.517 -0.8946 -0.5994 -0.9754 -0.5118
0.48 -0.48 -0.47 1.74 2.16 1.32 1.14 -2.03 2.29 1.84 2.05 2.09 1.01 1.91 1.97 0.798091852282259 1.53981028592339 1.58359055323703 0.7104 1.0136 0.6572 0.5744 -0.9888 1.1784 0.8364 0.938 0.9964 0.3396 0.8136 0.7212 -0.9304 -1.0136 -0.6572 -0.6344 0.9588 -1.1284 -0.9364 -1.188 -0.9964 -0.6796 -1.0036 -1.0312 -0.9356 -1.0604 -0.6308 -0.5616 0.9082 -1.0426 -0.9496 -0.987 -0.8946 -0.5994 -0.9754 -0.9818
0.48 -0.48 -0.47 1.74 2.16 2.32 -0.86 -0.0299999999999998 2.29 -2.16 0.05 0.0900000000000001 -1.99 1.91 1.97 -0.375853452146425 0.411242952402805 0.338968104270121 0.7104 1.0136 1.1372 -0.3856 -0.0288 1.1784 -1.0836 -0.022 0.0364000000000001 -1.1004 0.8136 0.7212 -0.9304 -1.0136 -1.1372 0.3256 -0.00119999999999999 -1.1284 0.9836 -0.228 -0.0364 0.7604 -1.0036 -1.0312 -0.9356 -1.0604 -1.1008 0.3784 -0.0318 -1.0426 0.9304 -0.047 0.0454 0.8106 -0.9754 -0.9818
-0.52 0.52 0.53 1.74 1.16 2.32 -0.86 -1.03 -1.71 1.84 -0.95 0.0900000000000001 0.01 -0.0899999999999999 -2.03 1.82160179707178 1.7866028125518 2.75899843125268 -1.0296 -0.6264 -1.1828 0.4744 0.5212 0.9684 -1.0036 0.448 -0.0536 -0.1504 -0.0564 0.8312 0.8096 0.6264 1.1828 -0.5344 -0.5512 -0.9184 0.9036 -0.698 0.0536 -0.1896 -0.1336 -1.1412 0.8044 0.5696 1.2192 -0.4816 -0.5918 -0.8726 0.8904 -0.527 0.1354 -0.1194 -0.1254 -1.1318
0.48 -0.48 -0.47 -2.26 2.16 -1.68 -0.86 -2.03 -0.71 -2.16 -0.95 -1.91 0.01 -2.09 -0.0299999999999998 0.324347136309314 -0.014372441934103 -1.42373783599267 -1.2096 1.0136 -0.7828 -0.3856 -0.9888 -0.2616 -1.0836 -0.502 -0.9236 -0.1404 -1.1064 -0.2388 0.9896 -1.0136 0.7828 0.3256 0.9588 0.3116 0.9836 0.252 0.9236 -0.1996 0.9164 -0.0712 0.9444 -1.0604 0.7792 0.3784 0.9082 0.3674 0.9304 0.423 0.9854 -0.1294 0.9046 -0.0418
0.48 0.52 0.53 1.74 2.16 0.32 -1.86 0.97 0.29 -1.16 2.05 2.09 -1.99 0.91 1.97 -0.120264270058243 0.653815014741541 0.913218577339589 0.7104 1.0136 0.1772 -0.8656 0.4512 0.2184 -0.6036 0.938 0.9964 -1.1004 0.3336 0.7212 0.8096 1.1464 0.1428 -1.0544 0.4888 0.1216 -0.6564 0.862 1.0936 -1.2296 0.3864 0.9388 0.8044 1.0996 0.1592 -1.0116 0.4682 0.1874 -0.6996 1.063 1.1954 -1.1794 0.4046 0.9882
-0.52 -0.48 -0.47 -1.26 -1.84 0.32 2.14 -2.03 0.29 -2.16 0.05 0.0900000000000001 -1.99 0.91 0.97 -0.476745756183915 0.680354590765218 1.26615075712097 0.5304 0.9336 -0.1428 -1.0856 1.0412 -0.0716 1.0764 -0.072 -0.0536 0.8896 -0.5764 -0.7288 0.5096 0.9064 -0.1772 -1.1144 0.9588 -0.1684 0.9836 -0.228 -0.0364 0.7604 -0.5236 -0.5512 0.4744 0.8196 -0.1608 -1.0316 0.9082 -0.1026 0.9304 -0.047 0.0454 0.8106 -0.5054 -0.5118
0.48 0.52 0.53 -2.26 -1.84 -1.68 -0.86 -2.03 0.29 -1.16 -1.95 -1.91 -1.99 -2.09 -2.03 -1.6530279235886 0.312193203088868 0.589214500340015 -1.2096 -0.9064 -0.7828 -0.3856 -0.9888 0.2184 -0.6036 -0.982 -0.9236 -1.1004 -1.1064 -1.1988 -1.2704 -0.9336 -0.8972 -0.5344 -1.0712 0.1216 -0.6564 -1.218 -0.9864 -1.2296 -1.1736 -1.1412 -1.3156 -1.0204 -0.9008 -0.4816 -1.1218 0.1874 -0.6996 -1.057 -0.9246 -1.1794 -1.1854 -1.1318
-0.52 -0.48 -0.47 -2.26 -1.84 -1.68 0.14 0.97 0.29 -2.16 0.05 0.0900000000000001 -1.99 -2.09 -1.03 1.47591533098565 -0.238664054024595 0.916799910431053 1.0504 0.9336 0.8972 -0.0456 -0.5188 -0.0716 1.0764 -0.072 -0.0536 0.8896 0.9836 0.3112 0.9896 0.9064 0.7828 -0.1544 -0.4812 -0.1684 0.9836 -0.228 -0.0364 0.7604 0.9164 0.4088 0.9444 0.8196 0.7792 -0.0916 -0.5018 -0.1026 0.9304 -0.047 0.0454 0.8106 0.9046 0.4282
0.48 -0.48 0.53 -1.26 2.16 2.32 -1.86 0.97 1.29 -1.16 -1.95 -0.91 -0.99 -1.09 1.97 0.736532174698644 1.51762063522384 3.83752655891643 -0.7296 1.0136 1.1372 -0.8656 0.4512 0.6984 -0.6036 -0.982 -0.4436 -0.6204 -0.6264 0.7212 0.5096 -1.0136 -1.1372 0.8056 -0.4812 -0.6484 0.5036 0.732 0.4436 0.2804 0.4364 -1.0312 -0.7856 1.0996 1.2192 -1.0116 0.4682 0.7174 -0.6996 -1.057 -0.3946 -0.6494 -0.6554 0.9882
0.48 0.52 -0.47 1.74 1.16 -1.68 -1.86 1.97 -0.71 -2.16 0.05 -1.91 -0.99 1.91 -2.03 -0.100588820377107 0.45894529164115 0.22240081913965 0.7104 0.5336 -0.7828 -0.8656 0.9312 -0.2616 -1.0836 -0.022 -0.9236 -0.6204 0.8136 -1.1988 0.8096 0.6264 -0.8972 -1.0544 1.0088 -0.3984 -1.1764 -0.178 -0.9864 -0.7096 0.9064 -1.1412 -0.9356 -0.5904 0.7792 0.8484 -0.9718 0.3674 0.9304 -0.047 0.9854 0.3406 -0.9754 0.8982
-0.52 -0.48 -0.47 -1.26 -1.84 -1.68 -0.86 0.97 2.29 -1.16 1.05 0.0900000000000001 -0.99 -1.09 -2.03 -0.637047047764972 1.36843198193535 1.74108287780165 0.5304 0.9336 0.8972 0.4744 -0.5188 -1.1116 0.5564 -0.592 -0.0536 0.3696 0.4636 0.8312 0.5096 0.9064 0.7828 0.3256 -0.4812 -1.1284 0.5036 -0.708 -0.0364 0.2804 0.4364 0.8888 0.4744 0.8196 0.7792 0.3784 -0.5018 -1.0426 0.4604 -0.517 0.0454 0.3406 0.4346 0.8982
0.48 -0.48 0.53 1.74 -1.84 -1.68 -1.86 0.97 -1.71 -0.16 -1.95 0.0900000000000001 1.01 1.91 0.97 0.941837083190862 1.2158338334401 1.45325628637016 0.7104 -0.9064 -0.7828 -0.8656 0.4512 -0.7416 -0.1236 -0.982 0.0364000000000001 0.3396 0.8136 0.2412 -0.9304 0.9064 0.7828 0.8056 -0.4812 0.7916 0.0236 0.732 -0.0364 -0.6796 -1.0036 -0.5512 0.8044 -1.0204 -0.9008 -1.0116 0.4682 -0.8726 -0.1696 -1.057 0.1354 0.4106 0.9346 0.4582
-0.52 -0.48 -0.47 -0.26 -1.84 -1.68 -1.86 -2.03 0.29 0.84 -1.95 -1.91 -1.99 -2.09 -2.03 0.348785397347659 -0.118882821972121 -0.173700876271481 0.0104 0.9336 0.8972 0.9944 1.0412 -0.0716 -0.4836 0.968 0.9864 0.8896 0.9836 0.8312 0.0296 0.9064 0.7828 0.8056 0.9588 -0.1684 -0.4564 0.732 0.9236 0.7604 0.9164 0.8888 0.00440000000000003 0.8196 0.7792 0.8484 0.9082 -0.1026 -0.4796 0.893 0.9854 0.8106 0.9046 0.8982
0.48 -0.48 -0.47 -2.26 -0.84 2.32 0.14 -0.0299999999999998 -1.71 -1.16 2.05 1.09 -1.99 -2.09 -2.03 0.705743762333892 1.09506660106628 -1.34611012436003 -1.2096 -0.4264 1.1372 0.0944 -0.0288 -0.7416 -0.6036 0.938 0.5164 -1.1004 -1.1064 -1.1988 0.9896 0.4264 -1.1372 -0.1544 -0.00119999999999999 0.7916 0.5036 -1.188 -0.5164 0.7604 0.9164 0.8888 0.9444 0.3496 -1.1008 -0.0916 -0.0318 0.8374 0.4604 -0.987 -0.4246 0.8106 0.9046 0.8982
0.48 0.52 0.53 -0.26 2.16 -1.68 2.14 1.97 -1.71 -0.16 1.05 1.09 2.01 1.91 -0.0299999999999998 0.970874460102258 1.26443745309667 2.83820208727932 -0.2496 1.0136 -0.7828 1.0544 0.9312 -0.7416 -0.1236 0.458 0.5164 0.8196 0.8136 -0.2388 -0.2304 1.1464 -0.8972 1.0256 1.0088 -0.9184 -0.1364 0.342 0.5736 0.8504 0.9064 -0.1012 -0.2556 1.0996 -0.9008 1.1084 0.9982 -0.8726 -0.1696 0.533 0.6654 0.9406 0.9346 -0.0718
0.48 0.52 0.53 -2.26 0.16 1.32 -1.86 -0.0299999999999998 -1.71 -1.16 -0.95 -1.91 1.01 -2.09 -2.03 -0.0821189591431639 -0.312010694851682 0.287725040110046 -1.2096 0.0536 0.6572 -0.8656 -0.0288 -0.7416 -0.6036 -0.502 -0.9236 0.3396 -1.1064 -1.1988 -1.2704 0.1064 0.6628 -1.0544 -0.0312 -0.9184 -0.6564 -0.698 -0.9864 0.3304 -1.1736 -1.1412 -1.3156 0.0396 0.6892 -1.0116 -0.0618 -0.8726 -0.6996 -0.527 -0.9246 0.4106 -1.1854 -1.1318
-0.52 0.52 -0.47 1.74 2.16 0.32 2.14 -2.03 -1.71 0.84 2.05 2.09 1.01 1.91 -1.03 0.723241526795785 0.0464356054204693 0.648204186280817 -1.0296 -1.1464 -0.1428 -1.0856 1.0412 0.9684 -0.4836 -1.112 -1.0936 -0.6704 -1.0964 0.3112 0.8096 1.1464 0.1428 1.0256 -1.0712 -0.9184 0.3836 0.862 1.0936 0.3304 0.9064 -0.6212 -0.9356 -1.0604 -0.1608 -1.0316 0.9082 0.8374 -0.4796 -0.987 -0.8946 -0.5994 -0.9754 0.4282
0.48 0.52 -0.47 0.74 -1.84 2.32 1.14 1.97 2.29 1.84 2.05 2.09 1.01 -0.0899999999999999 1.97 0.937420396319172 0.67565251293437 0.997183914455222 0.2304 -0.9064 1.1372 0.5744 0.9312 1.1784 0.8364 0.938 0.9964 0.3396 -0.1464 0.7212 0.2896 -0.9336 1.1828 0.5056 1.0088 1.1616 0.9036 0.862 1.0936 0.3304 -0.1336 0.9388 -0.4656 0.8196 -1.1008 -0.5616 -0.9718 -1.0426 -0.9496 -0.987 -0.8946 -0.5994 -0.0354 -0.9818
-0.52 -0.48 0.53 -2.26 -1.84 0.32 -1.86 -2.03 1.29 -1.16 -0.95 -1.91 0.01 -0.0899999999999999 -2.03 0.757374740575234 0.0375266867014057 0.391893530011077 1.0504 0.9336 -0.1428 0.9944 1.0412 -0.5916 0.5564 0.448 0.9864 -0.1504 -0.0564 0.8312 0.9896 0.9064 -0.1772 0.8056 0.9588 -0.6484 0.5036 0.252 0.9236 -0.1996 -0.0436 0.8888 -1.3156 -1.0204 0.1592 -1.0116 -1.1218 0.7174 -0.6996 -0.527 -0.9246 -0.1194 -0.1254 -1.1318
-0.52 0.52 -0.47 -0.26 2.16 -1.68 -1.86 -2.03 -1.71 1.84 -1.95 0.0900000000000001 -1.99 -2.09 -0.0299999999999998 1.03437392271737 0.910212758562447 1.61725125416009 0.0104 -1.1464 0.8972 0.9944 1.0412 0.9684 -1.0036 0.968 -0.0536 0.8896 0.9836 -0.2088 -0.2304 1.1464 -0.8972 -1.0544 -1.0712 -0.9184 0.9036 -1.218 0.0536 -1.2296 -1.1736 -0.1012 0.00440000000000003 -1.0604 0.7792 0.8484 0.9082 0.8374 -0.9496 0.893 0.0454 0.8106 0.9046 -0.0418
0.48 0.52 0.53 1.74 -1.84 2.32 1.14 -2.03 -0.71 1.84 1.05 2.09 -0.99 -0.0899999999999999 1.97 0.806074390159224 0.567562003519588 0.962264387319486 0.7104 -0.9064 1.1372 0.5744 -0.9888 -0.2616 0.8364 0.458 0.9964 -0.6204 -0.1464 0.7212 0.8096 -0.9336 1.1828 0.5056 -1.0712 -0.3984 0.9036 0.342 1.0936 -0.7096 -0.1336 0.9388 0.8044 -1.0204 1.2192 0.5784 -1.1218 -0.3426 0.8904 0.533 1.1954 -0.6494 -0.1254 0.9882
-0.52 0.52 0.53 0.74 2.16 -0.68 2.14 0.97 -1.71 -0.16 0.05 -0.91 -0.99 -2.09 -2.03 -0.321098205742324 -0.256695055162513 0.319201588709018 -0.5096 -1.1464 0.3772 -1.0856 -0.5188 0.9684 0.0364 -0.072 0.4664 0.3696 0.9836 0.8312 0.2896 1.1464 -0.3772 1.0256 0.4888 -0.9184 -0.1364 -0.178 -0.4664 -0.7096 -1.1736 -1.1412 0.2744 1.0996 -0.3708 1.1084 0.4682 -0.8726 -0.1696 0.00300000000000002 -0.3946 -0.6494 -1.1854 -1.1318
0.48 0.52 0.53 1.74 -1.84 -1.68 -0.86 -2.03 1.29 1.84 -0.95 -1.91 2.01 0.91 1.97 -0.452676701960353 -0.161106007415478 -0.275985471628597 0.7104 -0.9064 -0.7828 -0.3856 -0.9888 0.6984 0.8364 -0.502 -0.9236 0.8196 0.3336 0.7212 0.8096 -0.9336 -0.8972 -0.5344 -1.0712 0.6416 0.9036 -0.698 -0.9864 0.8504 0.3864 0.9388 0.8044 -1.0204 -0.9008 -0.4816 -1.1218 0.7174 0.8904 -0.527 -0.9246 0.9406 0.4046 0.9882
-0.52 0.52 -0.47 0.74 -1.84 2.32 1.14 1.97 2.29 -0.16 1.05 2.09 1.01 1.91 1.97 1.33415268253685 1.99576010912724 2.90158609841897 -0.5096 0.9336 -1.1828 -0.5656 -1.0388 -1.1116 0.0364 -0.592 -1.0936 -0.6704 -1.0964 -1.2488 0.2896 -0.9336 1.1828 0.5056 1.0088 1.1616 -0.1364 0.342 1.0936 0.3304 0.9064 0.9388 -0.4656 0.8196 -1.1008 -0.5616 -0.9718 -1.0426 -0.00960000000000001 -0.517 -0.8946 -0.5994 -0.9754 -0.9818
-0.52 0.52 0.53 -0.26 -1.84 -1.68 -1.86 -1.03 0.29 -2.16 -1.95 2.09 -0.99 1.91 0.97 1.1077133922524 1.0182206410659 1.64270306832665 0.0104 0.9336 0.8972 0.9944 0.5212 -0.0716 1.0764 0.968 -1.0936 0.3696 -1.0964 -0.7288 -0.2304 -0.9336 -0.8972 -1.0544 -0.5512 0.1216 -1.1764 -1.218 1.0936 -0.7096 0.9064 0.4188 -0.2556 -1.0204 -0.9008 -1.0116 -0.5918 0.1874 -1.2296 -1.057 1.1954 -0.6494 0.9346 0.4582
0.48 -0.48 -0.47 1.74 0.16 1.32 2.14 -2.03 2.29 0.84 -0.95 2.09 0.01 1.91 -0.0299999999999998 0.332910823679268 -0.358711893971157 0.411691325490045 0.7104 0.0536 0.6572 1.0544 -0.9888 1.1784 0.3564 -0.502 0.9964 -0.1404 0.8136 -0.2388 -0.9304 -0.0536 -0.6572 -1.1144 0.9588 -1.1284 -0.4564 0.252 -0.9964 -0.1996 -1.0036 -0.0712 -0.9356 -0.1204 -0.6308 -1.0316 0.9082 -1.0426 -0.4796 0.423 -0.8946 -0.1294 -0.9754 -0.0418
-0.52 0.52 -0.47 -1.26 -1.84 -1.68 2.14 -0.0299999999999998 0.29 0.84 1.05 1.09 1.01 1.91 -1.03 0.356735703529662 0.0562062805269457 -1.19694434197022 0.5304 0.9336 0.8972 -1.0856 0.00119999999999998 -0.0716 -0.4836 -0.592 -0.5736 -0.6704 -1.0964 0.3112 -0.7504 -0.9336 -0.8972 1.0256 -0.0312 0.1216 0.3836 0.342 0.5736 0.3304 0.9064 -0.6212 0.4744 0.8196 0.7792 -1.0316 -0.0318 -0.1026 -0.4796 -0.517 -0.4246 -0.5994 -0.9754 0.4282
0.48 -0.48 0.53 1.74 -1.84 1.32 -1.86 -1.03 -1.71 -0.16 2.05 -0.91 -1.99 0.91 0.97 0.682840128486275 0.48539339433242 0.901142697333026 0.7104 -0.9064 0.6572 -0.8656 -0.5088 -0.7416 -0.1236 0.938 -0.4436 -1.1004 0.3336 0.2412 -0.9304 0.9064 -0.6572 0.8056 0.4788 0.7916 0.0236 -1.188 0.4436 0.7604 -0.5236 -0.5512 0.8044 -1.0204 0.6892 -1.0116 -0.5918 -0.8726 -0.1696 1.063 -0.3946 -1.1794 0.4046 0.4582
0.48 0.52 0.53 -2.26 2.16 0.32 2.14 -0.0299999999999998 -0.71 -0.16 1.05 -1.91 1.01 -1.09 -0.0299999999999998 1.04340885247984 0.905780786217464 1.45131152242113 -1.2096 1.0136 0.1772 1.0544 -0.0288 -0.2616 -0.1236 0.458 -0.9236 0.3396 -0.6264 -0.2388 -1.2704 1.1464 0.1428 1.0256 -0.0312 -0.3984 -0.1364 0.342 -0.9864 0.3304 -0.6536 -0.1012 -1.3156 1.0996 0.1592 1.1084 -0.0618 -0.3426 -0.1696 0.533 -0.9246 0.4106 -0.6554 -0.0718
-0.52 0.52 0.53 1.74 2.16 0.32 2.14 1.97 -0.71 -2.16 2.05 -0.91 2.01 -1.09 1.97 0.564572767577586 0.834931082802203 1.10066173003866 -1.0296 -1.1464 -0.1428 -1.0856 -1.0388 0.4484 1.0764 -1.112 0.4664 -1.1904 0.4636 -1.2488 0.8096 1.1464 0.1428 1.0256 1.0088 -0.3984 -1.1764 0.862 -0.4664 0.8504 -0.6536 0.9388 0.8044 1.0996 0.1592 1.1084 0.9982 -0.3426 -1.2296 1.063 -0.3946 0.9406 -0.6554 0.9882
0.48 0.52 -0.47 1.74 0.16 -1.68 2.14 -0.0299999999999998 -1.71 -2.16 1.05 2.09 -1.99 -2.09 1.97 0.0532271471314867 0.069241808160224 1.33021408808195 0.7104 0.0536 -0.7828 1.0544 -0.0288 -0.7416 -1.0836 0.458 0.9964 -1.1004 -1.1064 0.7212 0.8096 0.1064 -0.8972 1.0256 -0.0312 -0.9184 -1.1764 0.342 1.0936 -1.2296 -1.1736 0.9388 -0.9356 -0.1204 0.7792 -1.0316 -0.0318 0.8374 0.9304 -0.517 -0.8946 0.8106 0.9046 -0.9818
-0.52 0.52 0.53 -2.26 -1.84 1.32 1.14 -1.03 2.29 -0.16 2.05 -1.91 -0.99 0.91 -1.03 1.26549953437933 1.50101103595769 2.30436084537616 1.0504 0.9336 -0.6628 -0.5656 0.5212 -1.1116 0.0364 -1.112 0.9864 0.3696 -0.5764 0.3112 -1.2704 -0.9336 0.6628 0.5056 -0.5512 1.1616 -0.1364 0.862 -0.9864 -0.7096 0.3864 -0.6212 -1.3156 -1.0204 0.6892 0.5784 -0.5918 1.2474 -0.1696 1.063 -0.9246 -0.6494 0.4046 -0.6018
-0.52 0.52 0.53 1.74 1.16 2.32 -0.86 1.97 2.29 -0.16 0.05 -1.91 1.01 1.91 1.97 0.929482620793855 1.47125686532967 0.488365394417175 -1.0296 -0.6264 -1.1828 0.4744 -1.0388 -1.1116 0.0364 -0.072 0.9864 -0.6704 -1.0964 -1.2488 0.8096 0.6264 1.1828 -0.5344 1.0088 1.1616 -0.1364 -0.178 -0.9864 0.3304 0.9064 0.9388 0.8044 0.5696 1.2192 -0.4816 0.9982 1.2474 -0.1696 0.00300000000000002 -0.9246 0.4106 0.9346 0.9882
-0.52 0.52 -0.47 0.74 -1.84 2.32 2.14 -2.03 -0.71 1.84 1.05 -1.91 0.01 -2.09 0.97 0.76783699473983 0.633860903666132 0.460292583296509 -0.5096 0.9336 -1.1828 -1.0856 1.0412 0.4484 -1.0036 -0.592 0.9864 -0.1504 0.9836 -0.7288 0.2896 -0.9336 1.1828 1.0256 -1.0712 -0.3984 0.9036 0.342 -0.9864 -0.1896 -1.1736 0.4188 -0.4656 0.8196 -1.1008 -1.0316 0.9082 0.3674 -0.9496 -0.517 0.9854 -0.1294 0.9046 -0.5118
0.48 0.52 -0.47 1.74 0.16 -0.68 -0.86 -2.03 1.29 -1.16 0.05 0.0900000000000001 2.01 -0.0899999999999999 -0.0299999999999998 0.548219146804634 1.32208401155101 1.1012535258962 0.7104 0.0536 -0.3028 -0.3856 -0.9888 0.6984 -0.6036 -0.022 0.0364000000000001 0.8196 -0.1464 -0.2388 0.8096 0.1064 -0.3772 -0.5344 -1.0712 0.6416 -0.6564 -0.178 0.0536 0.8504 -0.1336 -0.1012 -0.9356 -0.1204 0.3092 0.3784 0.9082 -0.5726 0.4604 -0.047 0.0454 -1.0694 -0.0354 -0.0418
-0.52 0.52 -0.47 0.74 2.16 2.32 -1.86 0.97 2.29 -1.16 0.05 -1.91 -1.99 -2.09 -1.03 -0.381939957273018 1.25847647177451 2.28605477922508 -0.5096 -1.1464 -1.1828 0.9944 -0.5188 -1.1116 0.5564 -0.072 0.9864 0.8896 0.9836 0.3112 0.2896 1.1464 1.1828 -1.0544 0.4888 1.1616 -0.6564 -0.178 -0.9864 -1.2296 -1.1736 -0.6212 -0.4656 -1.0604 -1.1008 0.8484 -0.5018 -1.0426 0.4604 -0.047 0.9854 0.8106 0.9046 0.4282
0.48 -0.48 0.53 1.74 1.16 0.32 1.14 -0.0299999999999998 2.29 0.84 2.05 2.09 2.01 1.91 -0.0299999999999998 -0.270331223275566 1.34377361069081 0.305314221949971 0.7104 0.5336 0.1772 0.5744 -0.0288 1.1784 0.3564 0.938 0.9964 0.8196 0.8136 -0.2388 -0.9304 -0.5336 -0.1772 -0.6344 -0.00119999999999999 -1.1284 -0.4564 -1.188 -0.9964 -1.1596 -1.0036 -0.0712 0.8044 0.5696 0.1592 0.5784 -0.0618 1.2474 0.3604 1.063 1.1954 0.9406 0.9346 -0.0718
-0.52 0.52 -0.47 -2.26 -1.84 2.32 -1.86 -2.03 -0.71 0.84 -1.95 0.0900000000000001 -1.99 -1.09 -1.03 2.08007097587281 2.13528266800271 3.58134260448862 1.0504 0.9336 -1.1828 0.9944 1.0412 0.4484 -0.4836 0.968 -0.0536 0.8896 0.4636 0.3112 -1.2704 -0.9336 1.1828 -1.0544 -1.0712 -0.3984 0.3836 -1.218 0.0536 -1.2296 -0.6536 -0.6212 0.9444 0.8196 -1.1008 0.8484 0.9082 0.3674 -0.4796 0.893 0.0454 0.8106 0.4346 0.4282
-0.52 -0.48 0.53 -2.26 2.16 -1.68 2.14 1.97 1.29 -0.16 2.05 1.09 0.01 -0.0899999999999999 -2.03 1.2522830962164 0.988455691772683 2.37444840841426 1.0504 -1.1464 0.8972 -1.0856 -1.0388 -0.5916 0.0364 -1.112 -0.5736 -0.1504 -0.0564 0.8312 0.9896 -1.0136 0.7828 -1.1144 -0.9612 -0.6484 0.0236 -1.188 -0.5164 -0.1996 -0.0436 0.8888 -1.3156 1.0996 -0.9008 1.1084 0.9982 0.7174 -0.1696 1.063 0.6654 -0.1194 -0.1254 -1.1318
0.48 0.52 0.53 0.74 -1.84 2.32 -1.86 -2.03 -1.71 -2.16 -0.95 0.0900000000000001 -0.99 -1.09 -2.03 1.03811426125957 0.700855737923108 1.40794086011745 0.2304 -0.9064 1.1372 -0.8656 -0.9888 -0.7416 -1.0836 -0.502 0.0364000000000001 -0.6204 -0.6264 -1.1988 0.2896 -0.9336 1.1828 -1.0544 -1.0712 -0.9184 -1.1764 -0.698 0.0536 -0.7096 -0.6536 -1.1412 0.2744 -1.0204 1.2192 -1.0116 -1.1218 -0.8726 -1.2296 -0.527 0.1354 -0.6494 -0.6554 -1.1318
0.48 -0.48 -0.47 0.74 0.16 -0.68 0.14 -2.03 -1.71 1.84 -1.95 -1.91 -1.99 -1.09 -1.03 -0.320968534320939 -0.257771844865878 0.0866346516880111 0.2304 0.0536 -0.3028 0.0944 -0.9888 -0.7416 0.8364 -0.982 -0.9236 -1.1004 -0.6264 -0.7188 -0.4504 -0.0536 0.3028 -0.1544 0.9588 0.7916 -0.9364 0.732 0.9236 0.7604 0.4364 0.4088 -0.4656 -0.1204 0.3092 -0.0916 0.9082 0.8374 -0.9496 0.893 0.9854 0.8106 0.4346 0.4282
-0.52 -0.48 -0.47 0.74 2.16 2.32 -0.86 1.97 1.29 -0.16 1.05 2.09 2.01 1.91 1.97 1.03145917257454 0.698310207650866 1.13338793787022 -0.5096 -1.1464 -1.1828 0.4744 -1.0388 -0.5916 0.0364 -0.592 -1.0936 -1.1904 -1.0964 -1.2488 -0.4504 -1.0136 -1.1372 0.3256 -0.9612 -0.6484 0.0236 -0.708 -0.9964 -1.1596 -1.0036 -1.0312 -0.4656 -1.0604 -1.1008 0.3784 -0.9718 -0.5726 -0.00960000000000001 -0.517 -0.8946 -1.0694 -0.9754 -0.9818
-0.52 -0.48 -0.47 -0.26 -1.84 -1.68 -1.86 -1.03 0.29 -0.16 0.05 0.0900000000000001 -1.99 -2.09 -1.03 0.755079988718568 1.66758297890113 1.85184053558714 0.0104 0.9336 0.8972 0.9944 0.5212 -0.0716 0.0364 -0.072 -0.0536 0.8896 0.9836 0.3112 0.0296 0.9064 0.7828 0.8056 0.4788 -0.1684 0.0236 -0.228 -0.0364 0.7604 0.9164 0.4088 0.00440000000000003 0.8196 0.7792 0.8484 0.4382 -0.1026 -0.00960000000000001 -0.047 0.0454 0.8106 0.9046 0.4282
-0.52 0.52 -0.47 -2.26 1.16 -1.68 -1.86 -0.0299999999999998 -0.71 -1.16 2.05 -1.91 -1.99 -2.09 -2.03 0.970288252885667 -0.0904287105267955 0.665447976779565 1.0504 -0.6264 0.8972 0.9944 0.00119999999999998 0.4484 0.5564 -1.112 0.9864 0.8896 0.9836 0.8312 -1.2704 0.6264 -0.8972 -1.0544 -0.0312 -0.3984 -0.6564 0.862 -0.9864 -1.2296 -1.1736 -1.1412 0.9444 -0.5904 0.7792 0.8484 -0.0318 0.3674 0.4604 -0.987 0.9854 0.8106 0.9046 0.8982
0.48 0.52 0.53 -2.26 2.16 -1.68 -1.86 0.97 -0.71 1.84 0.05 -0.91 2.01 0.91 1.97 0.630464663893373 2.27128917956748 3.08223749939261 -1.2096 1.0136 -0.7828 -0.8656 0.4512 -0.2616 0.8364 -0.022 -0.4436 0.8196 0.3336 0.7212 -1.2704 1.1464 -0.8972 -1.0544 0.4888 -0.3984 0.9036 -0.178 -0.4664 0.8504 0.3864 0.9388 -1.3156 1.0996 -0.9008 -1.0116 0.4682 -0.3426 0.8904 0.00300000000000002 -0.3946 0.9406 0.4046 0.9882
0.48 0.52 0.53 0.74 0.16 0.32 2.14 1.97 -1.71 -0.16 -1.95 -1.91 -1.99 1.91 0.97 0.95520149715666 1.55679280047524 1.46346197276666 0.2304 0.0536 0.1772 1.0544 0.9312 -0.7416 -0.1236 -0.982 -0.9236 -1.1004 0.8136 0.2412 0.2896 0.1064 0.1428 1.0256 1.0088 -0.9184 -0.1364 -1.218 -0.9864 -1.2296 0.9064 0.4188 0.2744 0.0396 0.1592 1.1084 0.9982 -0.8726 -0.1696 -1.057 -0.9246 -1.1794 0.9346 0.4582
-0.52 -0.48 0.53 1.74 2.16 2.32 -0.86 -1.03 -1.71 0.84 -0.95 0.0900000000000001 1.01 1.91 -0.0299999999999998 0.290909180042478 0.781794449001262 1.01266113235342 -1.0296 -1.1464 -1.1828 0.4744 0.5212 0.9684 -0.4836 0.448 -0.0536 -0.6704 -1.0964 -0.2088 -0.9304 -1.0136 -1.1372 0.3256 0.4788 0.7916 -0.4564 0.252 -0.0364 -0.6796 -1.0036 -0.0712 0.8044 1.0996 1.2192 -0.4816 -0.5918 -0.8726 0.3604 -0.527 0.1354 0.4106 0.9346 -0.0718
0.48 0.52 0.53 -1.26 0.16 1.32 2.14 1.97 2.29 0.84 2.05 2.09 2.01 1.91 1.97 0.0906009552184135 1.07455431692 0.359557919999434 -0.7296 0.0536 0.6572 1.0544 0.9312 1.1784 0.3564 0.938 0.9964 0.8196 0.8136 0.7212 -0.7504 0.1064 0.6628 1.0256 1.0088 1.1616 0.3836 0.862 1.0936 0.8504 0.9064 0.9388 -0.7856 0.0396 0.6892 1.1084 0.9982 1.2474 0.3604 1.063 1.1954 0.9406 0.9346 0.9882
