-0.51 0.48 -0.48 -0.21 0.17 -2.12 -2.27 -0.57 -0.93 1.06 -0.04 -0.0800000000000001 -0.00999999999999979 -2 -2.12 1.03756986950848 1.49641533547462 3.27258957561214 0.00420000000000001 -0.0634 1.0824 1.2354 0.3514 0.3286 -0.4912 0.0108 -0.0184 0.000199999999999995 0.92 1.0824 -0.2116 0.2432 -1.0352 -1.0592 -0.2572 -0.5328 0.4976 0.0716 -0.0968 -0.1196 -1.07 -1.0952 -0.0484 -0.1732 0.9452 1.0792 0.1972 0.4428 -0.5876 -0.1116 -0.0832 -0.2304 0.84 1.0252
-0.51 0.48 0.52 0.79 1.17 1.88 1.73 -1.57 2.07 2.06 -0.04 0.92 1.99 1 1.88 1.01444012662062 1.7456629998695 3.65718006385408 -0.5058 -0.5734 -0.9576 -0.8046 0.8614 -1.2014 -1.0012 0.0108 -0.5284 -1.0198 -0.61 -0.9576 0.2684 0.7232 0.8848 0.8608 -0.7372 0.9072 0.9776 0.0716 0.3832 0.8404 0.37 0.8248 0.2616 0.5168 0.9052 0.8892 -0.8928 1.0728 0.9924 -0.1516 0.3568 0.7996 0.4 0.9852
-0.51 0.48 -0.48 1.79 -1.83 -0.12 1.73 -1.57 0.0700000000000001 -0.94 -2.04 -2.08 -2.01 -2 -2.12 0.0154756391763297 0.148319300093944 -0.61448461858797 -1.0158 0.9566 0.0624 -0.8046 0.8614 -0.1814 0.5288 1.0308 1.0016 1.0202 0.92 1.0824 0.7484 -0.7168 -0.0752 0.8608 -0.7372 -0.0528 -0.4624 -0.8884 -1.0568 -1.0796 -1.07 -1.0952 -1.0084 0.7868 -0.0148 -0.8408 0.6772 -0.0372 0.3724 0.8484 0.8768 0.7296 0.84 1.0252
-0.51 -0.52 0.52 -0.21 2.17 0.88 -2.27 2.43 1.07 -0.94 1.96 0.92 1.99 2 -2.12 -0.713992272928109 0.426874555158547 2.47573158787594 0.00420000000000001 -1.0834 -0.4476 1.2354 -1.1786 -0.6914 0.5288 -1.0092 -0.5284 -1.0198 -1.12 1.0824 -0.00159999999999998 -0.9668 -0.4752 1.2108 -1.2472 -0.6428 0.4776 -0.9284 -0.5368 -1.1496 -1.15 1.0248 -0.2584 1.0368 0.3852 -1.1908 1.1872 0.5528 -0.5676 0.8884 0.3568 0.7996 0.92 -1.0948
-0.51 0.48 0.52 -1.21 1.17 1.88 -1.27 -1.57 -1.93 2.06 0.96 1.92 1.99 2 0.88 1.40358768594347 2.26581829494887 2.58260831957887 0.5142 -0.5734 -0.9576 0.7254 0.8614 0.8386 -1.0012 -0.4992 -1.0384 -1.0198 -1.12 -0.4476 -0.6916 0.7232 0.8848 -0.5792 -0.7372 -1.0128 0.9776 0.5516 0.8632 0.8404 0.85 0.3448 -0.7784 0.5168 0.9052 -0.6708 -0.8928 -1.0072 0.9924 0.3684 0.8768 0.7996 0.92 0.4652
-0.51 0.48 -0.48 -0.21 0.17 1.88 -0.27 0.43 -0.93 2.06 -1.04 -1.08 -2.01 0 0.88 0.827204596096651 0.590856581307917 0.999805192369247 0.00420000000000001 -0.0634 -0.9576 0.2154 -0.1586 0.3286 -1.0012 0.5208 0.4916 1.0202 -0.1 -0.4476 -0.2116 0.2432 0.8848 -0.0992 0.2228 -0.5328 0.9776 -0.4084 -0.5768 -1.0796 -0.11 0.3448 -0.0484 -0.1732 -0.9748 0.1192 -0.2828 0.4428 -1.0676 0.3684 0.3968 0.7296 -0.12 -0.4148
0.49 0.48 0.52 0.79 0.17 -2.12 -0.27 -1.57 0.0700000000000001 2.06 1.96 0.92 1.99 2 1.88 1.66263910930376 -0.115013850178079 1.02369753179052 0.2842 0.1066 -1.0376 -0.0546 -0.7086 -0.1114 1.0588 0.9508 0.3916 0.9702 0.88 0.9224 0.2684 0.2432 -1.0352 -0.0992 -0.7372 -0.0528 0.9776 1.0316 0.3832 0.8404 0.85 0.8248 0.2616 -0.00319999999999999 -1.1748 -0.1508 -0.8928 0.0328 0.9924 0.8884 0.3568 0.7996 0.92 0.9852
0.49 0.48 0.52 -1.21 -0.83 1.88 1.73 -1.57 1.07 -0.94 -2.04 1.92 1.99 0 0.88 1.05884077185476 0.60245312886176 1.18069804506466 -0.6958 -0.3834 0.9224 0.9254 -0.7086 0.3786 -0.4112 -1.0092 0.8816 0.9702 -0.1 0.4324 -0.6916 -0.2368 0.8848 0.8608 -0.7372 0.4272 -0.4624 -0.8884 0.8632 0.8404 -0.11 0.3448 -0.7784 -0.5232 0.9052 0.8892 -0.8928 0.5528 -0.5676 -1.1916 0.8768 0.7996 -0.12 0.4652
-0.51 0.48 0.52 1.79 2.17 0.88 1.73 2.43 -0.93 -1.94 0.96 -0.0800000000000001 -1.01 -2 -2.12 -0.774168416346697 1.06777584387681 0.299565064492252 -1.0158 -1.0834 -0.4476 -0.8046 -1.1786 0.3286 1.0388 -0.4992 -0.0184 0.5102 0.92 1.0824 0.7484 1.2032 0.4048 0.8608 1.1828 -0.5328 -0.9424 0.5516 -0.0968 -0.5996 -1.07 -1.0952 0.7816 1.0368 0.3852 0.8892 1.1872 -0.4872 -1.0876 0.3684 -0.1632 -0.7604 -1.16 -1.0948
0.49 -0.52 -0.48 0.79 0.17 -2.12 -2.27 -1.57 -1.93 2.06 0.96 1.92 -2.01 2 -1.12 1.54659815947665 1.18405792591874 0.882350608007903 0.2842 0.1066 -1.0376 -1.0346 -0.7086 -1.0914 1.0588 0.4608 0.8816 -0.9898 0.88 -0.5476 -0.5216 0.0732 1.0848 1.2108 0.8328 0.9172 -1.0824 -0.4084 -1.0568 0.9304 -1.15 0.5048 -0.5284 -0.1732 0.9452 1.0792 0.6772 0.9228 -1.0676 -0.5916 -1.0432 0.7296 -1.08 0.5452
0.49 0.48 -0.48 1.79 -1.83 0.88 -0.27 -0.57 2.07 2.06 -0.04 -1.08 -1.01 0 -0.12 -0.215945178633762 0.901527806034679 -0.574578723858423 0.7742 -0.8734 0.4324 -0.0546 -0.2186 0.8686 1.0588 -0.0292 -0.5884 -0.4998 -0.1 -0.0576 0.7484 -0.7168 0.4048 -0.0992 -0.2572 0.9072 0.9776 0.0716 -0.5768 -0.5996 -0.11 -0.1352 -1.0084 0.7868 -0.4948 0.1192 0.1972 -0.9972 -1.0676 -0.1116 0.3968 0.2496 -0.12 0.0652
0.49 0.48 0.52 -2.21 -1.83 1.88 1.73 -1.57 1.07 1.06 0.96 1.92 -1.01 2 -1.12 1.16080485482614 0.392701215482158 1.1221095040699 -1.1858 -0.8734 0.9224 0.9254 -0.7086 0.3786 0.5688 0.4608 0.8816 -0.4998 0.88 -0.5476 -1.1716 -0.7168 0.8848 0.8608 -0.7372 0.4272 0.4976 0.5516 0.8632 -0.5996 0.85 -0.6152 -1.2984 -1.0432 0.9052 0.8892 -0.8928 0.5528 0.4724 0.3684 0.8768 -0.7604 0.92 -0.5748
0.49 -0.52 0.52 -2.21 -1.83 -0.12 -2.27 -0.57 -0.93 1.06 -0.04 0.92 -0.00999999999999979 -1 1.88 0.630934500554252 2.17818460057639 0.528606294420583 -1.1858 -0.8734 -0.0576 -1.0346 -0.2186 -0.6014 0.5688 -0.0292 0.3916 -0.0098 -0.59 0.9224 1.0384 1.1132 0.0448 1.2108 0.3128 0.3972 -0.5624 0.1116 -0.5368 -0.1096 0.41 -1.0552 -1.2984 -1.0432 -0.1348 -1.1908 -0.3728 -0.4872 0.4724 -0.1516 0.3568 -0.2404 -0.64 0.9852
0.49 -0.52 0.52 -2.21 -1.83 -0.12 1.73 1.43 2.07 1.06 0.96 -0.0800000000000001 1.99 -1 -0.12 1.471121694311 1.07853862893451 4.01236600700911 -1.1858 -0.8734 -0.0576 0.9254 0.7614 0.8686 0.5688 0.4608 -0.0984 0.9702 -0.59 -0.0576 1.0384 1.1132 0.0448 -0.8692 -0.7272 -1.1628 -0.5624 -0.4084 -0.0168 -1.1496 0.41 -0.0152 -1.2984 -1.0432 -0.1348 0.8892 0.6672 1.0728 0.4724 0.3684 -0.1632 0.7996 -0.64 -0.0548
-0.51 -0.52 -0.48 -2.21 1.17 0.88 -0.27 -1.57 0.0700000000000001 1.06 -0.04 -2.08 1.99 0 -0.12 1.64766079267641 1.4176059143142 1.41243302173505 1.0242 -0.5734 -0.4476 0.2154 0.8614 -0.1814 -0.4912 0.0108 1.0016 -1.0198 -0.1 0.0624 1.0384 -0.4468 -0.4752 0.1708 0.8328 -0.1228 -0.5624 0.1116 1.0232 -1.1496 -0.11 -0.0152 0.9116 -0.6532 -0.4948 0.1192 0.6772 -0.0372 -0.5876 -0.1116 0.8768 -1.1904 -0.12 0.0652
0.49 -0.52 -0.48 1.79 0.17 -0.12 1.73 -0.57 -0.93 0.0600000000000001 -0.04 -0.0800000000000001 -0.00999999999999979 1 1.88 0.796888607893843 1.08656820720263 3.25732923647492 0.7742 0.1066 -0.0576 0.9254 -0.2186 -0.6014 0.0788 -0.0292 -0.0984 -0.0098 0.39 0.9224 -1.0416 0.0732 0.0448 -0.8692 0.3128 0.3972 -0.0424 0.1116 -0.0168 -0.1096 -0.63 -1.0552 -1.0084 -0.1732 -0.0148 -0.8408 0.1972 0.4428 -0.1076 -0.1116 -0.0832 -0.2304 -0.6 -0.8948
0.49 -0.52 0.52 1.79 2.17 1.88 -2.27 1.43 -0.93 2.06 -1.04 1.92 1.99 2 -1.12 0.998013742674495 0.366854721333423 2.45156699116844 0.7742 1.0866 0.9224 -1.0346 0.7614 -0.6014 1.0588 -0.5192 0.8816 0.9702 0.88 -0.5476 -1.0416 -0.9668 -0.9952 1.2108 -0.7272 0.3972 -1.0824 0.6316 -1.0568 -1.1496 -1.15 0.5048 0.7816 1.0368 0.9052 -1.1908 0.6672 -0.4872 0.9924 -0.6716 0.8768 0.7996 0.92 -0.5748
-0.51 -0.52 -0.48 -2.21 0.17 1.88 1.73 1.43 -1.93 0.0600000000000001 0.96 0.92 -0.00999999999999979 -2 0.88 -0.787842563768652 -1.72810194356534 0.545802231901956 1.0242 -0.0634 -0.9576 -0.8046 -0.6686 0.8386 0.0188 -0.4992 -0.5284 0.000199999999999995 0.92 -0.4476 1.0384 0.0732 -0.9952 -0.8692 -0.7272 0.9172 -0.0424 -0.4084 -0.5368 -0.1096 0.93 -0.5352 0.9116 -0.1732 -0.9748 -0.8408 -0.7628 0.9228 -0.1076 -0.5916 -0.5632 -0.2304 0.84 -0.4148
0.49 0.48 0.52 1.79 -1.83 1.88 1.73 -1.57 2.07 2.06 1.96 -0.0800000000000001 -1.01 2 -0.12 1.37503311473689 1.98559825433723 4.09549556812185 0.7742 -0.8734 0.9224 0.9254 -0.7086 0.8686 1.0588 0.9508 -0.0984 -0.4998 0.88 -0.0576 0.7484 -0.7168 0.8848 0.8608 -0.7372 0.9072 0.9776 1.0316 -0.0968 -0.5996 0.85 -0.1352 0.7816 -1.0432 0.9052 0.8892 -0.8928 1.0728 0.9924 0.8884 -0.1632 -0.7604 0.92 -0.0548
0.49 0.48 0.52 -2.21 2.17 -0.12 0.73 1.43 -1.93 2.06 1.96 1.92 0.99 0 -0.12 -0.571164315682364 0.421396839918412 -0.583552213696469 -1.1858 1.0866 -0.0576 0.4354 0.7614 -1.0914 1.0588 0.9508 0.8816 0.4802 -0.1 -0.0576 -1.1716 1.2032 -0.0752 0.3808 0.7028 -1.0128 0.9776 1.0316 0.8632 0.3604 -0.11 -0.1352 -1.2984 1.0368 -0.1348 0.3692 0.6672 -1.0072 0.9924 0.8884 0.8768 0.2796 -0.12 -0.0548
0.49 0.48 0.52 1.79 -1.83 -0.12 1.73 1.43 2.07 -0.94 1.96 1.92 1.99 2 1.88 1.44380453003493 1.28286296540082 1.10300641559355 0.7742 -0.8734 -0.0576 0.9254 0.7614 0.8686 -0.4112 0.9508 0.8816 0.9702 0.88 0.9224 0.7484 -0.7168 -0.0752 0.8608 0.7028 0.9072 -0.4624 1.0316 0.8632 0.8404 0.85 0.8248 0.7816 -1.0432 -0.1348 0.8892 0.6672 1.0728 -0.5676 0.8884 0.8768 0.7996 0.92 0.9852
-0.51 -0.52 -0.48 -1.21 -1.83 -1.12 -2.27 2.43 -1.93 -0.94 0.96 -2.08 -0.00999999999999979 0 -1.12 -0.904427166444389 -1.3300540810423 -1.68041799828358 0.5142 0.9566 0.5724 1.2354 -1.1786 0.8386 0.5288 -0.4992 1.0016 0.000199999999999995 -0.1 0.5724 0.5184 1.1132 0.5648 1.2108 -1.2472 0.9172 0.4776 -0.4084 1.0232 -0.1096 -0.11 0.5048 0.4316 0.7868 0.4652 1.0792 -1.2428 0.9228 0.3724 -0.5916 0.8768 -0.2304 -0.12 0.5452
0.49 -0.52 -0.48 1.79 1.17 -2.12 -0.27 -1.57 -0.93 -1.94 -0.04 1.92 -2.01 -2 -0.12 0.304573191651039 0.436283000827505 0.419595979345498 0.7742 0.5966 -1.0376 -0.0546 -0.7086 -0.6014 -0.9012 -0.0292 0.8816 -0.9898 -1.08 -0.0576 -1.0416 -0.4468 1.0848 0.1708 0.8328 0.3972 0.9976 0.1116 -1.0568 0.9304 0.93 -0.0152 -1.0084 -0.6532 0.9452 0.1192 0.6772 0.4428 0.8524 -0.1116 -1.0432 0.7296 0.84 0.0652
-0.51 -0.52 -0.48 -2.21 -1.83 -2.12 -2.27 -1.57 -0.93 -1.94 -2.04 -2.08 -2.01 -1 -2.12 -1.36329308209799 1.72118664899187 1.40952315795787 1.0242 0.9566 1.0824 1.2354 0.8614 0.3286 1.0388 1.0308 1.0016 1.0202 0.41 1.0824 1.0384 1.1132 1.0848 1.2108 0.8328 0.3972 0.9976 1.1516 1.0232 0.9304 0.41 1.0248 0.9116 0.7868 0.9452 1.0792 0.6772 0.4428 0.8524 0.8484 0.8768 0.7296 0.36 1.0252
0.49 -0.52 0.52 0.79 2.17 1.88 1.73 -0.57 2.07 0.0600000000000001 -0.04 -0.0800000000000001 -2.01 -1 1.88 0.666510433473991 -0.076394424693083 -0.971099030501529 0.2842 1.0866 0.9224 0.9254 -0.2186 0.8686 0.0788 -0.0292 -0.0984 -0.9898 -0.59 0.9224 -0.5216 -0.9668 -0.9952 -0.8692 0.3128 -1.1628 -0.0424 0.1116 -0.0168 0.9304 0.41 -1.0552 0.2616 1.0368 0.9052 0.8892 -0.3728 1.0728 -0.0476 -0.1516 -0.1632 -1.2804 -0.64 0.9852
-0.51 -0.52 -0.48 -2.21 -1.83 -0.12 1.73 -1.57 2.07 -1.94 1.96 -0.0800000000000001 -1.01 0 -0.12 1.03325257815524 0.394837929365765 -0.380171747230729 1.0242 0.9566 0.0624 -0.8046 0.8614 -1.2014 1.0388 -1.0092 -0.0184 0.5102 -0.1 0.0624 1.0384 1.1132 0.0448 -0.8692 0.8328 -1.1628 0.9976 -0.9284 -0.0168 0.4104 -0.11 -0.0152 0.9116 0.7868 -0.0148 -0.8408 0.6772 -0.9972 0.8524 -1.0716 -0.0832 0.2496 -0.12 0.0652
-0.51 0.48 0.52 1.79 -0.83 1.88 0.73 -0.57 -1.93 1.06 -0.04 -2.08 -0.00999999999999979 2 0.88 0.478453488619799 2.77010709471219 1.47282377859945 -1.0158 0.4466 -0.9576 -0.2946 0.3514 0.8386 -0.4912 0.0108 1.0016 0.000199999999999995 -1.12 -0.4476 0.7484 -0.2368 0.8848 0.3808 -0.2572 -1.0128 0.4976 0.0716 -1.0568 -0.1196 0.85 0.3448 0.7816 -0.5232 0.9052 0.3692 -0.3728 -1.0072 0.4724 -0.1516 -1.2032 -0.2404 0.92 0.4652
0.49 0.48 0.52 1.79 -1.83 0.88 0.73 -1.57 2.07 1.06 0.96 1.92 1.99 0 0.88 1.74424183639522 2.75922042161309 4.21742317087092 0.7742 -0.8734 0.4324 0.4354 -0.7086 0.8686 0.5688 0.4608 0.8816 0.9702 -0.1 0.4324 0.7484 -0.7168 0.4048 0.3808 -0.7372 0.9072 0.4976 0.5516 0.8632 0.8404 -0.11 0.3448 0.7816 -1.0432 0.3852 0.3692 -0.8928 1.0728 0.4724 0.3684 0.8768 0.7996 -0.12 0.4652
0.49 0.48 0.52 -1.21 -1.83 1.88 -1.27 -1.57 -1.93 -1.94 1.96 0.92 1.99 0 -1.12 1.22225621901947 1.20244289087323 2.94045113932022 -0.6958 -0.8734 0.9224 -0.5446 -0.7086 -1.0914 -0.9012 0.9508 0.3916 0.9702 -0.1 -0.5476 -0.6916 -0.7168 0.8848 -0.5792 -0.7372 -1.0128 -0.9424 1.0316 0.3832 0.8404 -0.11 -0.6152 -0.7784 -1.0432 0.9052 -0.6708 -0.8928 -1.0072 -1.0876 0.8884 0.3568 0.7996 -0.12 -0.5748
-0.51 -0.52 0.52 -2.21 -0.83 0.88 1.73 1.43 -1.93 1.06 0.96 -0.0800000000000001 -2.01 0 -1.12 1.3331199042187 -0.783770663203111 2.23161579999176 1.0242 0.4466 -0.4476 -0.8046 -0.6686 0.8386 -0.4912 -0.4992 -0.0184 1.0202 -0.1 0.5724 1.0384 0.5932 -0.4752 -0.8692 -0.7272 0.9172 -0.5624 -0.4084 -0.0168 0.9304 -0.11 0.5048 -1.2984 -0.5232 0.3852 0.8892 0.6672 -1.0072 0.4724 0.3684 -0.1632 -1.2804 -0.12 -0.5748
0.49 0.48 -0.48 0.79 1.17 -2.12 -2.27 -1.57 1.07 -1.94 -2.04 -2.08 -2.01 -1 -0.12 1.48303788648739 0.761495417441987 1.76932698935624 0.2842 0.5966 -1.0376 -1.0346 -0.7086 0.3786 -0.9012 -1.0092 -1.0784 -0.9898 -0.59 -0.0576 0.2684 0.7232 -1.0352 -1.0592 -0.7372 0.4272 -0.9424 -0.8884 -1.0568 -1.0796 -0.59 -0.1352 -0.5284 -0.6532 0.9452 1.0792 0.6772 -0.5172 0.8524 0.8484 0.8768 0.7296 0.36 0.0652
0.49 0.48 0.52 0.79 0.17 -2.12 0.73 0.43 -1.93 -0.94 -0.04 -0.0800000000000001 0.99 2 -1.12 0.443295017978469 0.0103745160154181 1.7427386636348 0.2842 0.1066 -1.0376 0.4354 0.2714 -1.0914 -0.4112 -0.0292 -0.0984 0.4802 0.88 -0.5476 0.2684 0.2432 -1.0352 0.3808 0.2228 -1.0128 -0.4624 0.0716 -0.0968 0.3604 0.85 -0.6152 0.2616 -0.00319999999999999 -1.1748 0.3692 0.1472 -1.0072 -0.5676 -0.1516 -0.1632 0.2796 0.92 -0.5748
-0.51 -0.52 -0.48 -2.21 1.17 -1.12 1.73 -1.57 -1.93 1.06 -0.04 -0.0800000000000001 -2.01 -2 0.88 -0.048949961528678 -0.108950387484025 -0.95767361961935 1.0242 -0.5734 0.5724 -0.8046 0.8614 0.8386 -0.4912 0.0108 -0.0184 1.0202 0.92 -0.4476 1.0384 -0.4468 0.5648 -0.8692 0.8328 0.9172 -0.5624 0.1116 -0.0168 0.9304 0.93 -0.5352 0.9116 -0.6532 0.4652 -0.8408 0.6772 0.9228 -0.5876 -0.1116 -0.0832 0.7296 0.84 -0.4148
-0.51 0.48 -0.48 -1.21 -1.83 -1.12 1.73 -1.57 2.07 0.0600000000000001 1.96 1.92 0.99 -1 0.88 0.90423825681171 1.06934575395364 1.9128536912766 0.5142 0.9566 0.5724 -0.8046 0.8614 -1.2014 0.0188 -1.0092 -1.0384 -0.5098 0.41 -0.4476 -0.6916 -0.7168 -0.5552 0.8608 -0.7372 0.9072 0.0176 1.0316 0.8632 0.3604 -0.59 0.3448 0.4316 0.7868 0.4652 -0.8408 0.6772 -0.9972 -0.1076 -1.0716 -1.0432 -0.7104 0.36 -0.4148
0.49 0.48 0.52 1.79 0.17 0.88 -2.27 1.43 1.07 2.06 -1.04 -0.0800000000000001 1.99 0 -1.12 0.399335755021774 0.328078484653524 0.534424515485216 0.7742 0.1066 0.4324 -1.0346 0.7614 0.3786 1.0588 -0.5192 -0.0984 0.9702 -0.1 -0.5476 0.7484 0.2432 0.4048 -1.0592 0.7028 0.4272 0.9776 -0.4084 -0.0968 0.8404 -0.11 -0.6152 0.7816 -0.00319999999999999 0.3852 -1.1908 0.6672 0.5528 0.9924 -0.6716 -0.1632 0.7996 -0.12 -0.5748
-0.51 -0.52 -0.48 0.79 -1.83 -0.12 1.73 2.43 0.0700000000000001 -0.94 -0.04 0.92 0.99 2 1.88 1.337881948189 0.66981994944491 0.675627458087758 -0.5058 0.9566 0.0624 -0.8046 -1.1786 -0.1814 0.5288 0.0108 -0.5284 -0.5098 -1.12 -0.9576 -0.5216 1.1132 0.0448 -0.8692 -1.2472 -0.1228 0.4776 0.1116 -0.5368 -0.6296 -1.15 -1.0552 -0.5284 0.7868 -0.0148 -0.8408 -1.2428 -0.0372 0.3724 -0.1116 -0.5632 -0.7104 -1.08 -0.8948
0.49 0.48 0.52 1.79 -0.83 -1.12 -0.27 2.43 -1.93 2.06 1.96 -2.08 -1.01 2 1.88 -0.455379505769393 0.0771395741083249 -0.673287377726955 0.7742 -0.3834 -0.5476 -0.0546 1.2514 -1.0914 1.0588 0.9508 -1.0784 -0.4998 0.88 0.9224 0.7484 -0.2368 -0.5552 -0.0992 1.1828 -1.0128 0.9776 1.0316 -1.0568 -0.5996 0.85 0.8248 0.7816 -0.5232 -0.6548 -0.1508 1.1872 -1.0072 0.9924 0.8884 -1.2032 -0.7604 0.92 0.9852
-0.51 0.48 -0.48 1.79 -1.83 -0.12 -2.27 2.43 0.0700000000000001 1.06 -1.04 -1.08 -0.00999999999999979 -2 -2.12 0.516718135766759 0.574830450771683 0.888109796299749 -1.0158 0.9566 0.0624 1.2354 -1.1786 -0.1814 -0.4912 0.5208 0.4916 0.000199999999999995 0.92 1.0824 0.7484 -0.7168 -0.0752 -1.0592 1.1828 -0.0528 0.4976 -0.4084 -0.5768 -0.1196 -1.07 -1.0952 -1.0084 0.7868 -0.0148 1.0792 -1.2428 -0.0372 -0.5876 0.3684 0.3968 -0.2304 0.84 1.0252
-0.51 -0.52 -0.48 -2.21 -0.83 -2.12 -1.27 -1.57 0.0700000000000001 -1.94 -1.04 -0.0800000000000001 -2.01 -2 -0.12 0.436740070920709 0.0670764958011475 0.349832511608893 1.0242 0.4466 1.0824 0.7254 0.8614 -0.1814 1.0388 0.5208 -0.0184 1.0202 0.92 0.0624 1.0384 0.5932 1.0848 0.6908 0.8328 -0.1228 0.9976 0.6316 -0.0168 0.9304 0.93 -0.0152 0.9116 0.3068 0.9452 0.5992 0.6772 -0.0372 0.8524 0.3684 -0.0832 0.7296 0.84 0.0652
-0.51 0.48 0.52 -2.21 -1.83 -1.12 1.73 1.43 -1.93 1.06 -2.04 -1.08 -1.01 -2 -1.12 -0.259340736407413 0.123977962378596 0.442324073315078 1.0242 0.9566 0.5724 -0.8046 -0.6686 0.8386 -0.4912 1.0308 0.4916 0.5102 0.92 0.5724 -1.1716 -0.7168 -0.5552 0.8608 0.7028 -1.0128 0.4976 -0.8884 -0.5768 -0.5996 -1.07 -0.6152 -1.2984 -1.0432 -0.6548 0.8892 0.6672 -1.0072 0.4724 -1.1916 -0.6832 -0.7604 -1.16 -0.5748
0.49 -0.52 -0.48 -1.21 -0.83 0.88 -1.27 2.43 0.0700000000000001 0.0600000000000001 0.96 0.92 0.99 2 -2.12 0.694238573700956 1.29833233343589 1.59752334345092 -0.6958 -0.3834 0.4324 -0.5446 1.2514 -0.1114 0.0788 0.4608 0.3916 0.4802 0.88 -1.0376 0.5184 0.5932 -0.4752 0.6908 -1.2472 -0.1228 -0.0424 -0.4084 -0.5368 -0.6296 -1.15 1.0248 0.4316 0.3068 -0.4948 0.5992 -1.2428 -0.0372 -0.1076 -0.5916 -0.5632 -0.7104 -1.08 1.0252
-0.51 -0.52 -0.48 0.79 2.17 1.88 1.73 2.43 -1.93 2.06 0.96 -0.0800000000000001 1.99 1 -0.12 2.06744121743314 1.26588255919424 2.94047651316644 -0.5058 -1.0834 -0.9576 -0.8046 -1.1786 0.8386 -1.0012 -0.4992 -0.0184 -1.0198 -0.61 0.0624 -0.5216 -0.9668 -0.9952 -0.8692 -1.2472 0.9172 -1.0824 -0.4084 -0.0168 -1.1496 -0.63 -0.0152 -0.5284 -1.1332 -0.9748 -0.8408 -1.2428 0.9228 -1.0676 -0.5916 -0.0832 -1.1904 -0.6 0.0652
-0.51 0.48 -0.48 -2.21 -1.83 -0.12 1.73 -1.57 2.07 -0.94 -2.04 -1.08 -0.00999999999999979 1 0.88 0.295408816047765 0.0359281981135322 0.417954228025782 1.0242 0.9566 0.0624 -0.8046 0.8614 -1.2014 0.5288 1.0308 0.4916 0.000199999999999995 -0.61 -0.4476 -1.1716 -0.7168 -0.0752 0.8608 -0.7372 0.9072 -0.4624 -0.8884 -0.5768 -0.1196 0.37 0.3448 0.9116 0.7868 -0.0148 -0.8408 0.6772 -0.9972 0.3724 0.8484 0.3968 -0.2304 -0.6 -0.4148
-0.51 -0.52 -0.48 -1.21 1.17 -2.12 -0.27 -1.57 -0.93 1.06 0.96 1.92 1.99 1 1.88 0.460758002085963 0.516604683425344 0.782404516294183 0.5142 -0.5734 1.0824 0.2154 0.8614 0.3286 -0.4912 -0.4992 -1.0384 -1.0198 -0.61 -0.9576 0.5184 -0.4468 1.0848 0.1708 0.8328 0.3972 -0.5624 -0.4084 -1.0568 -1.1496 -0.63 -1.0552 0.4316 -0.6532 0.9452 0.1192 0.6772 0.4428 -0.5876 -0.5916 -1.0432 -1.1904 -0.6 -0.8948
-0.51 0.48 -0.48 -0.21 -1.83 0.88 1.73 -0.57 2.07 0.0600000000000001 1.96 1.92 -1.01 1 0.88 2.17881084419272 1.00384850551453 1.60265347363954 0.00420000000000001 0.9566 -0.4476 -0.8046 0.3514 -1.2014 0.0188 -1.0092 -1.0384 0.5102 -0.61 -0.4476 -0.2116 -0.7168 0.4048 0.8608 -0.2572 0.9072 0.0176 1.0316 0.8632 -0.5996 0.37 0.3448 -0.0484 0.7868 -0.4948 -0.8408 0.1972 -0.9972 -0.1076 -1.0716 -1.0432 0.2496 -0.6 -0.4148
0.49 0.48 0.52 -2.21 -1.83 -2.12 -1.27 -1.57 -1.93 -1.94 -2.04 -2.08 -2.01 -2 -2.12 -0.179831296307146 0.413758923486106 -0.0283166918697941 -1.1858 -0.8734 -1.0376 -0.5446 -0.7086 -1.0914 -0.9012 -1.0092 -1.0784 -0.9898 -1.08 -1.0376 -1.1716 -0.7168 -1.0352 -0.5792 -0.7372 -1.0128 -0.9424 -0.8884 -1.0568 -1.0796 -1.07 -1.0952 -1.2984 -1.0432 -1.1748 -0.6708 -0.8928 -1.0072 -1.0876 -1.1916 -1.2032 -1.2804 -1.16 -1.0948
0.49 0.48 -0.48 1.79 -1.83 -2.12 0.73 1.43 2.07 -0.94 -1.04 0.92 -0.00999999999999979 0 1.88 0.528525210190471 1.36861645570379 1.38002964656972 0.7742 -0.8734 -1.0376 0.4354 0.7614 0.8686 -0.4112 -0.5192 0.3916 -0.0098 -0.1 0.9224 0.7484 -0.7168 -1.0352 0.3808 0.7028 0.9072 -0.4624 -0.4084 0.3832 -0.1196 -0.11 0.8248 -1.0084 0.7868 0.9452 -0.3608 -0.7628 -0.9972 0.3724 0.3684 -0.5632 -0.2304 -0.12 -0.8948
-0.51 -0.52 0.52 1.79 2.17 0.88 1.73 2.43 2.07 2.06 -0.04 1.92 0.99 1 -0.12 1.45140362747221 0.820658254576906 -0.132874944899252 -1.0158 -1.0834 -0.4476 -0.8046 -1.1786 -1.2014 -1.0012 0.0108 -1.0384 -0.5098 -0.61 0.0624 -1.0416 -0.9668 -0.4752 -0.8692 -1.2472 -1.1628 -1.0824 0.1116 -1.0568 -0.6296 -0.63 -0.0152 0.7816 1.0368 0.3852 0.8892 1.1872 1.0728 0.9924 -0.1516 0.8768 0.2796 0.4 -0.0548
-0.51 0.48 0.52 1.79 -0.83 -1.12 -1.27 0.43 2.07 2.06 1.96 1.92 1.99 0 1.88 -0.633313585531199 -0.448313774408505 -0.501882884038464 -1.0158 0.4466 0.5724 0.7254 -0.1586 -1.2014 -1.0012 -1.0092 -1.0384 -1.0198 -0.1 -0.9576 0.7484 -0.2368 -0.5552 -0.5792 0.2228 0.9072 0.9776 1.0316 0.8632 0.8404 -0.11 0.8248 0.7816 -0.5232 -0.6548 -0.6708 0.1472 1.0728 0.9924 0.8884 0.8768 0.7996 -0.12 0.9852
-0.51 -0.52 -0.48 1.79 2.17 1.88 1.73 2.43 1.07 2.06 0.96 0.92 -2.01 2 0.88 -0.354037073323597 0.808447775180327 0.845424966510756 -1.0158 -1.0834 -0.9576 -0.8046 -1.1786 -0.6914 -1.0012 -0.4992 -0.5284 1.0202 -1.12 -0.4476 -1.0416 -0.9668 -0.9952 -0.8692 -1.2472 -0.6428 -1.0824 -0.4084 -0.5368 0.9304 -1.15 -0.5352 -1.0084 -1.1332 -0.9748 -0.8408 -1.2428 -0.5172 -1.0676 -0.5916 -0.5632 0.7296 -1.08 -0.4148
0.49 -0.52 -0.48 -2.21 2.17 -1.12 -0.27 2.43 2.07 -0.94 -2.04 -2.08 -2.01 -2 -2.12 0.190930104661231 -0.324156301338687 -1.1868220433224 -1.1858 1.0866 -0.5476 -0.0546 1.2514 0.8686 -0.4112 -1.0092 -1.0784 -0.9898 -1.08 -1.0376 1.0384 -0.9668 0.5648 0.1708 -1.2472 -1.1628 0.4776 1.1516 1.0232 0.9304 0.93 1.0248 0.9116 -1.1332 0.4652 0.1192 -1.2428 -0.9972 0.3724 0.8484 0.8768 0.7296 0.84 1.0252
0.49 -0.52 -0.48 -2.21 -1.83 0.88 -1.27 -1.57 -1.93 -1.94 -2.04 -2.08 -2.01 1 -1.12 0.516464438121407 -0.663363312588516 -0.753344063469043 -1.1858 -0.8734 0.4324 -0.5446 -0.7086 -1.0914 -0.9012 -1.0092 -1.0784 -0.9898 0.39 -0.5476 1.0384 1.1132 -0.4752 0.6908 0.8328 0.9172 0.9976 1.1516 1.0232 0.9304 -0.63 0.5048 0.9116 0.7868 -0.4948 0.5992 0.6772 0.9228 0.8524 0.8484 0.8768 0.7296 -0.6 0.5452
0.49 0.48 0.52 1.79 -1.83 -2.12 -1.27 -1.57 1.07 -1.94 -2.04 -1.08 -1.01 -1 0.88 2.31455853359912 1.75398341681711 1.44943555419638 0.7742 -0.8734 -1.0376 -0.5446 -0.7086 0.3786 -0.9012 -1.0092 -0.5884 -0.4998 -0.59 0.4324 0.7484 -0.7168 -1.0352 -0.5792 -0.7372 0.4272 -0.9424 -0.8884 -0.5768 -0.5996 -0.59 0.3448 0.7816 -1.0432 -1.1748 -0.6708 -0.8928 0.5528 -1.0876 -1.1916 -0.6832 -0.7604 -0.64 0.4652
-0.51 -0.52 -0.48 -2.21 -0.83 1.88 0.73 -1.57 -1.93 -1.94 0.96 -2.08 -0.00999999999999979 -1 -0.12 0.419765065861822 0.140064043385267 0.754718804276041 1.0242 0.4466 -0.9576 -0.2946 0.8614 0.8386 1.0388 -0.4992 1.0016 0.000199999999999995 0.41 0.0624 1.0384 0.5932 -0.9952 -0.3492 0.8328 0.9172 0.9976 -0.4084 1.0232 -0.1096 0.41 -0.0152 0.9116 0.3068 -0.9748 -0.3608 0.6772 0.9228 0.8524 -0.5916 0.8768 -0.2304 0.36 0.0652
-0.51 -0.52 -0.48 -2.21 1.17 -1.12 1.73 0.43 -1.93 1.06 -2.04 -2.08 -2.01 -2 -2.12 -0.245532463515813 0.210582195930674 1.80854674812044 1.0242 -0.5734 0.5724 -0.8046 -0.1586 0.8386 -0.4912 1.0308 1.0016 1.0202 0.92 1.0824 1.0384 -0.4468 0.5648 -0.8692 -0.2072 0.9172 -0.5624 1.1516 1.0232 0.9304 0.93 1.0248 0.9116 -0.6532 0.4652 -0.8408 -0.2828 0.9228 -0.5876 0.8484 0.8768 0.7296 0.84 1.0252
0.49 -0.52 -0.48 0.79 0.17 -1.12 -2.27 0.43 0.0700000000000001 -0.94 -2.04 -2.08 -1.01 -2 -0.12 -0.0608780512365471 0.477774568636665 0.585681098880571 0.2842 0.1066 -0.5476 -1.0346 0.2714 -0.1114 -0.4112 -1.0092 -1.0784 -0.4998 -1.08 -0.0576 -0.5216 0.0732 0.5648 1.2108 -0.2072 -0.1228 0.4776 1.1516 1.0232 0.4104 0.93 -0.0152 -0.5284 -0.1732 0.4652 1.0792 -0.2828 -0.0372 0.3724 0.8484 0.8768 0.2496 0.84 0.0652
-0.51 0.48 -0.48 -2.21 -1.83 1.88 1.73 0.43 -1.93 0.0600000000000001 -2.04 -2.08 0.99 -1 -0.12 0.314426599347353 -1.15665736519032 -0.442389104853923 1.0242 0.9566 -0.9576 -0.8046 -0.1586 0.8386 0.0188 1.0308 1.0016 -0.5098 0.41 0.0624 -1.1716 -0.7168 0.8848 0.8608 0.2228 -1.0128 0.0176 -0.8884 -1.0568 0.3604 -0.59 -0.1352 0.9116 0.7868 -0.9748 -0.8408 -0.2828 0.9228 -0.1076 0.8484 0.8768 -0.7104 0.36 0.0652
-0.51 0.48 -0.48 -0.21 2.17 0.88 1.73 1.43 -0.93 1.06 0.96 -2.08 -1.01 1 1.88 1.56800651713589 2.68528973166581 2.10686722701394 0.00420000000000001 -1.0834 -0.4476 -0.8046 -0.6686 0.3286 -0.4912 -0.4992 1.0016 0.5102 -0.61 -0.9576 -0.2116 1.2032 0.4048 0.8608 0.7028 -0.5328 0.4976 0.5516 -1.0568 -0.5996 0.37 0.8248 -0.0484 -1.1332 -0.4948 -0.8408 -0.7628 0.4428 -0.5876 -0.5916 0.8768 0.2496 -0.6 -0.8948
0.49 0.48 -0.48 -2.21 -1.83 1.88 -1.27 1.43 2.07 1.06 1.96 1.92 -1.01 0 0.88 1.99183060391143 1.48727433205013 2.95373675785937 -1.1858 -0.8734 0.9224 -0.5446 0.7614 0.8686 0.5688 0.9508 0.8816 -0.4998 -0.1 0.4324 -1.1716 -0.7168 0.8848 -0.5792 0.7028 0.9072 0.4976 1.0316 0.8632 -0.5996 -0.11 0.3448 0.9116 0.7868 -0.9748 0.5992 -0.7628 -0.9972 -0.5876 -1.0716 -1.0432 0.2496 -0.12 -0.4148
-0.51 -0.52 -0.48 -0.21 -1.83 -0.12 1.73 -1.57 -0.93 1.06 0.96 -0.0800000000000001 1.99 -1 1.88 1.20821700617374 0.417969087693234 2.06419393989556 0.00420000000000001 0.9566 0.0624 -0.8046 0.8614 0.3286 -0.4912 -0.4992 -0.0184 -1.0198 0.41 -0.9576 -0.00159999999999998 1.1132 0.0448 -0.8692 0.8328 0.3972 -0.5624 -0.4084 -0.0168 -1.1496 0.41 -1.0552 -0.0484 0.7868 -0.0148 -0.8408 0.6772 0.4428 -0.5876 -0.5916 -0.0832 -1.1904 0.36 -0.8948
0.49 -0.52 0.52 0.79 2.17 -2.12 1.73 -0.57 0.0700000000000001 -0.94 1.96 0.92 1.99 0 0.88 -0.335042408844143 1.93179514497591 2.40721171926128 0.2842 1.0866 -1.0376 0.9254 -0.2186 -0.1114 -0.4112 0.9508 0.3916 0.9702 -0.1 0.4324 -0.5216 -0.9668 1.0848 -0.8692 0.3128 -0.1228 0.4776 -0.9284 -0.5368 -1.1496 -0.11 -0.5352 0.2616 1.0368 -1.1748 0.8892 -0.3728 0.0328 -0.5676 0.8884 0.3568 0.7996 -0.12 0.4652
-0.51 0.48 -0.48 1.79 2.17 1.88 1.73 -1.57 2.07 0.0600000000000001 -0.04 -1.08 -2.01 2 -0.12 0.746699045324494 0.980344554728866 1.30594814179232 -1.0158 -1.0834 -0.9576 -0.8046 0.8614 -1.2014 0.0188 0.0108 0.4916 1.0202 -1.12 0.0624 0.7484 1.2032 0.8848 0.8608 -0.7372 0.9072 0.0176 0.0716 -0.5768 -1.0796 0.85 -0.1352 -1.0084 -1.1332 -0.9748 -0.8408 0.6772 -0.9972 -0.1076 -0.1116 0.3968 0.7296 -1.08 0.0652
0.49 -0.52 0.52 1.79 2.17 1.88 -2.27 1.43 -1.93 0.0600000000000001 -1.04 -1.08 -0.00999999999999979 2 -0.12 1.69287787880808 1.53306269726939 1.7521917464535 0.7742 1.0866 0.9224 -1.0346 0.7614 -1.0914 0.0788 -0.5192 -0.5884 -0.0098 0.88 -0.0576 -1.0416 -0.9668 -0.9952 1.2108 -0.7272 0.9172 -0.0424 0.6316 0.5032 -0.1096 -1.15 -0.0152 0.7816 1.0368 0.9052 -1.1908 0.6672 -1.0072 -0.0476 -0.6716 -0.6832 -0.2404 0.92 -0.0548
-0.51 -0.52 -0.48 1.79 1.17 -0.12 -2.27 -1.57 0.0700000000000001 -0.94 -1.04 -2.08 -2.01 0 0.88 0.82491761621737 0.129479498619959 2.21599105717261 -1.0158 -0.5734 0.0624 1.2354 0.8614 -0.1814 0.5288 0.5208 1.0016 1.0202 -0.1 -0.4476 -1.0416 -0.4468 0.0448 1.2108 0.8328 -0.1228 0.4776 0.6316 1.0232 0.9304 -0.11 -0.5352 -1.0084 -0.6532 -0.0148 1.0792 0.6772 -0.0372 0.3724 0.3684 0.8768 0.7296 -0.12 -0.4148
0.49 0.48 0.52 0.79 0.17 -2.12 -2.27 0.43 -1.93 -1.94 -2.04 -2.08 -0.00999999999999979 -1 -0.12 1.17242589082458 0.855316018626684 -0.717661688288798 0.2842 0.1066 -1.0376 -1.0346 0.2714 -1.0914 -0.9012 -1.0092 -1.0784 -0.0098 -0.59 -0.0576 0.2684 0.2432 -1.0352 -1.0592 0.2228 -1.0128 -0.9424 -0.8884 -1.0568 -0.1196 -0.59 -0.1352 0.2616 -0.00319999999999999 -1.1748 -1.1908 0.1472 -1.0072 -1.0876 -1.1916 -1.2032 -0.2404 -0.64 -0.0548
0.49 -0.52 0.52 -0.21 0.17 -1.12 0.73 -0.57 2.07 0.0600000000000001 -0.04 -0.0800000000000001 -2.01 -2 -1.12 1.07020315070498 0.492914208095678 -0.504299942327252 -0.2058 0.1066 -0.5476 0.4354 -0.2186 0.8686 0.0788 -0.0292 -0.0984 -0.9898 -1.08 -0.5476 -0.00159999999999998 0.0732 0.5648 -0.3492 0.3128 -1.1628 -0.0424 0.1116 -0.0168 0.9304 0.93 0.5048 -0.2584 -0.00319999999999999 -0.6548 0.3692 -0.3728 1.0728 -0.0476 -0.1516 -0.1632 -1.2804 -1.16 -0.5748
0.49 0.48 0.52 1.79 2.17 1.88 -2.27 0.43 0.0700000000000001 2.06 0.96 -0.0800000000000001 1.99 1 -0.12 -0.216908054210611 1.44988868548316 1.82019846628869 0.7742 1.0866 0.9224 -1.0346 0.2714 -0.1114 1.0588 0.4608 -0.0984 0.9702 0.39 -0.0576 0.7484 1.2032 0.8848 -1.0592 0.2228 -0.0528 0.9776 0.5516 -0.0968 0.8404 0.37 -0.1352 0.7816 1.0368 0.9052 -1.1908 0.1472 0.0328 0.9924 0.3684 -0.1632 0.7996 0.4 -0.0548
-0.51 0.48 -0.48 -0.21 2.17 1.88 -2.27 -1.57 -1.93 -1.94 -2.04 -2.08 -0.00999999999999979 -1 -2.12 -0.810014002281928 0.271544951386183 -0.2831010630259 0.00420000000000001 -1.0834 -0.9576 1.2354 0.8614 0.8386 1.0388 1.0308 1.0016 0.000199999999999995 0.41 1.0824 -0.2116 1.2032 0.8848 -1.0592 -0.7372 -1.0128 -0.9424 -0.8884 -1.0568 -0.1196 -0.59 -1.0952 -0.0484 -1.1332 -0.9748 1.0792 0.6772 0.9228 0.8524 0.8484 0.8768 -0.2304 0.36 1.0252
0.49 -0.52 0.52 -0.21 -0.83 1.88 1.73 0.43 0.0700000000000001 0.0600000000000001 1.96 0.92 1.99 1 0.88 2.27223638120923 2.96901907639616 3.59527728120251 -0.2058 -0.3834 0.9224 0.9254 0.2714 -0.1114 0.0788 0.9508 0.3916 0.9702 0.39 0.4324 -0.00159999999999998 0.5932 -0.9952 -0.8692 -0.2072 -0.1228 -0.0424 -0.9284 -0.5368 -1.1496 -0.63 -0.5352 -0.2584 -0.5232 0.9052 0.8892 0.1472 0.0328 -0.0476 0.8884 0.3568 0.7996 0.4 0.4652
0.49 -0.52 0.52 -2.21 2.17 -1.12 -1.27 -0.57 2.07 0.0600000000000001 -1.04 -2.08 1.99 2 -0.12 0.326836635415262 0.538494571787122 -0.178920816384645 -1.1858 1.0866 -0.5476 -0.5446 -0.2186 0.8686 0.0788 -0.5192 -1.0784 0.9702 0.88 -0.0576 1.0384 -0.9668 0.5648 0.6908 0.3128 -1.1628 -0.0424 0.6316 1.0232 -1.1496 -1.15 -0.0152 -1.2984 1.0368 -0.6548 -0.6708 -0.3728 1.0728 -0.0476 -0.6716 -1.2032 0.7996 0.92 -0.0548
-0.51 -0.52 0.52 1.79 2.17 -2.12 1.73 2.43 -1.93 -0.94 0.96 -0.0800000000000001 1.99 -2 -2.12 1.27592689599999 1.19677311765902 2.09496911600902 -1.0158 -1.0834 1.0824 -0.8046 -1.1786 0.8386 0.5288 -0.4992 -0.0184 -1.0198 0.92 1.0824 -1.0416 -0.9668 1.0848 -0.8692 -1.2472 0.9172 0.4776 -0.4084 -0.0168 -1.1496 0.93 1.0248 0.7816 1.0368 -1.1748 0.8892 1.1872 -1.0072 -0.5676 0.3684 -0.1632 0.7996 -1.16 -1.0948
0.49 -0.52 -0.48 -1.21 -1.83 1.88 -0.27 -1.57 2.07 -0.94 -1.04 -2.08 -2.01 -2 -2.12 0.23978789941563 -0.551776673881787 1.0574691630544 -0.6958 -0.8734 0.9224 -0.0546 -0.7086 0.8686 -0.4112 -0.5192 -1.0784 -0.9898 -1.08 -1.0376 0.5184 1.1132 -0.9952 0.1708 0.8328 -1.1628 0.4776 0.6316 1.0232 0.9304 0.93 1.0248 0.4316 0.7868 -0.9748 0.1192 0.6772 -0.9972 0.3724 0.3684 0.8768 0.7296 0.84 1.0252
0.49 -0.52 -0.48 1.79 0.17 -2.12 -1.27 0.43 2.07 -1.94 -0.04 1.92 -2.01 -2 -0.12 0.591916888575112 1.40932073163975 1.40921417805991 0.7742 0.1066 -1.0376 -0.5446 0.2714 0.8686 -0.9012 -0.0292 0.8816 -0.9898 -1.08 -0.0576 -1.0416 0.0732 1.0848 0.6908 -0.2072 -1.1628 0.9976 0.1116 -1.0568 0.9304 0.93 -0.0152 -1.0084 -0.1732 0.9452 0.5992 -0.2828 -0.9972 0.8524 -0.1116 -1.0432 0.7296 0.84 0.0652
-0.51 -0.52 -0.48 0.79 -0.83 1.88 -2.27 0.43 -0.93 1.06 -1.04 0.92 -0.00999999999999979 -1 -0.12 0.923601520890593 -0.0875912303437523 1.80400191981333 -0.5058 0.4466 -0.9576 1.2354 -0.1586 0.3286 -0.4912 0.5208 -0.5284 0.000199999999999995 0.41 0.0624 -0.5216 0.5932 -0.9952 1.2108 -0.2072 0.3972 -0.5624 0.6316 -0.5368 -0.1096 0.41 -0.0152 -0.5284 0.3068 -0.9748 1.0792 -0.2828 0.4428 -0.5876 0.3684 -0.5632 -0.2304 0.36 0.0652
-0.51 0.48 -0.48 1.79 2.17 -2.12 -0.27 1.43 -1.93 -0.94 -1.04 1.92 1.99 1 1.88 1.10033795859699 0.139865001755333 0.919412843191996 -1.0158 -1.0834 1.0824 0.2154 -0.6686 0.8386 0.5288 0.5208 -1.0384 -1.0198 -0.61 -0.9576 0.7484 1.2032 -1.0352 -0.0992 0.7028 -1.0128 -0.4624 -0.4084 0.8632 0.8404 0.37 0.8248 -1.0084 -1.1332 0.9452 0.1192 -0.7628 0.9228 0.3724 0.3684 -1.0432 -1.1904 -0.6 -0.8948
-0.51 0.48 -0.48 -1.21 0.17 -2.12 -0.27 1.43 0.0700000000000001 0.0600000000000001 -2.04 0.92 1.99 1 0.88 0.599377531763978 1.50264101553307 1.44202811556648 0.5142 -0.0634 1.0824 0.2154 -0.6686 -0.1814 0.0188 1.0308 -0.5284 -1.0198 -0.61 -0.4476 -0.6916 0.2432 -1.0352 -0.0992 0.7028 -0.0528 0.0176 -0.8884 0.3832 0.8404 0.37 0.3448 0.4316 -0.1732 0.9452 0.1192 -0.7628 -0.0372 -0.1076 0.8484 -0.5632 -1.1904 -0.6 -0.4148
0.49 -0.52 0.52 -1.21 2.17 0.88 1.73 -0.57 0.0700000000000001 0.0600000000000001 0.96 -0.0800000000000001 -1.01 -2 -0.12 1.70440673732427 2.14391185933702 2.85863770318353 -0.6958 1.0866 0.4324 0.9254 -0.2186 -0.1114 0.0788 0.4608 -0.0984 -0.4998 -1.08 -0.0576 0.5184 -0.9668 -0.4752 -0.8692 0.3128 -0.1228 -0.0424 -0.4084 -0.0168 0.4104 0.93 -0.0152 -0.7784 1.0368 0.3852 0.8892 -0.3728 0.0328 -0.0476 0.3684 -0.1632 -0.7604 -1.16 -0.0548
0.49 0.48 -0.48 1.79 2.17 -0.12 -0.27 -1.57 0.0700000000000001 -1.94 -1.04 -1.08 1.99 2 -0.12 0.626625850138664 -0.352572916830166 0.63376539508017 0.7742 1.0866 -0.0576 -0.0546 -0.7086 -0.1114 -0.9012 -0.5192 -0.5884 0.9702 0.88 -0.0576 0.7484 1.2032 -0.0752 -0.0992 -0.7372 -0.0528 -0.9424 -0.4084 -0.5768 0.8404 0.85 -0.1352 -1.0084 -1.1332 -0.0148 0.1192 0.6772 -0.0372 0.8524 0.3684 0.3968 -1.1904 -1.08 0.0652
-0.51 -0.52 -0.48 1.79 -1.83 0.88 1.73 -0.57 2.07 2.06 1.96 1.92 -0.00999999999999979 -1 1.88 0.645074345348556 0.454702886539573 0.77822491793158 -1.0158 0.9566 -0.4476 -0.8046 0.3514 -1.2014 -1.0012 -1.0092 -1.0384 0.000199999999999995 0.41 -0.9576 -1.0416 1.1132 -0.4752 -0.8692 0.3128 -1.1628 -1.0824 -0.9284 -1.0568 -0.1096 0.41 -1.0552 -1.0084 0.7868 -0.4948 -0.8408 0.1972 -0.9972 -1.0676 -1.0716 -1.0432 -0.2304 0.36 -0.8948
-0.51 -0.52 -0.48 0.79 1.17 -2.12 -2.27 -0.57 -1.93 0.0600000000000001 1.96 -0.0800000000000001 -0.00999999999999979 -1 -0.12 1.36950254984103 0.657779940670713 1.37010571739914 -0.5058 -0.5734 1.0824 1.2354 0.3514 0.8386 0.0188 -1.0092 -0.0184 0.000199999999999995 0.41 0.0624 -0.5216 -0.4468 1.0848 1.2108 0.3128 0.9172 -0.0424 -0.9284 -0.0168 -0.1096 0.41 -0.0152 -0.5284 -0.6532 0.9452 1.0792 0.1972 0.9228 -0.1076 -1.0716 -0.0832 -0.2304 0.36 0.0652
0.49 0.48 0.52 0.79 2.17 -2.12 -2.27 2.43 -1.93 1.06 1.96 0.92 -1.01 -1 0.88 2.12591792390199 1.24574358398168 1.18257460738465 0.2842 1.0866 -1.0376 -1.0346 1.2514 -1.0914 0.5688 0.9508 0.3916 -0.4998 -0.59 0.4324 0.2684 1.2032 -1.0352 -1.0592 1.1828 -1.0128 0.4976 1.0316 0.3832 -0.5996 -0.59 0.3448 0.2616 1.0368 -1.1748 -1.1908 1.1872 -1.0072 0.4724 0.8884 0.3568 -0.7604 -0.64 0.4652
-0.51 0.48 0.52 1.79 -1.83 -0.12 -2.27 -1.57 -1.93 -1.94 0.96 0.92 0.99 -2 0.88 0.3978617864143 -0.374416540200841 0.604609240457691 -1.0158 0.9566 0.0624 1.2354 0.8614 0.8386 1.0388 -0.4992 -0.5284 -0.5098 0.92 -0.4476 0.7484 -0.7168 -0.0752 -1.0592 -0.7372 -1.0128 -0.9424 0.5516 0.3832 0.3604 -1.07 0.3448 0.7816 -1.0432 -0.1348 -1.1908 -0.8928 -1.0072 -1.0876 0.3684 0.3568 0.2796 -1.16 0.4652
-0.51 0.48 0.52 -0.21 0.17 1.88 -0.27 2.43 -1.93 0.0600000000000001 -2.04 -2.08 -2.01 -2 -2.12 0.521524885455661 -0.0248893522629159 0.37014034292605 0.00420000000000001 -0.0634 -0.9576 0.2154 -1.1786 0.8386 0.0188 1.0308 1.0016 1.0202 0.92 1.0824 -0.2116 0.2432 0.8848 -0.0992 1.1828 -1.0128 0.0176 -0.8884 -1.0568 -1.0796 -1.07 -1.0952 -0.2584 -0.00319999999999999 0.9052 -0.1508 1.1872 -1.0072 -0.0476 -1.1916 -1.2032 -1.2804 -1.16 -1.0948
0.49 0.48 -0.48 -2.21 -0.83 -2.12 0.73 -1.57 2.07 0.0600000000000001 -2.04 -0.0800000000000001 -2.01 -2 -0.12 0.416819671253986 0.870237022315377 0.493169009891081 -1.1858 -0.3834 -1.0376 0.4354 -0.7086 0.8686 0.0788 -1.0092 -0.0984 -0.9898 -1.08 -0.0576 -1.1716 -0.2368 -1.0352 0.3808 -0.7372 0.9072 0.0176 -0.8884 -0.0968 -1.0796 -1.07 -0.1352 0.9116 0.3068 0.9452 -0.3608 0.6772 -0.9972 -0.1076 0.8484 -0.0832 0.7296 0.84 0.0652
0.49 0.48 0.52 -2.21 1.17 1.88 1.73 2.43 2.07 2.06 1.96 0.92 1.99 2 1.88 0.311402088644813 0.510683886074262 0.493114043915123 -1.1858 0.5966 0.9224 0.9254 1.2514 0.8686 1.0588 0.9508 0.3916 0.9702 0.88 0.9224 -1.1716 0.7232 0.8848 0.8608 1.1828 0.9072 0.9776 1.0316 0.3832 0.8404 0.85 0.8248 -1.2984 0.5168 0.9052 0.8892 1.1872 1.0728 0.9924 0.8884 0.3568 0.7996 0.92 0.9852
0.49 -0.52 0.52 0.79 -1.83 -0.12 -0.27 -0.57 -1.93 -1.94 0.96 -2.08 -2.01 -1 -2.12 -0.183458955405424 0.893604907143821 -0.109775753250381 0.2842 -0.8734 -0.0576 -0.0546 -0.2186 -1.0914 -0.9012 0.4608 -1.0784 -0.9898 -0.59 -1.0376 -0.5216 1.1132 0.0448 0.1708 0.3128 0.9172 0.9976 -0.4084 1.0232 0.9304 0.41 1.0248 0.2616 -1.0432 -0.1348 -0.1508 -0.3728 -1.0072 -1.0876 0.3684 -1.2032 -1.2804 -0.64 -1.0948
-0.51 -0.52 -0.48 -2.21 0.17 -2.12 -2.27 -1.57 -1.93 1.06 -2.04 -1.08 -2.01 0 -2.12 -0.334155398099987 -0.347619080617862 -1.52363681407051 1.0242 -0.0634 1.0824 1.2354 0.8614 0.8386 -0.4912 1.0308 0.4916 1.0202 -0.1 1.0824 1.0384 0.0732 1.0848 1.2108 0.8328 0.9172 -0.5624 1.1516 0.5032 0.9304 -0.11 1.0248 0.9116 -0.1732 0.9452 1.0792 0.6772 0.9228 -0.5876 0.8484 0.3968 0.7296 -0.12 1.0252
0.49 -0.52 -0.48 1.79 2.17 1.88 1.73 0.43 -0.93 -0.94 1.96 -0.0800000000000001 1.99 1 1.88 1.9251628149259 1.19416689043728 1.65550108580808 0.7742 1.0866 0.9224 0.9254 0.2714 -0.6014 -0.4112 0.9508 -0.0984 0.9702 0.39 0.9224 -1.0416 -0.9668 -0.9952 -0.8692 -0.2072 0.3972 0.4776 -0.9284 -0.0168 -1.1496 -0.63 -1.0552 -1.0084 -1.1332 -0.9748 -0.8408 -0.2828 0.4428 0.3724 -1.0716 -0.0832 -1.1904 -0.6 -0.8948
0.49 -0.52 0.52 1.79 2.17 -1.12 1.73 1.43 1.07 2.06 0.96 1.92 1.99 2 1.88 0.906714092979832 1.14499034529962 1.81213676146015 0.7742 1.0866 -0.5476 0.9254 0.7614 0.3786 1.0588 0.4608 0.8816 0.9702 0.88 0.9224 -1.0416 -0.9668 0.5648 -0.8692 -0.7272 -0.6428 -1.0824 -0.4084 -1.0568 -1.1496 -1.15 -1.0552 0.7816 1.0368 -0.6548 0.8892 0.6672 0.5528 0.9924 0.3684 0.8768 0.7996 0.92 0.9852
-0.51 0.48 0.52 -0.21 0.17 1.88 1.73 1.43 2.07 -1.94 -2.04 1.92 -2.01 2 -0.12 0.777071613898165 0.152656824038291 1.20621673662664 0.00420000000000001 -0.0634 -0.9576 -0.8046 -0.6686 -1.2014 1.0388 1.0308 -1.0384 1.0202 -1.12 0.0624 -0.2116 0.2432 0.8848 0.8608 0.7028 0.9072 -0.9424 -0.8884 0.8632 -1.0796 0.85 -0.1352 -0.2584 -0.00319999999999999 0.9052 0.8892 0.6672 1.0728 -1.0876 -1.1916 0.8768 -1.2804 0.92 -0.0548
0.49 0.48 0.52 1.79 0.17 -2.12 -1.27 -1.57 0.0700000000000001 -1.94 -1.04 -2.08 0.99 -1 -2.12 -0.301631573817744 0.769284395941188 0.70945833871839 0.7742 0.1066 -1.0376 -0.5446 -0.7086 -0.1114 -0.9012 -0.5192 -1.0784 0.4802 -0.59 -1.0376 0.7484 0.2432 -1.0352 -0.5792 -0.7372 -0.0528 -0.9424 -0.4084 -1.0568 0.3604 -0.59 -1.0952 0.7816 -0.00319999999999999 -1.1748 -0.6708 -0.8928 0.0328 -1.0876 -0.6716 -1.2032 0.2796 -0.64 -1.0948
0.49 0.48 -0.48 -0.21 -1.83 1.88 1.73 2.43 1.07 1.06 -2.04 1.92 1.99 2 1.88 0.938514654694316 1.17616182868957 1.48846508540764 -0.2058 -0.8734 0.9224 0.9254 1.2514 0.3786 0.5688 -1.0092 0.8816 0.9702 0.88 0.9224 -0.2116 -0.7168 0.8848 0.8608 1.1828 0.4272 0.4976 -0.8884 0.8632 0.8404 0.85 0.8248 -0.0484 0.7868 -0.9748 -0.8408 -1.2428 -0.5172 -0.5876 0.8484 -1.0432 -1.1904 -1.08 -0.8948
0.49 -0.52 -0.48 -0.21 -0.83 -0.12 1.73 -1.57 0.0700000000000001 -0.94 -2.04 1.92 -2.01 0 -0.12 1.36362613886653 0.93240605274982 2.12528687651851 -0.2058 -0.3834 -0.0576 0.9254 -0.7086 -0.1114 -0.4112 -1.0092 0.8816 -0.9898 -0.1 -0.0576 -0.00159999999999998 0.5932 0.0448 -0.8692 0.8328 -0.1228 0.4776 1.1516 -1.0568 0.9304 -0.11 -0.0152 -0.0484 0.3068 -0.0148 -0.8408 0.6772 -0.0372 0.3724 0.8484 -1.0432 0.7296 -0.12 0.0652
-0.51 0.48 0.52 1.79 -1.83 -2.12 -2.27 -0.57 -0.93 -0.94 -0.04 -1.08 0.99 -1 -0.12 1.40948092259423 2.07819729145494 2.40253464599796 -1.0158 0.9566 1.0824 1.2354 0.3514 0.3286 0.5288 0.0108 0.4916 -0.5098 0.41 0.0624 0.7484 -0.7168 -1.0352 -1.0592 -0.2572 -0.5328 -0.4624 0.0716 -0.5768 0.3604 -0.59 -0.1352 0.7816 -1.0432 -1.1748 -1.1908 -0.3728 -0.4872 -0.5676 -0.1516 -0.6832 0.2796 -0.64 -0.0548
0.49 0.48 0.52 0.79 0.17 1.88 1.73 -1.57 1.07 -1.94 -2.04 1.92 1.99 2 -0.12 1.18206654874654 0.620837702609695 0.344521790613354 0.2842 0.1066 0.9224 0.9254 -0.7086 0.3786 -0.9012 -1.0092 0.8816 0.9702 0.88 -0.0576 0.2684 0.2432 0.8848 0.8608 -0.7372 0.4272 -0.9424 -0.8884 0.8632 0.8404 0.85 -0.1352 0.2616 -0.00319999999999999 0.9052 0.8892 -0.8928 0.5528 -1.0876 -1.1916 0.8768 0.7996 0.92 -0.0548
-0.51 -0.52 0.52 1.79 2.17 -0.12 1.73 -0.57 1.07 1.06 0.96 -1.08 0.99 0 -0.12 1.72163153972853 2.22063310556326 2.71604819743022 -1.0158 -1.0834 0.0624 -0.8046 0.3514 -0.6914 -0.4912 -0.4992 0.4916 -0.5098 -0.1 0.0624 -1.0416 -0.9668 0.0448 -0.8692 0.3128 -0.6428 -0.5624 -0.4084 0.5032 -0.6296 -0.11 -0.0152 0.7816 1.0368 -0.1348 0.8892 -0.3728 0.5528 0.4724 0.3684 -0.6832 0.2796 -0.12 -0.0548
0.49 -0.52 -0.48 -1.21 0.17 1.88 -1.27 -1.57 1.07 -1.94 1.96 -2.08 -2.01 -2 -2.12 0.0277900553557397 0.9905532718313 0.21725504767946 -0.6958 0.1066 0.9224 -0.5446 -0.7086 0.3786 -0.9012 0.9508 -1.0784 -0.9898 -1.08 -1.0376 0.5184 0.0732 -0.9952 0.6908 0.8328 -0.6428 0.9976 -0.9284 1.0232 0.9304 0.93 1.0248 0.4316 -0.1732 -0.9748 0.5992 0.6772 -0.5172 0.8524 -1.0716 0.8768 0.7296 0.84 1.0252
-0.51 0.48 -0.48 -2.21 -1.83 -2.12 -0.27 2.43 2.07 -0.94 1.96 1.92 0.99 2 1.88 1.56612908237364 2.10336125758411 1.63076368679774 1.0242 0.9566 1.0824 0.2154 -1.1786 -1.2014 0.5288 -1.0092 -1.0384 -0.5098 -1.12 -0.9576 -1.1716 -0.7168 -1.0352 -0.0992 1.1828 0.9072 -0.4624 1.0316 0.8632 0.3604 0.85 0.8248 0.9116 0.7868 0.9452 0.1192 -1.2428 -0.9972 0.3724 -1.0716 -1.0432 -0.7104 -1.08 -0.8948
-0.51 0.48 0.52 -2.21 2.17 -2.12 -2.27 -0.57 2.07 -1.94 -1.04 1.92 0.99 -1 0.88 0.496856367291312 -0.0352006604595019 1.12534019594415 1.0242 -1.0834 1.0824 1.2354 0.3514 -1.2014 1.0388 0.5208 -1.0384 -0.5098 0.41 -0.4476 -1.1716 1.2032 -1.0352 -1.0592 -0.2572 0.9072 -0.9424 -0.4084 0.8632 0.3604 -0.59 0.3448 -1.2984 1.0368 -1.1748 -1.1908 -0.3728 1.0728 -1.0876 -0.6716 0.8768 0.2796 -0.64 0.4652
0.49 0.48 0.52 1.79 -1.83 1.88 -2.27 -1.57 -0.93 -0.94 -0.04 0.92 -2.01 2 -1.12 0.423719534328193 1.92091162006017 1.62630014006667 0.7742 -0.8734 0.9224 -1.0346 -0.7086 -0.6014 -0.4112 -0.0292 0.3916 -0.9898 0.88 -0.5476 0.7484 -0.7168 0.8848 -1.0592 -0.7372 -0.5328 -0.4624 0.0716 0.3832 -1.0796 0.85 -0.6152 0.7816 -1.0432 0.9052 -1.1908 -0.8928 -0.4872 -0.5676 -0.1516 0.3568 -1.2804 0.92 -0.5748
