-0.46 0.54 -0.51 -1.71 -0.79 -1.12 -2.09 -1.23 -2.13 -0.18 0.99 -1.03 -0.02 -2.07 -1.09 0.320880938035161 1.23977126069802 1.2066751746795 0.7832 0.3568 0.5404 0.9628 0.5916 1.0096 0.00559999999999999 -0.6408 0.4576 -0.0116 0.8144 0.4528 -0.8168 -0.5032 -0.5196 -1.1172 -0.6584 -1.1304 -0.1044 0.3292 -0.6224 -0.0716 -1.2156 -0.6672 0.9242 0.3558 0.5424 1.0318 0.6646 1.0726 0.0936 -0.6498 0.4606 -0.0196 1.0814 0.4618
-0.46 -0.46 0.49 -0.71 2.21 -0.12 -1.09 0.77 -0.13 -0.18 -2.01 -2.03 -1.02 -2.07 -2.09 -0.101240153372322 1.18920380712916 1.56818136951379 0.3232 -1.0232 0.0804 0.5028 -0.3284 0.0896 0.00559999999999999 0.7392 0.9176 0.4484 0.8144 0.9128 0.4332 -1.0932 0.1404 0.5128 -0.3484 0.0796 0.0756 0.7192 0.8676 0.4084 0.8544 0.8828 -0.2958 1.0358 -0.0876 -0.5682 0.4146 -0.0774 -0.0864 -1.1298 -1.0594 -0.5296 -0.9886 -1.1182
-0.46 -0.46 -0.51 0.29 -1.79 0.88 -2.09 1.77 0.87 1.82 -1.01 0.97 -1.02 -2.07 -0.0899999999999999 0.097270635650352 -0.296325927584366 2.1435608737472 -0.1368 0.8168 -0.3796 0.9628 -0.7884 -0.3704 -0.9144 0.2792 -0.4624 0.4484 0.8144 -0.00719999999999999 -0.0268 0.7468 -0.3196 0.9728 -0.8084 -0.3804 -0.8444 0.2592 -0.5124 0.4084 0.8544 -0.0372 -0.0958 0.8658 -0.4776 1.0318 -0.8654 -0.4574 -0.9264 0.3702 -0.5594 0.4904 1.0814 -0.0482
-0.46 0.54 -0.51 2.29 -0.79 1.88 -2.09 -0.23 1.87 0.82 0.99 1.97 -1.02 -0.0699999999999998 -0.0899999999999999 -0.264013153481118 -2.334687231074 0.937154962168412 -1.0568 0.3568 -0.8396 0.9628 0.1316 -0.8304 -0.4544 -0.6408 -0.9224 0.4484 -0.1056 -0.00719999999999999 1.3432 -0.5032 1.1004 -1.1172 -0.1184 1.0296 0.4356 0.3292 0.9976 -0.6116 -0.1356 -0.1272 -1.1158 0.3558 -0.9876 1.0318 0.1546 -0.9674 -0.4164 -0.6498 -1.0694 0.4904 0.0614 -0.0482
-0.46 -0.46 -0.51 2.29 -1.79 1.88 1.91 1.77 -2.13 -1.18 -1.01 1.97 1.98 -0.0699999999999998 -1.09 -1.0044369128009 0.918949762981774 -0.25394970039234 -1.0568 0.8168 -0.8396 -0.8772 -0.7884 1.0096 0.4656 0.2792 -0.9224 -0.9316 -0.1056 0.4528 -0.9468 0.7468 -0.7796 -0.8672 -0.8084 0.9996 0.5356 0.2592 -0.9724 -0.9716 -0.0656 0.4228 -1.1158 0.8658 -0.9876 -1.0082 -0.8654 1.0726 0.6036 0.3702 -1.0694 -1.0396 0.0614 0.4618
-0.46 -0.46 -0.51 1.29 -1.79 -2.12 1.91 1.77 -0.13 1.82 -0.00999999999999979 1.97 -0.02 -0.0699999999999998 -0.0899999999999999 1.29607546152729 0.674428209335967 0.585534918987335 -0.5968 0.8168 1.0004 -0.8772 -0.7884 0.0896 -0.9144 -0.1808 -0.9224 -0.0116 -0.1056 -0.00719999999999999 -0.4868 0.7468 1.0604 -0.8672 -0.8084 0.0796 -0.8444 -0.2008 -0.9724 -0.0516 -0.0656 -0.0372 -0.6058 0.8658 1.0524 -1.0082 -0.8654 0.0526 -0.9264 -0.1398 -1.0694 -0.0196 0.0614 -0.0482
0.54 -0.46 0.49 -1.71 -0.79 -2.12 -0.0899999999999999 -0.23 1.87 -2.18 1.99 0.97 -1.02 1.93 -0.0899999999999999 1.90880487538123 0.21566291847318 -0.612607737701675 -0.9268 -0.4332 -1.1196 -0.0472 -0.0984 1.0396 -1.2544 0.8892 0.5076 -0.5716 0.9044 -0.0972 0.8932 0.2868 1.0604 0.0528 0.1116 -0.8404 0.9956 -1.1208 -0.5124 0.4084 -0.9856 -0.0372 -0.7858 -0.4342 -1.0676 -0.0782 -0.0754 0.9026 -1.0664 0.8302 0.4106 -0.5296 0.9714 -0.1382
-0.46 0.54 0.49 0.29 2.21 -2.12 1.91 1.77 1.87 1.82 -0.00999999999999979 -1.03 0.98 -2.07 -0.0899999999999999 -0.318647531604392 0.486256175500572 -0.807370997819706 -0.1368 -1.0232 1.0004 -0.8772 -0.7884 -0.8304 -0.9144 -0.1808 0.4576 -0.4716 0.8144 -0.00719999999999999 0.2632 1.1168 -1.0596 1.0428 0.9616 1.0296 0.9756 -0.2108 -0.6224 0.4684 -1.2156 -0.1272 0.1942 1.0358 -1.0676 0.9018 0.9046 0.9026 0.8936 -0.1498 -0.5694 0.4504 -0.9886 -0.1382
0.54 0.54 -0.51 -1.71 0.21 -1.12 -1.09 -2.23 -2.13 0.82 1.99 -2.03 1.98 0.93 -2.09 -0.746526347475098 -0.111021602025677 0.839626587393249 -0.9268 0.1068 -0.5796 -0.5872 -1.1784 -1.1204 0.3656 0.8892 -1.1124 1.0484 0.3644 -1.1772 -0.8168 0.0368 -0.5196 -0.5772 -1.1984 -1.1304 0.4356 0.8692 -1.1624 1.0084 0.4044 -1.2072 0.9242 -0.1542 0.5424 0.5218 1.1746 1.0726 -0.4164 -1.1598 0.9706 -1.0396 -0.4486 0.9718
0.54 0.54 0.49 -1.71 0.21 -2.12 -2.09 -1.23 1.87 0.82 1.99 0.97 1.98 -1.07 -2.09 3.19870818718805 4.26725749681396 4.33221933222809 -0.9268 0.1068 -1.1196 -1.1272 -0.6384 1.0396 0.3656 0.8892 0.5076 1.0484 -0.7156 -1.1772 -0.8168 0.0368 -1.0596 -1.1172 -0.6584 1.0296 0.4356 0.8692 0.4576 1.0084 -0.6756 -1.2072 -0.7858 0.0558 -1.0676 -1.0582 -0.5654 0.9026 0.4036 0.8302 0.4106 0.9404 -0.4986 -1.1182
-0.46 0.54 0.49 1.29 -1.79 0.88 -2.09 -2.23 1.87 -1.18 -0.00999999999999979 1.97 -1.02 1.93 0.91 0.645882193193731 2.4896784106359 0.764902340502167 -0.5968 0.8168 -0.3796 0.9628 1.0516 -0.8304 0.4656 -0.1808 -0.9224 0.4484 -1.0256 -0.4672 0.8032 -1.0432 0.5604 -1.1172 -1.1984 1.0296 -0.6444 -0.2108 0.9976 -0.6116 0.9444 0.4128 0.6842 -0.9242 0.4024 -1.0582 -1.0554 0.9026 -0.5764 -0.1498 0.9006 -0.5296 0.9714 0.3518
0.54 0.54 0.49 0.29 -1.79 -2.12 -0.0899999999999999 -2.23 -2.13 0.82 0.99 -2.03 1.98 0.93 -1.09 0.09899371082916 0.626209708886235 1.19406542981748 0.1532 -0.9732 -1.1196 -0.0472 -1.1784 -1.1204 0.3656 0.3492 -1.1124 1.0484 0.3644 -0.6372 0.2632 -1.0432 -1.0596 -0.0372 -1.1984 -1.1304 0.4356 0.3292 -1.1624 1.0084 0.4044 -0.6672 0.1942 -0.9242 -1.0676 -0.0782 -1.0554 -1.0574 0.4036 0.3402 -1.0594 0.9404 0.4814 -0.6282
0.54 -0.46 -0.51 -1.71 -1.79 -0.12 1.91 -2.23 1.87 -2.18 -2.01 -2.03 -2.02 -2.07 -2.09 2.53132106735438 0.59857584029025 1.81785430091136 -0.9268 -0.9732 -0.0396 1.0328 -1.1784 1.0396 -1.2544 -1.2708 -1.1124 -1.1116 -1.2556 -1.1772 0.8932 0.7468 0.1404 -0.8672 1.0316 -0.8404 0.9956 0.7192 0.8676 0.8684 0.8544 0.8828 0.9242 0.8658 0.0324 -1.0082 1.1746 -0.9674 1.1136 0.8802 0.9706 1.0004 1.0814 0.9718
0.54 -0.46 -0.51 2.29 -1.79 -0.12 0.91 -1.23 1.87 0.82 -1.01 0.97 0.98 -0.0699999999999998 1.91 0.160151205489713 1.21644489663377 0.668655117780025 1.2332 -0.9732 -0.0396 0.4928 -0.6384 1.0396 0.3656 -0.7308 0.5076 0.5084 -0.1756 0.9828 -0.9468 0.7468 0.1404 -0.4072 0.5716 -0.8404 -0.3844 0.2592 -0.5124 -0.5116 -0.0656 -0.9572 -1.1158 0.8658 0.0324 -0.4982 0.6646 -0.9674 -0.4164 0.3702 -0.5594 -0.5296 0.0614 -1.0682
-0.46 -0.46 -0.51 -0.71 0.21 1.88 -1.09 1.77 -1.13 0.82 -2.01 -0.0299999999999998 -2.02 1.93 -0.0899999999999999 0.0837916342826054 1.6336630603528 1.15785757417096 0.3232 -0.1032 -0.8396 0.5028 -0.7884 0.5496 -0.4544 0.7392 -0.00240000000000001 0.9084 -1.0256 -0.00719999999999999 0.4332 -0.1732 -0.7796 0.5128 -0.8084 0.5396 -0.3844 0.7192 -0.0524 0.8684 -0.9856 -0.0372 0.4142 -0.1542 -0.9876 0.5218 -0.8654 0.5626 -0.4164 0.8802 -0.0494 1.0004 -0.9586 -0.0482
-0.46 -0.46 -0.51 2.29 1.21 -0.12 -1.09 -2.23 -0.13 -0.18 -2.01 -2.03 -0.02 0.93 1.91 -0.380818528841085 -1.80335610121539 -1.16176598042107 -1.0568 -0.5632 0.0804 0.5028 1.0516 0.0896 0.00559999999999999 0.7392 0.9176 -0.0116 -0.5656 -0.9272 -0.9468 -0.6332 0.1404 0.5128 1.0316 0.0796 0.0756 0.7192 0.8676 -0.0516 -0.5256 -0.9572 -1.1158 -0.6642 0.0324 0.5218 1.1746 0.0526 0.0936 0.8802 0.9706 -0.0196 -0.4486 -1.0682
0.54 0.54 0.49 1.29 1.21 -0.12 0.91 0.77 -2.13 0.82 1.99 1.97 1.98 1.93 1.91 1.73596750554211 0.221611818435522 2.74120065731283 0.6932 0.6468 -0.0396 0.4928 0.4416 -1.1204 0.3656 0.8892 1.0476 1.0484 0.9044 0.9828 0.8032 0.5768 0.0204 0.5028 0.4216 -1.1304 0.4356 0.8692 0.9976 1.0084 0.9444 0.9528 0.6842 0.5458 -0.0876 0.4118 0.4146 -1.0574 0.4036 0.8302 0.9006 0.9404 0.9714 0.8418
-0.46 -0.46 0.49 2.29 -1.79 1.88 -0.0899999999999999 -0.23 -2.13 -2.18 -2.01 -1.03 1.98 -2.07 0.91 0.443338551667592 -0.790306235346055 -0.177071772044381 -1.0568 0.8168 -0.8396 0.0428 0.1316 1.0096 0.9256 0.7392 0.4576 -0.9316 0.8144 -0.4672 -0.9468 0.7468 -0.7796 0.0528 0.1116 0.9996 0.9956 0.7192 0.4076 -0.9716 0.8544 -0.4972 1.1742 -0.9242 0.8924 -0.0782 -0.0754 -1.0574 -1.0664 -1.1298 -0.5694 0.9404 -0.9886 0.3518
0.54 0.54 0.49 -1.71 -1.79 -2.12 1.91 1.77 1.87 0.82 1.99 1.97 1.98 1.93 1.91 0.41562393928163 1.72198928759162 0.961976564168892 -0.9268 -0.9732 -1.1196 1.0328 0.9816 1.0396 0.3656 0.8892 1.0476 1.0484 0.9044 0.9828 -0.8168 -1.0432 -1.0596 1.0428 0.9616 1.0296 0.4356 0.8692 0.9976 1.0084 0.9444 0.9528 -0.7858 -0.9242 -1.0676 0.9018 0.9046 0.9026 0.4036 0.8302 0.9006 0.9404 0.9714 0.8418
-0.46 -0.46 -0.51 -1.71 0.21 0.88 -2.09 -2.23 -2.13 -2.18 -2.01 -2.03 -2.02 -2.07 -2.09 1.23872240858982 -0.936015235187334 -0.389146255696844 0.7832 -0.1032 -0.3796 0.9628 1.0516 1.0096 0.9256 0.7392 0.9176 0.9084 0.8144 0.9128 0.8932 -0.1732 -0.3196 0.9728 1.0316 0.9996 0.9956 0.7192 0.8676 0.8684 0.8544 0.8828 0.9242 -0.1542 -0.4776 1.0318 1.1746 1.0726 1.1136 0.8802 0.9706 1.0004 1.0814 0.9718
0.54 -0.46 -0.51 2.29 2.21 1.88 -2.09 -0.23 1.87 0.82 -2.01 -1.03 1.98 -1.07 -1.09 -0.316542878157803 0.221704354615276 0.00174382314044363 1.2332 1.1868 1.0404 -1.1272 -0.0984 1.0396 0.3656 -1.2708 -0.5724 1.0484 -0.7156 -0.6372 -0.9468 -1.0932 -0.7796 0.9728 0.1116 -0.8404 -0.3844 0.7192 0.4076 -0.9716 0.3944 0.4228 -1.1158 -1.1742 -0.9876 1.0318 0.1546 -0.9674 -0.4164 0.8802 0.4606 -1.0396 0.5714 0.4618
-0.46 -0.46 -0.51 -0.71 -1.79 -1.12 1.91 0.77 0.87 -0.18 -2.01 1.97 1.98 -1.07 0.91 1.55984024728563 1.03942138150684 3.03029984823421 0.3232 0.8168 0.5404 -0.8772 -0.3284 -0.3704 0.00559999999999999 0.7392 -0.9224 -0.9316 0.3544 -0.4672 0.4332 0.7468 0.6004 -0.8672 -0.3484 -0.3804 0.0756 0.7192 -0.9724 -0.9716 0.3944 -0.4972 0.4142 0.8658 0.5424 -1.0082 -0.3554 -0.4574 0.0936 0.8802 -1.0694 -1.0396 0.5714 -0.5582
0.54 -0.46 -0.51 -1.71 2.21 -2.12 1.91 -2.23 -2.13 0.82 0.99 1.97 -0.02 -0.0699999999999998 -2.09 0.930886399853305 -0.143482031698518 1.09704564204029 -0.9268 1.1868 -1.1196 1.0328 -1.1784 -1.1204 0.3656 0.3492 1.0476 -0.0316 -0.1756 -1.1772 0.8932 -1.0932 1.0604 -0.8672 1.0316 0.9996 -0.3844 -0.6608 -0.9724 -0.0516 -0.0656 0.8828 0.9242 -1.1742 1.0524 -1.0082 1.1746 1.0726 -0.4164 -0.6498 -1.0694 -0.0196 0.0614 0.9718
-0.46 -0.46 -0.51 -1.71 1.21 -0.12 1.91 0.77 0.87 1.82 -2.01 -0.0299999999999998 0.98 1.93 -0.0899999999999999 -0.316946155675673 -0.462212905222146 0.286915036059793 0.7832 -0.5632 0.0804 -0.8772 -0.3284 -0.3704 -0.9144 0.7392 -0.00240000000000001 -0.4716 -1.0256 -0.00719999999999999 0.8932 -0.6332 0.1404 -0.8672 -0.3484 -0.3804 -0.8444 0.7192 -0.0524 -0.5116 -0.9856 -0.0372 0.9242 -0.6642 0.0324 -1.0082 -0.3554 -0.4574 -0.9264 0.8802 -0.0494 -0.5296 -0.9586 -0.0482
-0.46 0.54 0.49 0.29 0.21 0.88 -0.0899999999999999 1.77 -1.13 -1.18 -1.01 -0.0299999999999998 -1.02 -2.07 -1.09 1.5998870468383 2.04629262598925 1.65898845955267 -0.1368 -0.1032 -0.3796 0.0428 -0.7884 0.5496 0.4656 0.2792 -0.00240000000000001 0.4484 0.8144 0.4528 0.2632 0.0368 0.5604 -0.0372 0.9616 -0.5904 -0.6444 -0.7508 -0.0824 -0.6116 -1.2156 -0.6672 0.1942 0.0558 0.4024 -0.0782 0.9046 -0.5674 -0.5764 -0.6398 -0.0794 -0.5296 -0.9886 -0.6282
-0.46 -0.46 0.49 -0.71 1.21 1.88 -1.09 -1.23 1.87 1.82 0.99 -1.03 1.98 0.93 1.91 0.463715436248265 1.95939200596251 3.20069296956115 0.3232 -0.5632 -0.8396 0.5028 0.5916 -0.8304 -0.9144 -0.6408 0.4576 -0.9316 -0.5656 -0.9272 0.4332 -0.6332 -0.7796 0.5128 0.5716 -0.8404 -0.8444 -0.6608 0.4076 -0.9716 -0.5256 -0.9572 -0.2958 0.5458 0.8924 -0.5682 -0.5654 0.9026 0.8936 0.3402 -0.5694 0.9404 0.4814 0.8418
-0.46 0.54 0.49 1.29 -1.79 -2.12 -2.09 0.77 -1.13 1.82 -1.01 0.97 -2.02 -1.07 -0.0899999999999999 0.298067706351362 0.00375492836306968 0.190121584767832 -0.5968 0.8168 1.0004 0.9628 -0.3284 0.5496 -0.9144 0.2792 -0.4624 0.9084 0.3544 -0.00719999999999999 0.8032 -1.0432 -1.0596 -1.1172 0.4216 -0.5904 0.9756 -0.7508 0.4576 -1.1516 -0.6756 -0.1272 0.6842 -0.9242 -1.0676 -1.0582 0.4146 -0.5674 0.8936 -0.6398 0.4106 -1.0196 -0.4986 -0.1382
0.54 0.54 -0.51 0.29 2.21 -2.12 -1.09 -0.23 0.87 0.82 1.99 1.97 0.98 -0.0699999999999998 1.91 0.121002060147029 1.68750658351054 -0.593008122480086 0.1532 1.1868 -1.1196 -0.5872 -0.0984 0.4996 0.3656 0.8892 1.0476 0.5084 -0.1756 0.9828 0.2632 1.1168 -1.0596 -0.5772 -0.1184 0.4896 0.4356 0.8692 0.9976 0.4684 -0.1356 0.9528 -0.0958 -1.1742 1.0524 0.5218 0.1546 -0.4574 -0.4164 -1.1598 -1.0694 -0.5296 0.0614 -1.0682
0.54 0.54 0.49 -1.71 -1.79 -2.12 1.91 -1.23 0.87 0.82 1.99 -1.03 -2.02 1.93 -0.0899999999999999 -2.32125858904104 -0.699105035659265 1.41550006672843 -0.9268 -0.9732 -1.1196 1.0328 -0.6384 0.4996 0.3656 0.8892 -0.5724 -1.1116 0.9044 -0.0972 -0.8168 -1.0432 -1.0596 1.0428 -0.6584 0.4896 0.4356 0.8692 -0.6224 -1.1516 0.9444 -0.1272 -0.7858 -0.9242 -1.0676 0.9018 -0.5654 0.4126 0.4036 0.8302 -0.5694 -1.0196 0.9714 -0.1382
-0.46 -0.46 0.49 -1.71 -1.79 -1.12 1.91 1.77 -0.13 1.82 0.99 1.97 0.98 -0.0699999999999998 1.91 -2.01453473053654 0.348032879359665 0.961940214737301 0.7832 0.8168 0.5404 -0.8772 -0.7884 0.0896 -0.9144 -0.6408 -0.9224 -0.4716 -0.1056 -0.9272 0.8932 0.7468 0.6004 -0.8672 -0.8084 0.0796 -0.8444 -0.6608 -0.9724 -0.5116 -0.0656 -0.9572 -0.7858 -0.9242 -0.5776 0.9018 0.9046 -0.0774 0.8936 0.3402 0.9006 0.4504 -0.0086 0.8418
-0.46 -0.46 -0.51 -1.71 2.21 -1.12 -1.09 1.77 -1.13 -1.18 -0.00999999999999979 -0.0299999999999998 1.98 -0.0699999999999998 1.91 -0.40394142985667 1.99295763924488 1.74332802634101 0.7832 -1.0232 0.5404 0.5028 -0.7884 0.5496 0.4656 -0.1808 -0.00240000000000001 -0.9316 -0.1056 -0.9272 0.8932 -1.0932 0.6004 0.5128 -0.8084 0.5396 0.5356 -0.2008 -0.0524 -0.9716 -0.0656 -0.9572 0.9242 -1.1742 0.5424 0.5218 -0.8654 0.5626 0.6036 -0.1398 -0.0494 -1.0396 0.0614 -1.0682
-0.46 0.54 0.49 -0.71 1.21 1.88 -0.0899999999999999 -2.23 -0.13 0.82 -2.01 -1.03 -0.02 0.93 -0.0899999999999999 0.0459006548965115 -0.00197624409856723 1.95658208075825 0.3232 -0.5632 -0.8396 0.0428 1.0516 0.0896 -0.4544 0.7392 0.4576 -0.0116 -0.5656 -0.00719999999999999 -0.2768 0.5768 1.1004 -0.0372 -1.1984 -0.0504 0.4356 -1.2908 -0.6224 -0.0716 0.4044 -0.1272 -0.2958 0.5458 0.8924 -0.0782 -1.0554 -0.0774 0.4036 -1.1298 -0.5694 -0.0396 0.4814 -0.1382
-0.46 -0.46 -0.51 0.29 -1.79 1.88 1.91 1.77 1.87 -1.18 1.99 1.97 0.98 1.93 1.91 0.589492701540758 1.31015133684947 1.0825661356294 -0.1368 0.8168 -0.8396 -0.8772 -0.7884 -0.8304 0.4656 -1.1008 -0.9224 -0.4716 -1.0256 -0.9272 -0.0268 0.7468 -0.7796 -0.8672 -0.8084 -0.8404 0.5356 -1.1208 -0.9724 -0.5116 -0.9856 -0.9572 -0.0958 0.8658 -0.9876 -1.0082 -0.8654 -0.9674 0.6036 -1.1598 -1.0694 -0.5296 -0.9586 -1.0682
-0.46 0.54 -0.51 -1.71 -1.79 1.88 -2.09 1.77 -2.13 -2.18 -2.01 -1.03 -2.02 -0.0699999999999998 -1.09 0.485899378320586 -0.210552281147282 1.04840407984413 0.7832 0.8168 -0.8396 0.9628 -0.7884 1.0096 0.9256 0.7392 0.4576 0.9084 -0.1056 0.4528 -0.8168 -1.0432 1.1004 -1.1172 0.9616 -1.1304 -1.1844 -1.2908 -0.6224 -1.1516 -0.1356 -0.6672 0.9242 0.8658 -0.9876 1.0318 -0.8654 1.0726 1.1136 0.8802 0.4606 1.0004 0.0614 0.4618
-0.46 0.54 0.49 1.29 -1.79 -1.12 1.91 -0.23 1.87 1.82 1.99 1.97 0.98 0.93 0.91 0.520789243882552 2.16166335502214 0.459095989857177 -0.5968 0.8168 0.5404 -0.8772 0.1316 -0.8304 -0.9144 -1.1008 -0.9224 -0.4716 -0.5656 -0.4672 0.8032 -1.0432 -0.5196 1.0428 -0.1184 1.0296 0.9756 0.8692 0.9976 0.4684 0.4044 0.4128 0.6842 -0.9242 -0.5776 0.9018 -0.0754 0.9026 0.8936 0.8302 0.9006 0.4504 0.4814 0.3518
-0.46 0.54 -0.51 1.29 -0.79 1.88 -0.0899999999999999 0.77 -2.13 -0.18 0.99 -0.0299999999999998 -1.02 1.93 -1.09 0.748006406944044 1.05126984512051 0.960097287503295 -0.5968 0.3568 -0.8396 0.0428 -0.3284 1.0096 0.00559999999999999 -0.6408 -0.00240000000000001 0.4484 -1.0256 0.4528 0.8032 -0.5032 1.1004 -0.0372 0.4216 -1.1304 -0.1044 0.3292 -0.0824 -0.6116 0.9444 -0.6672 -0.6058 0.3558 -0.9876 0.0118 -0.3554 1.0726 0.0936 -0.6498 -0.0494 0.4904 -0.9586 0.4618
0.54 -0.46 -0.51 -1.71 -1.79 -2.12 0.91 -0.23 -2.13 -0.18 0.99 -1.03 -2.02 -0.0699999999999998 -1.09 -1.74521966883473 0.3560197910257 -0.448331877080633 -0.9268 -0.9732 -1.1196 0.4928 -0.0984 -1.1204 -0.1744 0.3492 -0.5724 -1.1116 -0.1756 -0.6372 0.8932 0.7468 1.0604 -0.4072 0.1116 0.9996 0.0756 -0.6608 0.4076 0.8684 -0.0656 0.4228 0.9242 0.8658 1.0524 -0.4982 0.1546 1.0726 0.0936 -0.6498 0.4606 1.0004 0.0614 0.4618
-0.46 0.54 0.49 -0.71 2.21 -2.12 1.91 1.77 1.87 0.82 -0.00999999999999979 -1.03 -1.02 0.93 0.91 0.754778404243393 0.598916402303978 1.53667562565908 0.3232 -1.0232 1.0004 -0.8772 -0.7884 -0.8304 -0.4544 -0.1808 0.4576 0.4484 -0.5656 -0.4672 -0.2768 1.1168 -1.0596 1.0428 0.9616 1.0296 0.4356 -0.2108 -0.6224 -0.6116 0.4044 0.4128 -0.2958 1.0358 -1.0676 0.9018 0.9046 0.9026 0.4036 -0.1498 -0.5694 -0.5296 0.4814 0.3518
-0.46 -0.46 -0.51 2.29 -1.79 -1.12 -2.09 -0.23 -1.13 -2.18 -2.01 -2.03 1.98 -1.07 -2.09 -0.529625987639434 -1.05947448550963 -1.96856441374683 -1.0568 0.8168 0.5404 0.9628 0.1316 0.5496 0.9256 0.7392 0.9176 -0.9316 0.3544 0.9128 -0.9468 0.7468 0.6004 0.9728 0.1116 0.5396 0.9956 0.7192 0.8676 -0.9716 0.3944 0.8828 -1.1158 0.8658 0.5424 1.0318 0.1546 0.5626 1.1136 0.8802 0.9706 -1.0396 0.5714 0.9718
0.54 0.54 0.49 2.29 2.21 1.88 -1.09 -1.23 0.87 1.82 1.99 1.97 -0.02 1.93 1.91 1.06827469406892 3.04368755260524 2.62312597541194 1.2332 1.1868 1.0404 -0.5872 -0.6384 0.4996 0.9056 0.8892 1.0476 -0.0316 0.9044 0.9828 1.3432 1.1168 1.1004 -0.5772 -0.6584 0.4896 0.9756 0.8692 0.9976 -0.0716 0.9444 0.9528 1.1742 1.0358 0.8924 -0.5682 -0.5654 0.4126 0.8936 0.8302 0.9006 -0.0396 0.9714 0.8418
0.54 0.54 0.49 -1.71 1.21 1.88 -2.09 0.77 0.87 0.82 0.99 -2.03 -0.02 -1.07 -1.09 2.31304033240643 1.04429230455951 1.39981897034015 -0.9268 0.6468 1.0404 -1.1272 0.4416 0.4996 0.3656 0.3492 -1.1124 -0.0316 -0.7156 -0.6372 -0.8168 0.5768 1.1004 -1.1172 0.4216 0.4896 0.4356 0.3292 -1.1624 -0.0716 -0.6756 -0.6672 -0.7858 0.5458 0.8924 -1.0582 0.4146 0.4126 0.4036 0.3402 -1.0594 -0.0396 -0.4986 -0.6282
-0.46 -0.46 -0.51 -1.71 2.21 -0.12 1.91 0.77 0.87 1.82 1.99 1.97 1.98 1.93 1.91 0.978918917384014 1.82375290192456 2.5023749044006 0.7832 -1.0232 0.0804 -0.8772 -0.3284 -0.3704 -0.9144 -1.1008 -0.9224 -0.9316 -1.0256 -0.9272 0.8932 -1.0932 0.1404 -0.8672 -0.3484 -0.3804 -0.8444 -1.1208 -0.9724 -0.9716 -0.9856 -0.9572 0.9242 -1.1742 0.0324 -1.0082 -0.3554 -0.4574 -0.9264 -1.1598 -1.0694 -1.0396 -0.9586 -1.0682
-0.46 -0.46 -0.51 2.29 2.21 -1.12 1.91 -0.23 1.87 -1.18 -2.01 -2.03 1.98 -0.0699999999999998 1.91 -0.335137348995868 0.551955797265698 1.71771683496086 -1.0568 -1.0232 0.5404 -0.8772 0.1316 -0.8304 0.4656 0.7392 0.9176 -0.9316 -0.1056 -0.9272 -0.9468 -1.0932 0.6004 -0.8672 0.1116 -0.8404 0.5356 0.7192 0.8676 -0.9716 -0.0656 -0.9572 -1.1158 -1.1742 0.5424 -1.0082 0.1546 -0.9674 0.6036 0.8802 0.9706 -1.0396 0.0614 -1.0682
-0.46 0.54 0.49 -0.71 0.21 -1.12 -0.0899999999999999 -1.23 1.87 -2.18 -0.00999999999999979 -2.03 1.98 -0.0699999999999998 -2.09 0.765374523970796 0.807778082158482 3.23405294693354 0.3232 -0.1032 0.5404 0.0428 0.5916 -0.8304 0.9256 -0.1808 0.9176 -0.9316 -0.1056 0.9128 -0.2768 0.0368 -0.5196 -0.0372 -0.6584 1.0296 -1.1844 -0.2108 -1.1624 1.0084 -0.1356 -1.2072 -0.2958 0.0558 -0.5776 -0.0782 -0.5654 0.9026 -1.0664 -0.1498 -1.0594 0.9404 -0.0086 -1.1182
-0.46 -0.46 -0.51 1.29 -1.79 1.88 -0.0899999999999999 -0.23 1.87 -1.18 0.99 -0.0299999999999998 -0.02 -1.07 -2.09 -0.649905472306191 1.38560062147478 1.80930107250937 -0.5968 0.8168 -0.8396 0.0428 0.1316 -0.8304 0.4656 -0.6408 -0.00240000000000001 -0.0116 0.3544 0.9128 -0.4868 0.7468 -0.7796 0.0528 0.1116 -0.8404 0.5356 -0.6608 -0.0524 -0.0516 0.3944 0.8828 -0.6058 0.8658 -0.9876 0.0118 0.1546 -0.9674 0.6036 -0.6498 -0.0494 -0.0196 0.5714 0.9718
0.54 0.54 0.49 2.29 2.21 0.88 1.91 1.77 -1.13 1.82 -0.00999999999999979 1.97 1.98 1.93 1.91 0.356313613582275 0.42155428206194 2.32206603276977 1.2332 1.1868 0.5004 1.0328 0.9816 -0.5804 0.9056 -0.1908 1.0476 1.0484 0.9044 0.9828 1.3432 1.1168 0.5604 1.0428 0.9616 -0.5904 0.9756 -0.2108 0.9976 1.0084 0.9444 0.9528 1.1742 1.0358 0.4024 0.9018 0.9046 -0.5674 0.8936 -0.1498 0.9006 0.9404 0.9714 0.8418
0.54 -0.46 -0.51 1.29 -0.79 -2.12 -2.09 0.77 -2.13 1.82 -0.00999999999999979 -1.03 -0.02 1.93 -1.09 1.45658296022204 0.430010134278646 2.20115974524307 0.6932 -0.4332 -1.1196 -1.1272 0.4416 -1.1204 0.9056 -0.1908 -0.5724 -0.0316 0.9044 -0.6372 -0.4868 0.2868 1.0604 0.9728 -0.3484 0.9996 -0.8444 -0.2008 0.4076 -0.0516 -0.9856 0.4228 -0.6058 0.3558 1.0524 1.0318 -0.3554 1.0726 -0.9264 -0.1398 0.4606 -0.0196 -0.9586 0.4618
-0.46 -0.46 -0.51 -1.71 -1.79 -2.12 -2.09 0.77 0.87 -2.18 -0.00999999999999979 -1.03 -2.02 -2.07 -2.09 0.0109091053730456 -0.209553297080475 0.363566194704227 0.7832 0.8168 1.0004 0.9628 -0.3284 -0.3704 0.9256 -0.1808 0.4576 0.9084 0.8144 0.9128 0.8932 0.7468 1.0604 0.9728 -0.3484 -0.3804 0.9956 -0.2008 0.4076 0.8684 0.8544 0.8828 0.9242 0.8658 1.0524 1.0318 -0.3554 -0.4574 1.1136 -0.1398 0.4606 1.0004 1.0814 0.9718
0.54 0.54 0.49 -0.71 0.21 1.88 1.91 1.77 0.87 -2.18 1.99 -0.0299999999999998 -1.02 -1.07 -0.0899999999999999 0.198923933129866 1.09551499444443 0.854491612709338 -0.3868 0.1068 1.0404 1.0328 0.9816 0.4996 -1.2544 0.8892 -0.0324 -0.5716 -0.7156 -0.0972 -0.2768 0.0368 1.1004 1.0428 0.9616 0.4896 -1.1844 0.8692 -0.0824 -0.6116 -0.6756 -0.1272 -0.2958 0.0558 0.8924 0.9018 0.9046 0.4126 -1.0664 0.8302 -0.0794 -0.5296 -0.4986 -0.1382
-0.46 0.54 0.49 -1.71 2.21 -2.12 -0.0899999999999999 -0.23 -0.13 1.82 -0.00999999999999979 0.97 0.98 -2.07 0.91 1.73781764989378 1.40563491384414 0.974586387938492 0.7832 -1.0232 1.0004 0.0428 0.1316 0.0896 -0.9144 -0.1808 -0.4624 -0.4716 0.8144 -0.4672 -0.8168 1.1168 -1.0596 -0.0372 -0.1184 -0.0504 0.9756 -0.2108 0.4576 0.4684 -1.2156 0.4128 -0.7858 1.0358 -1.0676 -0.0782 -0.0754 -0.0774 0.8936 -0.1498 0.4106 0.4504 -0.9886 0.3518
-0.46 -0.46 0.49 0.29 1.21 1.88 -2.09 -0.23 -0.13 1.82 -0.00999999999999979 -0.0299999999999998 -1.02 -2.07 -0.0899999999999999 1.28734253162909 0.306291538836591 3.06085717145265 -0.1368 -0.5632 -0.8396 0.9628 0.1316 0.0896 -0.9144 -0.1808 -0.00240000000000001 0.4484 0.8144 -0.00719999999999999 -0.0268 -0.6332 -0.7796 0.9728 0.1116 0.0796 -0.8444 -0.2008 -0.0524 0.4084 0.8544 -0.0372 0.1942 0.5458 0.8924 -1.0582 -0.0754 -0.0774 0.8936 -0.1498 -0.0794 -0.5296 -0.9886 -0.1382
0.54 -0.46 0.49 2.29 2.21 1.88 -2.09 -1.23 -1.13 1.82 -1.01 -1.03 -2.02 -0.0699999999999998 -0.0899999999999999 1.0228875185415 1.0251816470968 0.901942477268404 1.2332 1.1868 1.0404 -1.1272 -0.6384 -0.5804 0.9056 -0.7308 -0.5724 -1.1116 -0.1756 -0.0972 -0.9468 -1.0932 -0.7796 0.9728 0.5716 0.5396 -0.8444 0.2592 0.4076 0.8684 -0.0656 -0.0372 1.1742 1.0358 0.8924 -1.0582 -0.5654 -0.5674 0.8936 -0.6398 -0.5694 -1.0196 -0.0086 -0.1382
0.54 0.54 -0.51 1.29 -1.79 -2.12 -0.0899999999999999 1.77 -2.13 -0.18 -1.01 -2.03 -2.02 -0.0699999999999998 1.91 -0.327015627510344 -0.9421989609883 0.842428734387029 0.6932 -0.9732 -1.1196 -0.0472 0.9816 -1.1204 -0.1744 -0.7308 -1.1124 -1.1116 -0.1756 0.9828 0.8032 -1.0432 -1.0596 -0.0372 0.9616 -1.1304 -0.1044 -0.7508 -1.1624 -1.1516 -0.1356 0.9528 -0.6058 0.8658 1.0524 0.0118 -0.8654 1.0726 0.0936 0.3702 0.9706 1.0004 0.0614 -1.0682
-0.46 0.54 -0.51 -0.71 -0.79 -1.12 -0.0899999999999999 -0.23 0.87 -0.18 -1.01 -2.03 -1.02 -1.07 -1.09 -0.180786646353833 0.481207782790158 1.18084386942906 0.3232 0.3568 0.5404 0.0428 0.1316 -0.3704 0.00559999999999999 0.2792 0.9176 0.4484 0.3544 0.4528 -0.2768 -0.5032 -0.5196 -0.0372 -0.1184 0.4896 -0.1044 -0.7508 -1.1624 -0.6116 -0.6756 -0.6672 0.4142 0.3558 0.5424 0.0118 0.1546 -0.4574 0.0936 0.3702 0.9706 0.4904 0.5714 0.4618
-0.46 -0.46 -0.51 -0.71 2.21 -2.12 1.91 -0.23 0.87 -0.18 -2.01 -1.03 -2.02 -1.07 -2.09 2.0710926260474 1.40482711223085 1.25117100063861 0.3232 -1.0232 1.0004 -0.8772 0.1316 -0.3704 0.00559999999999999 0.7392 0.4576 0.9084 0.3544 0.9128 0.4332 -1.0932 1.0604 -0.8672 0.1116 -0.3804 0.0756 0.7192 0.4076 0.8684 0.3944 0.8828 0.4142 -1.1742 1.0524 -1.0082 0.1546 -0.4574 0.0936 0.8802 0.4606 1.0004 0.5714 0.9718
0.54 -0.46 -0.51 0.29 -1.79 1.88 1.91 -0.23 -1.13 1.82 -2.01 -2.03 -1.02 -2.07 -1.09 -0.813737065660488 0.606450768337843 -0.0694724501036698 0.1532 -0.9732 1.0404 1.0328 -0.0984 -0.5804 0.9056 -1.2708 -1.1124 -0.5716 -1.2556 -0.6372 -0.0268 0.7468 -0.7796 -0.8672 0.1116 0.5396 -0.8444 0.7192 0.8676 0.4084 0.8544 0.4228 -0.0958 0.8658 -0.9876 -1.0082 0.1546 0.5626 -0.9264 0.8802 0.9706 0.4904 1.0814 0.4618
0.54 -0.46 0.49 -1.71 -1.79 1.88 1.91 -2.23 1.87 1.82 1.99 1.97 -0.02 0.93 0.91 0.883260339286811 0.135430863611871 1.46082896212567 -0.9268 -0.9732 1.0404 1.0328 -1.1784 1.0396 0.9056 0.8892 1.0476 -0.0316 0.3644 0.4428 0.8932 0.7468 -0.7796 -0.8672 1.0316 -0.8404 -0.8444 -1.1208 -0.9724 -0.0516 -0.5256 -0.4972 -0.7858 -0.9242 0.8924 0.9018 -1.0554 0.9026 0.8936 0.8302 0.9006 -0.0396 0.4814 0.3518
0.54 -0.46 -0.51 1.29 -0.79 -1.12 -2.09 1.77 1.87 -0.18 1.99 -1.03 -0.02 -0.0699999999999998 1.91 1.2953566243589 2.45934401798943 0.21857703951495 0.6932 -0.4332 -0.5796 -1.1272 0.9816 1.0396 -0.1744 0.8892 -0.5724 -0.0316 -0.1756 0.9828 -0.4868 0.2868 0.6004 0.9728 -0.8084 -0.8404 0.0756 -1.1208 0.4076 -0.0516 -0.0656 -0.9572 -0.6058 0.3558 0.5424 1.0318 -0.8654 -0.9674 0.0936 -1.1598 0.4606 -0.0196 0.0614 -1.0682
0.54 0.54 0.49 -0.71 -1.79 1.88 0.91 1.77 -0.13 -2.18 -0.00999999999999979 0.97 0.98 -0.0699999999999998 1.91 0.134605848837396 1.81613797244503 1.52778976165447 -0.3868 -0.9732 1.0404 0.4928 0.9816 -0.0404 -1.2544 -0.1908 0.5076 0.5084 -0.1756 0.9828 -0.2768 -1.0432 1.1004 0.5028 0.9616 -0.0504 -1.1844 -0.2108 0.4576 0.4684 -0.1356 0.9528 -0.2958 -0.9242 0.8924 0.4118 0.9046 -0.0774 -1.0664 -0.1498 0.4106 0.4504 -0.0086 0.8418
0.54 -0.46 -0.51 2.29 1.21 1.88 1.91 0.77 -0.13 0.82 -0.00999999999999979 1.97 0.98 0.93 1.91 1.33892572193323 2.05943116249013 1.82230276001806 1.2332 0.6468 1.0404 1.0328 0.4416 -0.0404 0.3656 -0.1908 1.0476 0.5084 0.3644 0.9828 -0.9468 -0.6332 -0.7796 -0.8672 -0.3484 0.0796 -0.3844 -0.2008 -0.9724 -0.5116 -0.5256 -0.9572 -1.1158 -0.6642 -0.9876 -1.0082 -0.3554 0.0526 -0.4164 -0.1398 -1.0694 -0.5296 -0.4486 -1.0682
0.54 0.54 0.49 -1.71 -1.79 0.88 -2.09 -2.23 -1.13 -2.18 0.99 -1.03 -2.02 -2.07 -2.09 0.856400333020653 1.03557453099091 0.426808584478586 -0.9268 -0.9732 0.5004 -1.1272 -1.1784 -0.5804 -1.2544 0.3492 -0.5724 -1.1116 -1.2556 -1.1772 -0.8168 -1.0432 0.5604 -1.1172 -1.1984 -0.5904 -1.1844 0.3292 -0.6224 -1.1516 -1.2156 -1.2072 -0.7858 -0.9242 0.4024 -1.0582 -1.0554 -0.5674 -1.0664 0.3402 -0.5694 -1.0196 -0.9886 -1.1182
-0.46 -0.46 -0.51 -0.71 1.21 -2.12 -1.09 0.77 1.87 1.82 -0.00999999999999979 -1.03 -2.02 -0.0699999999999998 -0.0899999999999999 0.463867142657116 1.76892746534374 3.05568843486787 0.3232 -0.5632 1.0004 0.5028 -0.3284 -0.8304 -0.9144 -0.1808 0.4576 0.9084 -0.1056 -0.00719999999999999 0.4332 -0.6332 1.0604 0.5128 -0.3484 -0.8404 -0.8444 -0.2008 0.4076 0.8684 -0.0656 -0.0372 0.4142 -0.6642 1.0524 0.5218 -0.3554 -0.9674 -0.9264 -0.1398 0.4606 1.0004 0.0614 -0.0482
0.54 0.54 -0.51 -0.71 0.21 -0.12 -0.0899999999999999 -0.23 1.87 1.82 -1.01 1.97 -1.02 1.93 -0.0899999999999999 1.72179479114901 0.656004965855672 0.929331079860487 -0.3868 0.1068 -0.0396 -0.0472 -0.0984 1.0396 0.9056 -0.7308 1.0476 -0.5716 0.9044 -0.0972 -0.2768 0.0368 0.0204 -0.0372 -0.1184 1.0296 0.9756 -0.7508 0.9976 -0.6116 0.9444 -0.1272 0.4142 -0.1542 0.0324 0.0118 0.1546 -0.9674 -0.9264 0.3702 -1.0694 0.4904 -0.9586 -0.0482
0.54 0.54 0.49 -1.71 0.21 -0.12 1.91 0.77 1.87 -2.18 1.99 0.97 1.98 -2.07 1.91 1.0546509964648 0.674050587855045 3.2457998637534 -0.9268 0.1068 -0.0396 1.0328 0.4416 1.0396 -1.2544 0.8892 0.5076 1.0484 -1.2556 0.9828 -0.8168 0.0368 0.0204 1.0428 0.4216 1.0296 -1.1844 0.8692 0.4576 1.0084 -1.2156 0.9528 -0.7858 0.0558 -0.0876 0.9018 0.4146 0.9026 -1.0664 0.8302 0.4106 0.9404 -0.9886 0.8418
-0.46 0.54 0.49 -1.71 -1.79 -0.12 -2.09 0.77 -2.13 -2.18 0.99 0.97 0.98 -1.07 1.91 1.06794813521437 -0.683077304737648 0.436470565049139 0.7832 0.8168 0.0804 0.9628 -0.3284 1.0096 0.9256 -0.6408 -0.4624 -0.4716 0.3544 -0.9272 -0.8168 -1.0432 0.0204 -1.1172 0.4216 -1.1304 -1.1844 0.3292 0.4576 0.4684 -0.6756 0.9528 -0.7858 -0.9242 -0.0876 -1.0582 0.4146 -1.0574 -1.0664 0.3402 0.4106 0.4504 -0.4986 0.8418
-0.46 -0.46 -0.51 -0.71 1.21 -2.12 -0.0899999999999999 -2.23 -0.13 -2.18 1.99 1.97 1.98 1.93 1.91 0.164484458692609 0.827743737745129 1.77784560498381 0.3232 -0.5632 1.0004 0.0428 1.0516 0.0896 0.9256 -1.1008 -0.9224 -0.9316 -1.0256 -0.9272 0.4332 -0.6332 1.0604 0.0528 1.0316 0.0796 0.9956 -1.1208 -0.9724 -0.9716 -0.9856 -0.9572 0.4142 -0.6642 1.0524 0.0118 1.1746 0.0526 1.1136 -1.1598 -1.0694 -1.0396 -0.9586 -1.0682
-0.46 -0.46 -0.51 2.29 -0.79 1.88 1.91 -0.23 1.87 1.82 -1.01 0.97 0.98 -1.07 -2.09 0.0557891189109556 0.877971525848192 0.0219882462374565 -1.0568 0.3568 -0.8396 -0.8772 0.1316 -0.8304 -0.9144 0.2792 -0.4624 -0.4716 0.3544 0.9128 -0.9468 0.2868 -0.7796 -0.8672 0.1116 -0.8404 -0.8444 0.2592 -0.5124 -0.5116 0.3944 0.8828 -1.1158 0.3558 -0.9876 -1.0082 0.1546 -0.9674 -0.9264 0.3702 -0.5594 -0.5296 0.5714 0.9718
0.54 0.54 0.49 2.29 1.21 -2.12 0.91 -1.23 -1.13 -2.18 -2.01 -1.03 -2.02 -2.07 -2.09 0.0584664548829188 -0.00727743762897004 0.142223877379798 1.2332 0.6468 -1.1196 0.4928 -0.6384 -0.5804 -1.2544 -1.2708 -0.5724 -1.1116 -1.2556 -1.1772 1.3432 0.5768 -1.0596 0.5028 -0.6584 -0.5904 -1.1844 -1.2908 -0.6224 -1.1516 -1.2156 -1.2072 1.1742 0.5458 -1.0676 0.4118 -0.5654 -0.5674 -1.0664 -1.1298 -0.5694 -1.0196 -0.9886 -1.1182
-0.46 0.54 0.49 -1.71 1.21 -1.12 1.91 -1.23 -0.13 -1.18 -0.00999999999999979 -0.0299999999999998 1.98 -0.0699999999999998 -1.09 0.919771536802592 1.52370069854736 1.033102145662 0.7832 -0.5632 0.5404 -0.8772 0.5916 0.0896 0.4656 -0.1808 -0.00240000000000001 -0.9316 -0.1056 0.4528 -0.8168 0.5768 -0.5196 1.0428 -0.6584 -0.0504 -0.6444 -0.2108 -0.0824 1.0084 -0.1356 -0.6672 -0.7858 0.5458 -0.5776 0.9018 -0.5654 -0.0774 -0.5764 -0.1498 -0.0794 0.9404 -0.0086 -0.6282
-0.46 -0.46 0.49 -1.71 -0.79 1.88 -0.0899999999999999 -1.23 -2.13 -2.18 -2.01 -2.03 -2.02 -2.07 -2.09 -0.224232654702064 0.495006347147221 1.21372651156147 0.7832 0.3568 -0.8396 0.0428 0.5916 1.0096 0.9256 0.7392 0.9176 0.9084 0.8144 0.9128 0.8932 0.2868 -0.7796 0.0528 0.5716 0.9996 0.9956 0.7192 0.8676 0.8684 0.8544 0.8828 -0.7858 -0.4342 0.8924 -0.0782 -0.5654 -1.0574 -1.0664 -1.1298 -1.0594 -1.0196 -0.9886 -1.1182
-0.46 0.54 0.49 1.29 2.21 1.88 -2.09 1.77 -2.13 -2.18 -2.01 -0.0299999999999998 -2.02 -0.0699999999999998 -0.0899999999999999 0.00814038059656718 0.105982827155166 -0.134103857513604 -0.5968 -1.0232 -0.8396 0.9628 -0.7884 1.0096 0.9256 0.7392 -0.00240000000000001 0.9084 -0.1056 -0.00719999999999999 0.8032 1.1168 1.1004 -1.1172 0.9616 -1.1304 -1.1844 -1.2908 -0.0824 -1.1516 -0.1356 -0.1272 0.6842 1.0358 0.8924 -1.0582 0.9046 -1.0574 -1.0664 -1.1298 -0.0794 -1.0196 -0.0086 -0.1382
0.54 0.54 0.49 -1.71 0.21 -2.12 -2.09 -2.23 -2.13 -1.18 0.99 -2.03 -2.02 -1.07 -0.0899999999999999 0.760696936162573 0.61421911707935 0.557882919943711 -0.9268 0.1068 -1.1196 -1.1272 -1.1784 -1.1204 -0.7144 0.3492 -1.1124 -1.1116 -0.7156 -0.0972 -0.8168 0.0368 -1.0596 -1.1172 -1.1984 -1.1304 -0.6444 0.3292 -1.1624 -1.1516 -0.6756 -0.1272 -0.7858 0.0558 -1.0676 -1.0582 -1.0554 -1.0574 -0.5764 0.3402 -1.0594 -1.0196 -0.4986 -0.1382
0.54 0.54 -0.51 -1.71 2.21 1.88 0.91 0.77 -1.13 0.82 -0.00999999999999979 0.97 0.98 1.93 -0.0899999999999999 1.72295850029822 2.49962587061595 3.26964402495806 -0.9268 1.1868 1.0404 0.4928 0.4416 -0.5804 0.3656 -0.1908 0.5076 0.5084 0.9044 -0.0972 -0.8168 1.1168 1.1004 0.5028 0.4216 -0.5904 0.4356 -0.2108 0.4576 0.4684 0.9444 -0.1272 0.9242 -1.1742 -0.9876 -0.4982 -0.3554 0.5626 -0.4164 -0.1398 -0.5594 -0.5296 -0.9586 -0.0482
0.54 -0.46 0.49 0.29 -1.79 0.88 -0.0899999999999999 1.77 0.87 1.82 -2.01 -1.03 -2.02 -2.07 -2.09 1.6752764782422 1.991765327905 2.0092852597814 0.1532 -0.9732 0.5004 -0.0472 0.9816 0.4996 0.9056 -1.2708 -0.5724 -1.1116 -1.2556 -1.1772 -0.0268 0.7468 -0.3196 0.0528 -0.8084 -0.3804 -0.8444 0.7192 0.4076 0.8684 0.8544 0.8828 0.1942 -0.9242 0.4024 -0.0782 0.9046 0.4126 0.8936 -1.1298 -0.5694 -1.0196 -0.9886 -1.1182
0.54 0.54 0.49 -1.71 0.21 0.88 -2.09 0.77 1.87 -2.18 -1.01 -1.03 -2.02 1.93 1.91 0.650384322067728 -0.00276113679560219 0.14618775672754 -0.9268 0.1068 0.5004 -1.1272 0.4416 1.0396 -1.2544 -0.7308 -0.5724 -1.1116 0.9044 0.9828 -0.8168 0.0368 0.5604 -1.1172 0.4216 1.0296 -1.1844 -0.7508 -0.6224 -1.1516 0.9444 0.9528 -0.7858 0.0558 0.4024 -1.0582 0.4146 0.9026 -1.0664 -0.6398 -0.5694 -1.0196 0.9714 0.8418
-0.46 -0.46 0.49 -0.71 -0.79 1.88 1.91 1.77 1.87 -2.18 1.99 0.97 0.98 1.93 0.91 -0.3981879016373 0.645240991409552 0.582291518185844 0.3232 0.3568 -0.8396 -0.8772 -0.7884 -0.8304 0.9256 -1.1008 -0.4624 -0.4716 -1.0256 -0.4672 0.4332 0.2868 -0.7796 -0.8672 -0.8084 -0.8404 0.9956 -1.1208 -0.5124 -0.5116 -0.9856 -0.4972 -0.2958 -0.4342 0.8924 0.9018 0.9046 0.9026 -1.0664 0.8302 0.4106 0.4504 0.9714 0.3518
-0.46 -0.46 -0.51 1.29 -1.79 0.88 0.91 -0.23 -1.13 -2.18 -1.01 -2.03 -1.02 -0.0699999999999998 -1.09 0.599838053079642 1.20103440003622 0.46203381329667 -0.5968 0.8168 -0.3796 -0.4172 0.1316 0.5496 0.9256 0.2792 0.9176 0.4484 -0.1056 0.4528 -0.4868 0.7468 -0.3196 -0.4072 0.1116 0.5396 0.9956 0.2592 0.8676 0.4084 -0.0656 0.4228 -0.6058 0.8658 -0.4776 -0.4982 0.1546 0.5626 1.1136 0.3702 0.9706 0.4904 0.0614 0.4618
0.54 -0.46 -0.51 -1.71 1.21 1.88 -2.09 0.77 -2.13 1.82 -0.00999999999999979 -1.03 -2.02 1.93 -1.09 0.887930139588088 0.372181042232858 1.26940376288434 -0.9268 0.6468 1.0404 -1.1272 0.4416 -1.1204 0.9056 -0.1908 -0.5724 -1.1116 0.9044 -0.6372 0.8932 -0.6332 -0.7796 0.9728 -0.3484 0.9996 -0.8444 -0.2008 0.4076 0.8684 -0.9856 0.4228 0.9242 -0.6642 -0.9876 1.0318 -0.3554 1.0726 -0.9264 -0.1398 0.4606 1.0004 -0.9586 0.4618
-0.46 -0.46 0.49 2.29 2.21 1.88 1.91 -0.23 -1.13 -0.18 -0.00999999999999979 -1.03 -2.02 0.93 1.91 0.435843387112606 1.07127606432385 1.83120931280154 -1.0568 -1.0232 -0.8396 -0.8772 0.1316 0.5496 0.00559999999999999 -0.1808 0.4576 0.9084 -0.5656 -0.9272 -0.9468 -1.0932 -0.7796 -0.8672 0.1116 0.5396 0.0756 -0.2008 0.4076 0.8684 -0.5256 -0.9572 1.1742 1.0358 0.8924 0.9018 -0.0754 -0.5674 -0.0864 -0.1498 -0.5694 -1.0196 0.4814 0.8418
0.54 0.54 -0.51 0.29 -1.79 1.88 -0.0899999999999999 1.77 1.87 -0.18 1.99 -0.0299999999999998 1.98 1.93 1.91 1.44126422448191 2.62559563746078 2.64841014565796 0.1532 -0.9732 1.0404 -0.0472 0.9816 1.0396 -0.1744 0.8892 -0.0324 1.0484 0.9044 0.9828 0.2632 -1.0432 1.1004 -0.0372 0.9616 1.0296 -0.1044 0.8692 -0.0824 1.0084 0.9444 0.9528 -0.0958 0.8658 -0.9876 0.0118 -0.8654 -0.9674 0.0936 -1.1598 -0.0494 -1.0396 -0.9586 -1.0682
0.54 -0.46 0.49 2.29 -0.79 0.88 1.91 0.77 -2.13 0.82 0.99 1.97 -0.02 -0.0699999999999998 -0.0899999999999999 0.883821721077614 1.31610708337706 1.10335330281087 1.2332 -0.4332 0.5004 1.0328 0.4416 -1.1204 0.3656 0.3492 1.0476 -0.0316 -0.1756 -0.0972 -0.9468 0.2868 -0.3196 -0.8672 -0.3484 0.9996 -0.3844 -0.6608 -0.9724 -0.0516 -0.0656 -0.0372 1.1742 -0.4342 0.4024 0.9018 0.4146 -1.0574 0.4036 0.3402 0.9006 -0.0396 -0.0086 -0.1382
-0.46 -0.46 -0.51 -1.71 0.21 -2.12 1.91 -2.23 0.87 -1.18 -0.00999999999999979 0.97 -2.02 -2.07 -2.09 0.182022939215785 -1.12476460991212 -1.05714177084287 0.7832 -0.1032 1.0004 -0.8772 1.0516 -0.3704 0.4656 -0.1808 -0.4624 0.9084 0.8144 0.9128 0.8932 -0.1732 1.0604 -0.8672 1.0316 -0.3804 0.5356 -0.2008 -0.5124 0.8684 0.8544 0.8828 0.9242 -0.1542 1.0524 -1.0082 1.1746 -0.4574 0.6036 -0.1398 -0.5594 1.0004 1.0814 0.9718
0.54 0.54 0.49 -1.71 2.21 -1.12 0.91 1.77 -2.13 1.82 0.99 1.97 1.98 1.93 1.91 0.860612543063529 1.76511862223517 2.56342872788037 -0.9268 1.1868 -0.5796 0.4928 0.9816 -1.1204 0.9056 0.3492 1.0476 1.0484 0.9044 0.9828 -0.8168 1.1168 -0.5196 0.5028 0.9616 -1.1304 0.9756 0.3292 0.9976 1.0084 0.9444 0.9528 -0.7858 1.0358 -0.5776 0.4118 0.9046 -1.0574 0.8936 0.3402 0.9006 0.9404 0.9714 0.8418
0.54 -0.46 -0.51 -1.71 1.21 1.88 1.91 -1.23 -1.13 -2.18 -2.01 -0.0299999999999998 -0.02 0.93 0.91 0.497651207124216 0.671704584045208 1.21907093469708 -0.9268 0.6468 1.0404 1.0328 -0.6384 -0.5804 -1.2544 -1.2708 -0.0324 -0.0316 0.3644 0.4428 0.8932 -0.6332 -0.7796 -0.8672 0.5716 0.5396 0.9956 0.7192 -0.0524 -0.0516 -0.5256 -0.4972 0.9242 -0.6642 -0.9876 -1.0082 0.6646 0.5626 1.1136 0.8802 -0.0494 -0.0196 -0.4486 -0.5582
-0.46 0.54 0.49 -1.71 0.21 0.88 0.91 -2.23 -1.13 1.82 1.99 1.97 0.98 1.93 1.91 0.74697825576176 1.35601897472058 0.966399585099318 0.7832 -0.1032 -0.3796 -0.4172 1.0516 0.5496 -0.9144 -1.1008 -0.9224 -0.4716 -1.0256 -0.9272 -0.8168 0.0368 0.5604 0.5028 -1.1984 -0.5904 0.9756 0.8692 0.9976 0.4684 0.9444 0.9528 -0.7858 0.0558 0.4024 0.4118 -1.0554 -0.5674 0.8936 0.8302 0.9006 0.4504 0.9714 0.8418
0.54 0.54 0.49 -0.71 2.21 1.88 -1.09 -1.23 0.87 0.82 -2.01 0.97 0.98 0.93 -0.0899999999999999 0.759232282660554 1.04976669256209 1.78569681530968 -0.3868 1.1868 1.0404 -0.5872 -0.6384 0.4996 0.3656 -1.2708 0.5076 0.5084 0.3644 -0.0972 -0.2768 1.1168 1.1004 -0.5772 -0.6584 0.4896 0.4356 -1.2908 0.4576 0.4684 0.4044 -0.1272 -0.2958 1.0358 0.8924 -0.5682 -0.5654 0.4126 0.4036 -1.1298 0.4106 0.4504 0.4814 -0.1382
-0.46 -0.46 -0.51 -0.71 -0.79 -2.12 -2.09 -2.23 -2.13 -2.18 -2.01 -2.03 -2.02 -1.07 -1.09 0.0749400999648411 0.950912558531707 -0.314351832577708 0.3232 0.3568 1.0004 0.9628 1.0516 1.0096 0.9256 0.7392 0.9176 0.9084 0.3544 0.4528 0.4332 0.2868 1.0604 0.9728 1.0316 0.9996 0.9956 0.7192 0.8676 0.8684 0.3944 0.4228 0.4142 0.3558 1.0524 1.0318 1.1746 1.0726 1.1136 0.8802 0.9706 1.0004 0.5714 0.4618
-0.46 0.54 0.49 -1.71 2.21 1.88 1.91 -0.23 1.87 1.82 1.99 -0.0299999999999998 -1.02 1.93 0.91 0.665983929578721 0.774360422136464 1.62420980266608 0.7832 -1.0232 -0.8396 -0.8772 0.1316 -0.8304 -0.9144 -1.1008 -0.00240000000000001 0.4484 -1.0256 -0.4672 -0.8168 1.1168 1.1004 1.0428 -0.1184 1.0296 0.9756 0.8692 -0.0824 -0.6116 0.9444 0.4128 -0.7858 1.0358 0.8924 0.9018 -0.0754 0.9026 0.8936 0.8302 -0.0794 -0.5296 0.9714 0.3518
0.54 -0.46 -0.51 2.29 0.21 1.88 -2.09 1.77 -0.13 -1.18 -0.00999999999999979 -2.03 -1.02 -0.0699999999999998 -2.09 -0.049192891383586 0.152271834014727 1.09921179805463 1.2332 0.1068 1.0404 -1.1272 0.9816 -0.0404 -0.7144 -0.1908 -1.1124 -0.5716 -0.1756 -1.1772 -0.9468 -0.1732 -0.7796 0.9728 -0.8084 0.0796 0.5356 -0.2008 0.8676 0.4084 -0.0656 0.8828 -1.1158 -0.1542 -0.9876 1.0318 -0.8654 0.0526 0.6036 -0.1398 0.9706 0.4904 0.0614 0.9718
-0.46 0.54 0.49 1.29 -1.79 0.88 1.91 -1.23 -1.13 -0.18 -1.01 0.97 0.98 -2.07 -2.09 0.569256203103246 1.56751592217806 1.30876892239226 -0.5968 0.8168 -0.3796 -0.8772 0.5916 0.5496 0.00559999999999999 0.2792 -0.4624 -0.4716 0.8144 0.9128 0.8032 -1.0432 0.5604 1.0428 -0.6584 -0.5904 -0.1044 -0.7508 0.4576 0.4684 -1.2156 -1.2072 0.6842 -0.9242 0.4024 0.9018 -0.5654 -0.5674 -0.0864 -0.6398 0.4106 0.4504 -0.9886 -1.1182
0.54 -0.46 0.49 1.29 -1.79 -0.12 -2.09 -0.23 -1.13 -0.18 -0.00999999999999979 0.97 0.98 0.93 0.91 1.60919481516648 1.59040700430461 2.00424077850176 0.6932 -0.9732 -0.0396 -1.1272 -0.0984 -0.5804 -0.1744 -0.1908 0.5076 0.5084 0.3644 0.4428 -0.4868 0.7468 0.1404 0.9728 0.1116 0.5396 0.0756 -0.2008 -0.5124 -0.5116 -0.5256 -0.4972 0.6842 -0.9242 -0.0876 -1.0582 -0.0754 -0.5674 -0.0864 -0.1498 0.4106 0.4504 0.4814 0.3518
0.54 -0.46 0.49 -1.71 0.21 -2.12 -0.0899999999999999 -2.23 -1.13 -1.18 -1.01 -2.03 -0.02 -2.07 -2.09 0.0607586792859137 0.911413297011081 0.761831686470675 -0.9268 0.1068 -1.1196 -0.0472 -1.1784 -0.5804 -0.7144 -0.7308 -1.1124 -0.0316 -1.2556 -1.1772 0.8932 -0.1732 1.0604 0.0528 1.0316 0.5396 0.5356 0.2592 0.8676 -0.0516 0.8544 0.8828 -0.7858 0.0558 -1.0676 -0.0782 -1.0554 -0.5674 -0.5764 -0.6398 -1.0594 -0.0396 -0.9886 -1.1182
-0.46 -0.46 0.49 2.29 -1.79 -2.12 -2.09 1.77 0.87 -2.18 -2.01 0.97 -1.02 -2.07 -1.09 -0.575100420188003 0.126224706199139 -0.155614068757474 -1.0568 0.8168 1.0004 0.9628 -0.7884 -0.3704 0.9256 0.7392 -0.4624 0.4484 0.8144 0.4528 -0.9468 0.7468 1.0604 0.9728 -0.8084 -0.3804 0.9956 0.7192 -0.5124 0.4084 0.8544 0.4228 1.1742 -0.9242 -1.0676 -1.0582 0.9046 0.4126 -1.0664 -1.1298 0.4106 -0.5296 -0.9886 -0.6282
-0.46 -0.46 -0.51 2.29 2.21 1.88 -0.0899999999999999 1.77 -2.13 0.82 0.99 -1.03 0.98 -2.07 -0.0899999999999999 -0.169525199139525 -0.58276673592513 -0.712143406158803 -1.0568 -1.0232 -0.8396 0.0428 -0.7884 1.0096 -0.4544 -0.6408 0.4576 -0.4716 0.8144 -0.00719999999999999 -0.9468 -1.0932 -0.7796 0.0528 -0.8084 0.9996 -0.3844 -0.6608 0.4076 -0.5116 0.8544 -0.0372 -1.1158 -1.1742 -0.9876 0.0118 -0.8654 1.0726 -0.4164 -0.6498 0.4606 -0.5296 1.0814 -0.0482
-0.46 -0.46 -0.51 -1.71 1.21 1.88 -2.09 -1.23 1.87 1.82 1.99 -0.0299999999999998 -1.02 1.93 1.91 0.221052798294418 0.608289372060483 0.269083115089683 0.7832 -0.5632 -0.8396 0.9628 0.5916 -0.8304 -0.9144 -1.1008 -0.00240000000000001 0.4484 -1.0256 -0.9272 0.8932 -0.6332 -0.7796 0.9728 0.5716 -0.8404 -0.8444 -1.1208 -0.0524 0.4084 -0.9856 -0.9572 0.9242 -0.6642 -0.9876 1.0318 0.6646 -0.9674 -0.9264 -1.1598 -0.0494 0.4904 -0.9586 -1.0682
0.54 -0.46 0.49 2.29 -1.79 1.88 -2.09 1.77 1.87 1.82 1.99 1.97 0.98 0.93 1.91 0.937026628567748 1.65854877750851 1.85623967396486 1.2332 -0.9732 1.0404 -1.1272 0.9816 1.0396 0.9056 0.8892 1.0476 0.5084 0.3644 0.9828 -0.9468 0.7468 -0.7796 0.9728 -0.8084 -0.8404 -0.8444 -1.1208 -0.9724 -0.5116 -0.5256 -0.9572 1.1742 -0.9242 0.8924 -1.0582 0.9046 0.9026 0.8936 0.8302 0.9006 0.4504 0.4814 0.8418
-0.46 -0.46 -0.51 0.29 -0.79 -2.12 0.91 -1.23 1.87 1.82 -2.01 0.97 1.98 0.93 -0.0899999999999999 1.48725436431146 2.04906885840692 3.2647421747905 -0.1368 0.3568 1.0004 -0.4172 0.5916 -0.8304 -0.9144 0.7392 -0.4624 -0.9316 -0.5656 -0.00719999999999999 -0.0268 0.2868 1.0604 -0.4072 0.5716 -0.8404 -0.8444 0.7192 -0.5124 -0.9716 -0.5256 -0.0372 -0.0958 0.3558 1.0524 -0.4982 0.6646 -0.9674 -0.9264 0.8802 -0.5594 -1.0396 -0.4486 -0.0482
0.54 0.54 -0.51 2.29 0.21 -2.12 -0.0899999999999999 1.77 0.87 -0.18 0.99 1.97 0.98 0.93 0.91 2.24394032262832 1.93704809728626 2.59355656127242 1.2332 0.1068 -1.1196 -0.0472 0.9816 0.4996 -0.1744 0.3492 1.0476 0.5084 0.3644 0.4428 1.3432 0.0368 -1.0596 -0.0372 0.9616 0.4896 -0.1044 0.3292 0.9976 0.4684 0.4044 0.4128 -1.1158 -0.1542 1.0524 0.0118 -0.8654 -0.4574 0.0936 -0.6498 -1.0694 -0.5296 -0.4486 -0.5582
0.54 0.54 0.49 2.29 2.21 -2.12 0.91 -2.23 1.87 1.82 1.99 -0.0299999999999998 1.98 0.93 1.91 0.374866898221163 1.4221608891117 1.84337606290149 1.2332 1.1868 -1.1196 0.4928 -1.1784 1.0396 0.9056 0.8892 -0.0324 1.0484 0.3644 0.9828 1.3432 1.1168 -1.0596 0.5028 -1.1984 1.0296 0.9756 0.8692 -0.0824 1.0084 0.4044 0.9528 1.1742 1.0358 -1.0676 0.4118 -1.0554 0.9026 0.8936 0.8302 -0.0794 0.9404 0.4814 0.8418
0.54 0.54 0.49 0.29 -0.79 -1.12 1.91 0.77 -2.13 -2.18 -0.00999999999999979 -2.03 -1.02 -0.0699999999999998 -2.09 -0.171079027576937 0.207141400132041 -0.396156636845346 0.1532 -0.4332 -0.5796 1.0328 0.4416 -1.1204 -1.2544 -0.1908 -1.1124 -0.5716 -0.1756 -1.1772 0.2632 -0.5032 -0.5196 1.0428 0.4216 -1.1304 -1.1844 -0.2108 -1.1624 -0.6116 -0.1356 -1.2072 0.1942 -0.4342 -0.5776 0.9018 0.4146 -1.0574 -1.0664 -0.1498 -1.0594 -0.5296 -0.0086 -1.1182
