-0.52 -0.49 0.52 2.26 -1.84 -0.96 -2.23 -0.81 2.09 1.09 0.92 -0.97 -0.95 -2.08 -1.08 1.18812024555912 2.46414012230032 2.5007186668435 -1.0404 0.9736 0.5084 1.0492 0.4324 -1.1236 -0.6536 -0.6068 0.4688 0.378 0.9632 0.3932 -1.0048 0.8432 0.3108 0.9954 0.4138 -1.0282 -0.5082 -0.4416 0.3306 0.361 0.9484 0.4084 1.1904 -1.0436 -0.5984 -1.1492 -0.4824 1.0236 0.5636 0.4068 -0.5588 -0.568 -1.0532 -0.5932
-0.52 -0.49 -0.48 2.26 -1.84 0.04 0.77 -0.81 -0.91 -1.91 -0.0800000000000001 -1.97 -0.95 -0.0800000000000001 -2.08 0.185034911333163 1.61888985354739 0.685158025143707 -1.0404 0.9736 -0.0116 -0.5108 0.4324 0.4364 0.9064 -0.0868 0.9888 0.378 -0.0768 0.9132 -1.0048 0.8432 -0.1792 -0.4746 0.4138 0.4418 0.9618 0.0484 0.8206 0.361 -0.0316 0.8984 -1.0696 0.7964 -0.1184 -0.3592 0.3276 0.3736 0.9136 -0.0332 0.8912 0.382 0.0668 0.9668
-0.52 0.51 0.52 0.26 2.16 2.04 -0.23 2.19 2.09 -1.91 0.92 2.03 2.05 -0.0800000000000001 1.92 1.01704481194886 -0.187673009263923 2.27239146937026 -0.000400000000000039 -1.1064 -1.0516 0.00920000000000001 -1.1276 -1.1236 0.9064 -0.6068 -1.0912 -1.182 -0.0768 -1.1668 0.2352 1.0432 0.8808 -0.2146 1.1338 1.0618 -0.9482 0.4784 0.8906 0.941 -0.1116 0.8584 0.1504 1.0364 0.9616 -0.1092 1.0776 1.0236 -0.9964 0.4068 1.0012 0.992 -0.0132 0.9668
0.48 -0.49 -0.48 -1.74 1.16 2.04 1.77 2.19 -1.91 0.0900000000000001 1.92 -1.97 -0.95 0.92 -1.08 0.738553204131458 1.422102298152 2.87311216747396 -0.7004 0.5736 0.9884 0.7392 1.0624 -0.9536 -0.0436 0.7932 -0.9812 -0.572 0.3232 -0.6868 0.9552 -0.6268 -1.1592 -0.9646 -1.0562 0.9318 -0.0182 -0.9316 0.8206 0.361 -0.5216 0.4084 0.8504 -0.6436 -1.0784 -0.8392 -1.1124 0.8536 -0.0464 -0.9932 0.8912 0.382 -0.4132 0.4868
0.48 -0.49 -0.48 1.26 -0.84 -1.96 0.77 1.19 2.09 1.09 -1.08 0.03 2.05 0.92 0.92 0.22007013173108 0.666377588086965 0.314626216700868 0.7396 -0.3864 -0.9316 0.2592 0.5824 0.9664 0.4364 -0.6468 -0.0212 0.868 0.3232 0.2732 -0.5148 0.3532 0.8008 -0.4746 -0.5662 -1.0282 -0.5082 0.5384 -0.1594 -1.109 -0.5216 -0.5716 -0.5896 0.3164 0.8416 -0.3592 -0.6324 -1.0664 -0.5264 0.4468 -0.0688 -1.058 -0.4132 -0.4732
0.48 -0.49 -0.48 2.26 -1.84 -1.96 -0.23 -0.81 -1.91 0.0900000000000001 -1.08 0.03 1.05 0.92 -0.0800000000000001 -0.0928686764237496 -0.91703912934199 2.13907983445635 1.2196 -0.8664 -0.9316 -0.2208 -0.3776 -0.9536 -0.0436 -0.6468 -0.0212 0.388 0.3232 -0.2068 -1.0048 0.8432 0.8008 0.0154 0.4138 0.9318 -0.0182 0.5384 -0.1594 -0.619 -0.5216 -0.0816 -1.0696 0.7964 0.8416 0.1208 0.3276 0.8536 -0.0464 0.4468 -0.0688 -0.578 -0.4132 0.00680000000000003
0.48 0.51 -0.48 1.26 2.16 -1.96 1.77 -1.81 2.09 -1.91 0.92 1.03 2.05 -2.08 -0.0800000000000001 0.728594301543046 0.8505656301357 -1.40156725849085 0.7396 1.0536 -0.9316 0.7392 -0.8576 0.9664 -1.0036 0.3132 0.4588 0.868 -1.1168 -0.2068 0.7452 1.0432 -1.1592 0.8054 -0.9062 1.0618 -0.9482 0.4784 0.3806 0.941 -1.1316 -0.1616 -0.5896 -1.1236 0.8416 -0.8392 0.8076 -1.0664 0.9136 -0.5132 -0.5488 -1.058 1.0268 0.00680000000000003
0.48 -0.49 -0.48 -1.74 0.16 -0.96 1.77 -1.81 -1.91 -0.91 1.92 2.03 1.05 1.92 1.92 0.76171342368954 0.239996134325013 0.354909668200657 -0.7004 0.0936 -0.4516 0.7392 -0.8576 -0.9536 -0.5236 0.7932 0.9388 0.388 0.8032 0.7532 0.9552 -0.1368 0.3108 -0.9646 0.9038 0.9318 0.4718 -0.9316 -1.1394 -0.619 -1.0116 -1.0616 0.8504 -0.1636 0.3616 -0.8392 0.8076 0.8536 0.4336 -0.9932 -1.0288 -0.578 -0.8932 -0.9532
0.48 0.51 0.52 2.26 2.16 2.04 0.77 2.19 0.0900000000000001 1.09 -2.08 -0.97 -0.95 1.92 1.92 0.499577335300284 0.705660004399529 3.43193151335984 1.2196 1.0536 0.9884 0.2592 1.0624 0.00640000000000004 0.4364 -1.1268 -0.5012 -0.572 0.8032 0.7532 1.2552 1.0432 0.8808 0.2954 1.1338 0.0418 0.5818 -1.0516 -0.6394 -0.589 0.9084 0.8584 1.1904 1.0364 0.9616 0.4108 1.0776 -0.0164 0.5636 -1.1532 -0.5588 -0.568 1.0268 0.9668
0.48 0.51 0.52 0.26 0.16 2.04 -2.23 -0.81 -1.91 1.09 0.92 -0.97 2.05 0.92 1.92 1.67239411481047 1.21729784695966 1.53202649841246 0.2596 0.0936 0.9884 -1.1808 -0.3776 -0.9536 0.4364 0.3132 -0.5012 0.868 0.3232 0.7532 0.2352 0.0231999999999999 0.8808 -1.2346 -0.3962 -0.9782 0.5818 0.4784 -0.6394 0.941 0.3984 0.8584 0.1504 -0.00360000000000003 0.9616 -1.1492 -0.4824 -1.0564 0.5636 0.4068 -0.5588 0.992 0.5068 0.9668
-0.52 -0.49 -0.48 1.26 0.16 0.04 -2.23 -1.81 1.09 -0.91 -1.08 1.03 -1.95 -2.08 -2.08 -0.758953305531344 -0.280606428145261 -0.321015775000572 -0.5204 -0.0664 -0.0116 1.0492 0.9524 -0.6036 0.3864 0.4332 -0.5712 0.898 0.9632 0.9132 -0.5148 -0.1368 -0.1792 0.9954 0.9038 -0.5382 0.4718 0.5384 -0.6494 0.851 0.9484 0.8984 -0.5896 -0.1636 -0.1184 1.0808 0.8076 -0.5864 0.4336 0.4468 -0.5488 0.862 1.0268 0.9668
-0.52 -0.49 -0.48 -1.74 0.16 -0.96 0.77 -1.81 -1.91 -0.91 0.92 2.03 -1.95 -2.08 -2.08 -1.12958005511555 -0.166719135710767 -0.314258049515655 1.0396 -0.0664 0.5084 -0.5108 0.9524 0.9564 0.3864 -0.6068 -1.0912 0.898 0.9632 0.9132 0.9552 -0.1368 0.3108 -0.4746 0.9038 0.9318 0.4718 -0.4416 -1.1394 0.851 0.9484 0.8984 0.8504 -0.1636 0.3616 -0.3592 0.8076 0.8536 0.4336 -0.5132 -1.0288 0.862 1.0268 0.9668
0.48 -0.49 0.52 -1.74 -0.84 -1.96 -0.23 -1.81 -1.91 1.09 -2.08 -1.97 -1.95 -1.08 -0.0800000000000001 0.348759239454244 0.568703127185738 2.76490947295825 -0.7004 -0.3864 -0.9316 -0.2208 -0.8576 -0.9536 0.4364 -1.1268 -0.9812 -1.052 -0.6368 -0.2068 0.9552 0.3532 0.8008 0.0154 0.9038 0.9318 -0.5082 1.0284 0.8206 0.851 0.4584 -0.0816 -0.8896 -0.5236 -1.1184 -0.1092 -1.0024 -1.0564 0.5636 -1.1532 -1.0788 -1.088 -0.5332 -0.0732
0.48 0.51 0.52 -1.74 -1.84 1.04 1.77 0.19 -1.91 2.09 1.92 2.03 -0.95 1.92 1.92 1.23693242053816 3.14918881482975 2.54456158033631 -0.7004 -0.8664 0.5084 0.7392 0.1024 -0.9536 0.9164 0.7932 0.9388 -0.572 0.8032 0.7532 -0.7848 -0.9968 0.3708 0.8054 0.1138 -0.9782 1.0918 0.9884 0.8906 -0.589 0.9084 0.8584 -0.8896 -1.0436 0.4416 0.9308 0.0376 -1.0564 1.0836 0.9268 1.0012 -0.568 1.0268 0.9668
-0.52 0.51 -0.48 2.26 -0.84 -1.96 1.77 0.19 -0.91 0.0900000000000001 -2.08 2.03 1.05 1.92 1.92 1.29689731563965 2.3681492022404 1.92351836227703 -1.0404 0.4536 1.0284 -1.0308 -0.0876 0.4364 -0.1336 0.9532 -1.0912 -0.662 -1.1168 -1.1668 1.2552 -0.4868 -1.1592 0.8054 0.1138 -0.4682 0.0718 -1.0516 0.8906 0.431 0.9084 0.8584 -1.0696 0.3164 0.8416 -0.8392 -0.1524 0.3736 -0.0464 0.9268 -1.0288 -0.578 -0.8932 -0.9532
0.48 0.51 -0.48 -0.74 0.16 -1.96 -1.23 2.19 -1.91 1.09 -0.0800000000000001 -1.97 -1.95 -0.0800000000000001 -1.08 1.30446924383919 -0.291875614044989 -0.0256178261246947 -0.2204 0.0936 -0.9316 -0.7008 1.0624 -0.9536 0.4364 -0.1668 -0.9812 -1.052 -0.1568 -0.6868 -0.2748 0.0231999999999999 -1.1592 -0.7246 1.1338 -0.9782 0.5818 -0.0316 -1.1494 -1.099 -0.1116 -0.6716 0.3704 -0.1636 0.8416 0.6008 -1.1124 0.8536 -0.5264 -0.0332 0.8912 0.862 0.0668 0.4868
-0.52 -0.49 -0.48 2.26 -1.84 -1.96 1.77 0.19 1.09 -0.91 -2.08 1.03 -0.95 -1.08 -0.0800000000000001 -0.481510838578145 -0.475542751645891 -0.637645900526172 -1.0404 0.9736 1.0284 -1.0308 -0.0876 -0.6036 0.3864 0.9532 -0.5712 0.378 0.4432 -0.1268 -1.0048 0.8432 0.8008 -0.9646 -0.0762 -0.5382 0.4718 1.0284 -0.6494 0.361 0.4584 -0.0816 -1.0696 0.7964 0.8416 -0.8392 -0.1524 -0.5864 0.4336 0.9268 -0.5488 0.382 0.5468 0.00680000000000003
0.48 0.51 0.52 2.26 -1.84 2.04 0.77 2.19 2.09 2.09 1.92 -0.97 2.05 -0.0800000000000001 -0.0800000000000001 0.941694465574562 2.9617986839286 2.53884277391767 1.2196 -0.8664 0.9884 0.2592 1.0624 0.9664 0.9164 0.7932 -0.5012 0.868 -0.1568 -0.2068 1.2552 -0.9968 0.8808 0.2954 1.1338 1.0618 1.0918 0.9884 -0.6394 0.941 -0.1116 -0.1616 1.1904 -1.0436 0.9616 0.4108 1.0776 1.0236 1.0836 0.9268 -0.5588 0.992 -0.0132 -0.0732
-0.52 -0.49 -0.48 -1.74 -0.84 2.04 -0.23 -1.81 -0.91 -0.91 1.92 0.03 2.05 1.92 1.92 0.562819168557511 2.35376145878862 0.713535116305924 1.0396 0.4536 -1.0516 0.00920000000000001 0.9524 0.4364 0.3864 -1.1268 -0.0512 -1.182 -1.1168 -1.1668 0.9552 0.3532 -1.1592 0.0154 0.9038 0.4418 0.4718 -0.9316 -0.1594 -1.109 -1.0116 -1.0616 0.8504 0.3164 -1.0784 0.1208 0.8076 0.3736 0.4336 -0.9932 -0.0688 -1.058 -0.8932 -0.9532
0.48 0.51 0.52 2.26 -1.84 -1.96 -2.23 -1.81 2.09 -1.91 -2.08 2.03 0.05 0.92 -1.08 1.38689757346068 0.642015625008136 1.48279680268823 1.2196 -0.8664 -0.9316 -1.1808 -0.8576 0.9664 -1.0036 -1.1268 0.9388 -0.092 0.3232 -0.6868 1.2552 -0.9968 -1.1592 -1.2346 -0.9062 1.0618 -0.9482 -1.0516 0.8906 -0.079 0.3984 -0.6716 1.1904 -1.0436 -1.1184 -1.1492 -1.0024 1.0236 -0.9964 -1.1532 1.0012 -0.048 0.5068 -0.5932
0.48 0.51 0.52 -1.74 1.16 -0.96 1.77 -0.81 -1.91 0.0900000000000001 -0.0800000000000001 -0.97 -1.95 -2.08 -2.08 0.247378670856936 0.907628660878525 -0.293518799158512 -0.7004 0.5736 -0.4516 0.7392 -0.3776 -0.9536 -0.0436 -0.1668 -0.5012 -1.052 -1.1168 -1.1668 -0.7848 0.5332 -0.6492 0.8054 -0.3962 -0.9782 0.0718 -0.0316 -0.6394 -1.099 -1.1316 -1.1816 -0.8896 0.5164 -0.5984 0.9308 -0.4824 -1.0564 0.0436 -0.1132 -0.5588 -1.088 -1.0532 -1.1132
-0.52 -0.49 0.52 1.26 1.16 2.04 1.77 1.19 0.0900000000000001 -1.91 1.92 -0.97 0.05 -1.08 -1.08 0.453179046693568 0.353199826934967 1.41250477163599 -0.5204 -0.5864 -1.0516 -1.0308 -0.6076 -0.0836 0.9064 -1.1268 0.4688 -0.142 0.4432 0.3932 -0.5148 -0.6268 -1.1592 -0.9646 -0.5662 -0.0482 0.9618 -0.9316 0.3306 -0.129 0.4584 0.4084 0.6704 0.5164 0.9616 0.9308 0.5576 -0.0164 -0.9964 0.9268 -0.5588 -0.048 -0.5332 -0.5932
0.48 0.51 0.52 -1.74 -0.84 -1.96 0.77 1.19 -0.91 -1.91 -0.0800000000000001 -0.97 -1.95 -2.08 -2.08 0.408589517853444 -0.28761151335859 1.09264753861193 -0.7004 -0.3864 -0.9316 0.2592 0.5824 -0.4736 -1.0036 -0.1668 -0.5012 -1.052 -1.1168 -1.1668 -0.7848 -0.4868 -1.1592 0.2954 0.6238 -0.4682 -0.9482 -0.0316 -0.6394 -1.099 -1.1316 -1.1816 -0.8896 -0.5236 -1.1184 0.4108 0.5576 -0.5364 -0.9964 -0.1132 -0.5588 -1.088 -1.0532 -1.1132
0.48 0.51 0.52 1.26 1.16 2.04 0.77 2.19 1.09 2.09 0.92 0.03 1.05 1.92 -0.0800000000000001 0.05822342566564 1.87919068532933 2.0661510667882 0.7396 0.5736 0.9884 0.2592 1.0624 0.4864 0.9164 0.3132 -0.0212 0.388 0.8032 -0.2068 0.7452 0.5332 0.8808 0.2954 1.1338 0.5518 1.0918 0.4784 -0.1294 0.431 0.9084 -0.1616 0.6704 0.5164 0.9616 0.4108 1.0776 0.5036 1.0836 0.4068 -0.0388 0.472 1.0268 -0.0732
0.48 0.51 0.52 -1.74 -1.84 -1.96 -0.23 -1.81 -1.91 -0.91 -2.08 2.03 -1.95 -2.08 -2.08 0.357341065847822 -0.103972612692706 1.72970411412759 -0.7004 -0.8664 -0.9316 -0.2208 -0.8576 -0.9536 -0.5236 -1.1268 0.9388 -1.052 -1.1168 -1.1668 -0.7848 -0.9968 -1.1592 -0.2146 -0.9062 -0.9782 -0.4382 -1.0516 0.8906 -1.099 -1.1316 -1.1816 -0.8896 -1.0436 -1.1184 -0.1092 -1.0024 -1.0564 -0.4764 -1.1532 1.0012 -1.088 -1.0532 -1.1132
0.48 -0.49 -0.48 -1.74 -0.84 0.04 -2.23 1.19 2.09 2.09 0.92 0.03 2.05 0.92 1.92 1.77526183931095 1.02577693690413 2.07782287555806 -0.7004 -0.3864 0.0284 -1.1808 0.5824 0.9664 0.9164 0.3132 -0.0212 0.868 0.3232 0.7532 0.9552 0.3532 -0.1792 0.9954 -0.5662 -1.0282 -0.9982 -0.4416 -0.1594 -1.109 -0.5216 -1.0616 0.8504 0.3164 -0.1184 1.0808 -0.6324 -1.0664 -1.0064 -0.5132 -0.0688 -1.058 -0.4132 -0.9532
0.48 0.51 0.52 -1.74 2.16 -1.96 1.77 2.19 -1.91 -0.91 -2.08 0.03 2.05 -1.08 -1.08 0.269191222784209 2.41504234128607 1.85650025962014 -0.7004 1.0536 -0.9316 0.7392 1.0624 -0.9536 -0.5236 -1.1268 -0.0212 0.868 -0.6368 -0.6868 -0.7848 1.0432 -1.1592 0.8054 1.1338 -0.9782 -0.4382 -1.0516 -0.1294 0.941 -0.6216 -0.6716 -0.8896 1.0364 -1.1184 0.9308 1.0776 -1.0564 -0.4764 -1.1532 -0.0388 0.992 -0.5332 -0.5932
-0.52 -0.49 -0.48 1.26 2.16 -1.96 -0.23 -1.81 -1.91 -0.91 -1.08 0.03 -1.95 -0.0800000000000001 0.92 0.675181518216967 -0.0875982034186308 2.29986127536215 -0.5204 -1.1064 1.0284 0.00920000000000001 0.9524 0.9564 0.3864 0.4332 -0.0512 0.898 -0.0768 -0.6468 -0.5148 -1.1168 0.8008 0.0154 0.9038 0.9318 0.4718 0.5384 -0.1594 0.851 -0.0316 -0.5716 -0.5896 -1.1236 0.8416 0.1208 0.8076 0.8536 0.4336 0.4468 -0.0688 0.862 0.0668 -0.4732
0.48 -0.49 -0.48 -1.74 -1.84 1.04 -0.23 -0.81 2.09 2.09 -0.0800000000000001 0.03 -0.95 -1.08 1.92 -1.24916635450118 0.924586634846121 0.485548274816307 -0.7004 -0.8664 0.5084 -0.2208 -0.3776 0.9664 0.9164 -0.1668 -0.0212 -0.572 -0.6368 0.7532 0.9552 0.8432 -0.6692 0.0154 0.4138 -1.0282 -0.9982 0.0484 -0.1594 0.361 0.4584 -1.0616 0.8504 0.7964 -0.5984 0.1208 0.3276 -1.0664 -1.0064 -0.0332 -0.0688 0.382 0.5468 -0.9532
-0.52 0.51 0.52 1.26 -1.84 2.04 -1.23 2.19 -1.91 0.0900000000000001 1.92 -0.97 0.05 -2.08 -0.0800000000000001 2.92040574604038 1.21832341483169 1.4806824273233 -0.5204 0.9736 -1.0516 0.5292 -1.1276 0.9564 -0.1336 -1.1268 0.4688 -0.142 0.9632 -0.1268 0.7452 -0.9968 0.8808 -0.7246 1.1338 -0.9782 0.0718 0.9884 -0.6394 -0.079 -1.1316 -0.1616 0.6704 -1.0436 0.9616 -0.6292 1.0776 -1.0564 0.0436 0.9268 -0.5588 -0.048 -1.0532 -0.0732
-0.52 -0.49 -0.48 -0.74 0.16 -1.96 -2.23 2.19 2.09 -0.91 -2.08 -1.97 -1.95 1.92 -0.0800000000000001 -0.0633053894994414 -2.7127475182914 -0.392856550226186 0.5196 -0.0664 1.0284 1.0492 -1.1276 -1.1236 0.3864 0.9532 0.9888 0.898 -1.1168 -0.1268 0.4652 -0.1368 0.8008 0.9954 -1.0562 -1.0282 0.4718 1.0284 0.8206 0.851 -1.0116 -0.0816 0.3704 -0.1636 0.8416 1.0808 -1.1124 -1.0664 0.4336 0.9268 0.8912 0.862 -0.8932 0.00680000000000003
-0.52 -0.49 -0.48 1.26 0.16 -0.96 0.77 -1.81 -0.91 0.0900000000000001 -0.0800000000000001 2.03 0.05 -0.0800000000000001 0.92 1.99168247223166 0.690994780689101 2.74908185388395 -0.5204 -0.0664 0.5084 -0.5108 0.9524 0.4364 -0.1336 -0.0868 -1.0912 -0.142 -0.0768 -0.6468 -0.5148 -0.1368 0.3108 -0.4746 0.9038 0.4418 -0.0182 0.0484 -1.1394 -0.129 -0.0316 -0.5716 -0.5896 -0.1636 0.3616 -0.3592 0.8076 0.3736 -0.0464 -0.0332 -1.0288 -0.098 0.0668 -0.4732
-0.52 0.51 0.52 0.26 2.16 -0.96 -0.23 -1.81 0.0900000000000001 -1.91 -2.08 2.03 -0.95 -2.08 -2.08 -1.3566499502819 1.50069271864596 0.168639406562061 -0.000400000000000039 -1.1064 0.5084 0.00920000000000001 0.9524 -0.0836 0.9064 0.9532 -1.0912 0.378 0.9632 0.9132 0.2352 1.0432 -0.6492 -0.2146 -0.9062 0.0418 -0.9482 -1.0516 0.8906 -0.589 -1.1316 -1.1816 0.1504 1.0364 -0.5984 -0.1092 -1.0024 -0.0164 -0.9964 -1.1532 1.0012 -0.568 -1.0532 -1.1132
0.48 0.51 0.52 2.26 -1.84 2.04 0.77 -0.81 2.09 1.09 1.92 -1.97 1.05 -1.08 0.92 1.41514698432676 1.34164283609167 0.597167053001713 1.2196 -0.8664 0.9884 0.2592 -0.3776 0.9664 0.4364 0.7932 -0.9812 0.388 -0.6368 0.2732 1.2552 -0.9968 0.8808 0.2954 -0.3962 1.0618 0.5818 0.9884 -1.1494 0.431 -0.6216 0.3484 1.1904 -1.0436 0.9616 0.4108 -0.4824 1.0236 0.5636 0.9268 -1.0788 0.472 -0.5332 0.4468
0.48 -0.49 0.52 1.26 -1.84 -0.96 -2.23 -0.81 1.09 -1.91 1.92 -0.97 -1.95 -2.08 -2.08 1.28715354895062 0.610909660383509 1.54897639822454 0.7396 -0.8664 -0.4516 -1.1808 -0.3776 0.4864 -1.0036 0.7932 -0.5012 -1.052 -1.1168 -1.1668 -0.5148 0.8432 0.3108 0.9954 0.4138 -0.5382 0.9618 -0.9316 0.3306 0.851 0.9484 0.8984 0.6704 -1.0436 -0.5984 -1.1492 -0.4824 0.5036 -0.9964 0.9268 -0.5588 -1.088 -1.0532 -1.1132
-0.52 -0.49 -0.48 0.26 0.16 0.04 -1.23 -0.81 -0.91 -0.91 -1.08 -0.97 -1.95 1.92 0.92 1.47920851600052 -0.147717389370304 1.49270028151916 -0.000400000000000039 -0.0664 -0.0116 0.5292 0.4324 0.4364 0.3864 0.4332 0.4688 0.898 -1.1168 -0.6468 -0.0248000000000001 -0.1368 -0.1792 0.5054 0.4138 0.4418 0.4718 0.5384 0.3306 0.851 -1.0116 -0.5716 -0.1096 -0.1636 -0.1184 0.6008 0.3276 0.3736 0.4336 0.4468 0.4112 0.862 -0.8932 -0.4732
0.48 0.51 -0.48 1.26 -1.84 2.04 0.77 2.19 -1.91 1.09 -0.0800000000000001 2.03 1.05 1.92 -0.0800000000000001 0.526615456009229 -0.436508882892574 1.25577022751602 0.7396 -0.8664 0.9884 0.2592 1.0624 -0.9536 0.4364 -0.1668 0.9388 0.388 0.8032 -0.2068 0.7452 -0.9968 0.8808 0.2954 1.1338 -0.9782 0.5818 -0.0316 0.8906 0.431 0.9084 -0.1616 -0.5896 0.7964 -1.0784 -0.3592 -1.1124 0.8536 -0.5264 -0.0332 -1.0288 -0.578 -0.8932 0.00680000000000003
0.48 0.51 0.52 2.26 -1.84 2.04 1.77 -0.81 1.09 1.09 1.92 2.03 2.05 1.92 1.92 1.61357887374973 2.72571809535858 2.11077304348332 1.2196 -0.8664 0.9884 0.7392 -0.3776 0.4864 0.4364 0.7932 0.9388 0.868 0.8032 0.7532 1.2552 -0.9968 0.8808 0.8054 -0.3962 0.5518 0.5818 0.9884 0.8906 0.941 0.9084 0.8584 1.1904 -1.0436 0.9616 0.9308 -0.4824 0.5036 0.5636 0.9268 1.0012 0.992 1.0268 0.9668
0.48 0.51 0.52 0.26 1.16 -1.96 0.77 -0.81 -1.91 -0.91 -1.08 1.03 2.05 0.92 -0.0800000000000001 0.303432287149013 -0.188458424776976 0.845949536606807 0.2596 0.5736 -0.9316 0.2592 -0.3776 -0.9536 -0.5236 -0.6468 0.4588 0.868 0.3232 -0.2068 0.2352 0.5332 -1.1592 0.2954 -0.3962 -0.9782 -0.4382 -0.5416 0.3806 0.941 0.3984 -0.1616 0.1504 0.5164 -1.1184 0.4108 -0.4824 -1.0564 -0.4764 -0.6332 0.4812 0.992 0.5068 -0.0732
0.48 -0.49 -0.48 1.26 1.16 -1.96 1.77 0.19 1.09 1.09 1.92 0.03 -0.95 -2.08 1.92 -0.885753007112805 1.03201240811652 1.84790705631272 0.7396 0.5736 -0.9316 0.7392 0.1024 0.4864 0.4364 0.7932 -0.0212 -0.572 -1.1168 0.7532 -0.5148 -0.6268 0.8008 -0.9646 -0.0762 -0.5382 -0.5082 -0.9316 -0.1594 0.361 0.9484 -1.0616 -0.5896 -0.6436 0.8416 -0.8392 -0.1524 -0.5864 -0.5264 -0.9932 -0.0688 0.382 1.0268 -0.9532
-0.52 -0.49 -0.48 2.26 0.16 1.04 -1.23 -0.81 -1.91 1.09 1.92 0.03 -0.95 -2.08 -2.08 1.26258084546348 0.261963216568315 -1.91538256059662 -1.0404 -0.0664 -0.5316 0.5292 0.4324 0.9564 -0.6536 -1.1268 -0.0512 0.378 0.9632 0.9132 -1.0048 -0.1368 -0.6692 0.5054 0.4138 0.9318 -0.5082 -0.9316 -0.1594 0.361 0.9484 0.8984 -1.0696 -0.1636 -0.5984 0.6008 0.3276 0.8536 -0.5264 -0.9932 -0.0688 0.382 1.0268 0.9668
0.48 0.51 -0.48 2.26 2.16 2.04 1.77 0.19 -1.91 2.09 -2.08 2.03 -0.95 1.92 0.92 0.750716605108031 2.08075751922422 1.68823295586681 1.2196 1.0536 0.9884 0.7392 0.1024 -0.9536 0.9164 -1.1268 0.9388 -0.572 0.8032 0.2732 1.2552 1.0432 0.8808 0.8054 0.1138 -0.9782 1.0918 -1.0516 0.8906 -0.589 0.9084 0.3484 -1.0696 -1.1236 -1.0784 -0.8392 -0.1524 0.8536 -1.0064 0.9268 -1.0288 0.382 -0.8932 -0.4732
-0.52 0.51 0.52 1.26 -0.84 1.04 -2.23 0.19 1.09 2.09 -0.0800000000000001 0.03 2.05 1.92 1.92 1.06938052033773 1.58154272098764 2.10729514163823 -0.5204 0.4536 -0.5316 1.0492 -0.0876 -0.6036 -1.1736 -0.0868 -0.0512 -1.182 -1.1168 -1.1668 0.7452 -0.4868 0.3708 -1.2346 0.1138 0.5518 1.0918 -0.0316 -0.1294 0.941 0.9084 0.8584 0.6704 -0.5236 0.4416 -1.1492 0.0376 0.5036 1.0836 -0.1132 -0.0388 0.992 1.0268 0.9668
-0.52 0.51 0.52 -0.74 1.16 -0.96 0.77 2.19 -1.91 2.09 -2.08 -0.97 -1.95 0.92 -0.0800000000000001 1.46222495810587 2.03666564864523 1.08512845073076 0.5196 -0.5864 0.5084 -0.5108 -1.1276 0.9564 -1.1736 0.9532 0.4688 0.898 -0.5968 -0.1268 -0.2748 0.5332 -0.6492 0.2954 1.1338 -0.9782 1.0918 -1.0516 -0.6394 -1.099 0.3984 -0.1616 -0.3696 0.5164 -0.5984 0.4108 1.0776 -1.0564 1.0836 -1.1532 -0.5588 -1.088 0.5068 -0.0732
-0.52 -0.49 -0.48 0.26 -1.84 1.04 -0.23 2.19 -0.91 0.0900000000000001 -1.08 -0.97 0.05 1.92 0.92 0.750344212645974 0.168436995608512 -0.181999938284698 -0.000400000000000039 0.9736 -0.5316 0.00920000000000001 -1.1276 0.4364 -0.1336 0.4332 0.4688 -0.142 -1.1168 -0.6468 -0.0248000000000001 0.8432 -0.6692 0.0154 -1.0562 0.4418 -0.0182 0.5384 0.3306 -0.129 -1.0116 -0.5716 -0.1096 0.7964 -0.5984 0.1208 -1.1124 0.3736 -0.0464 0.4468 0.4112 -0.098 -0.8932 -0.4732
-0.52 -0.49 -0.48 2.26 1.16 0.04 -2.23 2.19 -1.91 1.09 -2.08 -1.97 2.05 0.92 -2.08 -1.25709770207449 0.857047895859673 -0.660849975623995 -1.0404 -0.5864 -0.0116 1.0492 -1.1276 0.9564 -0.6536 0.9532 0.9888 -1.182 -0.5968 0.9132 -1.0048 -0.6268 -0.1792 0.9954 -1.0562 0.9318 -0.5082 1.0284 0.8206 -1.109 -0.5216 0.8984 -1.0696 -0.6436 -0.1184 1.0808 -1.1124 0.8536 -0.5264 0.9268 0.8912 -1.058 -0.4132 0.9668
0.48 -0.49 -0.48 0.26 0.16 2.04 -2.23 1.19 2.09 1.09 1.92 2.03 0.05 1.92 1.92 0.501564019906531 1.17055296961518 0.199621095551742 0.2596 0.0936 0.9884 -1.1808 0.5824 0.9664 0.4364 0.7932 0.9388 -0.092 0.8032 0.7532 -0.0248000000000001 -0.1368 -1.1592 0.9954 -0.5662 -1.0282 -0.5082 -0.9316 -1.1394 -0.129 -1.0116 -1.0616 -0.1096 -0.1636 -1.0784 1.0808 -0.6324 -1.0664 -0.5264 -0.9932 -1.0288 -0.098 -0.8932 -0.9532
-0.52 -0.49 0.52 1.26 2.16 2.04 1.77 1.19 2.09 -0.91 -1.08 -0.97 1.05 1.92 1.92 1.0240517986873 0.890150090583111 2.62967793016847 -0.5204 -1.1064 -1.0516 -1.0308 -0.6076 -1.1236 0.3864 0.4332 0.4688 -0.662 -1.1168 -1.1668 -0.5148 -1.1168 -1.1592 -0.9646 -0.5662 -1.0282 0.4718 0.5384 0.3306 -0.619 -1.0116 -1.0616 0.6704 1.0364 0.9616 0.9308 0.5576 1.0236 -0.4764 -0.6332 -0.5588 0.472 1.0268 0.9668
-0.52 -0.49 -0.48 -0.74 -1.84 -1.96 -0.23 -1.81 1.09 2.09 0.92 0.03 1.05 -0.0800000000000001 0.92 -0.860157928794378 1.52611495528912 0.685698249566239 0.5196 0.9736 1.0284 0.00920000000000001 0.9524 -0.6036 -1.1736 -0.6068 -0.0512 -0.662 -0.0768 -0.6468 0.4652 0.8432 0.8008 0.0154 0.9038 -0.5382 -0.9982 -0.4416 -0.1594 -0.619 -0.0316 -0.5716 0.3704 0.7964 0.8416 0.1208 0.8076 -0.5864 -1.0064 -0.5132 -0.0688 -0.578 0.0668 -0.4732
0.48 -0.49 -0.48 -1.74 2.16 2.04 -2.23 1.19 2.09 2.09 -1.08 0.03 0.05 -1.08 -0.0800000000000001 0.0590135242231374 0.992303426935943 4.01585922629034 -0.7004 1.0536 0.9884 -1.1808 0.5824 0.9664 0.9164 -0.6468 -0.0212 -0.092 -0.6368 -0.2068 0.9552 -1.1168 -1.1592 0.9954 -0.5662 -1.0282 -0.9982 0.5384 -0.1594 -0.129 0.4584 -0.0816 0.8504 -1.1236 -1.0784 1.0808 -0.6324 -1.0664 -1.0064 0.4468 -0.0688 -0.098 0.5468 0.00680000000000003
0.48 0.51 0.52 -1.74 -1.84 -1.96 1.77 -0.81 2.09 -1.91 1.92 -1.97 2.05 1.92 -0.0800000000000001 0.143850755875673 1.21406729308848 0.122134655327805 -0.7004 -0.8664 -0.9316 0.7392 -0.3776 0.9664 -1.0036 0.7932 -0.9812 0.868 0.8032 -0.2068 -0.7848 -0.9968 -1.1592 0.8054 -0.3962 1.0618 -0.9482 0.9884 -1.1494 0.941 0.9084 -0.1616 -0.8896 -1.0436 -1.1184 0.9308 -0.4824 1.0236 -0.9964 0.9268 -1.0788 0.992 1.0268 -0.0732
0.48 0.51 -0.48 -1.74 -1.84 2.04 0.77 -1.81 -1.91 -1.91 -2.08 -1.97 -1.95 -2.08 -2.08 0.581446042098206 0.485745127619419 0.551225173338996 -0.7004 -0.8664 0.9884 0.2592 -0.8576 -0.9536 -1.0036 -1.1268 -0.9812 -1.052 -1.1168 -1.1668 -0.7848 -0.9968 0.8808 0.2954 -0.9062 -0.9782 -0.9482 -1.0516 -1.1494 -1.099 -1.1316 -1.1816 0.8504 0.7964 -1.0784 -0.3592 0.8076 0.8536 0.9136 0.9268 0.8912 0.862 1.0268 0.9668
0.48 0.51 0.52 -1.74 -0.84 2.04 0.77 2.19 0.0900000000000001 1.09 0.92 1.03 2.05 1.92 1.92 0.985028366221927 0.798658091392639 1.72705632126731 -0.7004 -0.3864 0.9884 0.2592 1.0624 0.00640000000000004 0.4364 0.3132 0.4588 0.868 0.8032 0.7532 -0.7848 -0.4868 0.8808 0.2954 1.1338 0.0418 0.5818 0.4784 0.3806 0.941 0.9084 0.8584 -0.8896 -0.5236 0.9616 0.4108 1.0776 -0.0164 0.5636 0.4068 0.4812 0.992 1.0268 0.9668
-0.52 -0.49 -0.48 2.26 -1.84 -1.96 0.77 -0.81 2.09 2.09 -2.08 -1.97 1.05 -1.08 0.92 0.558263587685157 0.397900337490669 1.49530875940378 -1.0404 0.9736 1.0284 -0.5108 0.4324 -1.1236 -1.1736 0.9532 0.9888 -0.662 0.4432 -0.6468 -1.0048 0.8432 0.8008 -0.4746 0.4138 -1.0282 -0.9982 1.0284 0.8206 -0.619 0.4584 -0.5716 -1.0696 0.7964 0.8416 -0.3592 0.3276 -1.0664 -1.0064 0.9268 0.8912 -0.578 0.5468 -0.4732
0.48 -0.49 0.52 1.26 -1.84 -1.96 1.77 -0.81 -1.91 2.09 0.92 -1.97 1.05 -1.08 1.92 -0.0593017794276485 -0.758399742169516 0.438300229315036 0.7396 -0.8664 -0.9316 0.7392 -0.3776 -0.9536 0.9164 0.3132 -0.9812 0.388 -0.6368 0.7532 -0.5148 0.8432 0.8008 -0.9646 0.4138 0.9318 -0.9982 -0.4416 0.8206 -0.619 0.4584 -1.0616 0.6704 -1.0436 -1.1184 0.9308 -0.4824 -1.0564 1.0836 0.4068 -1.0788 0.472 -0.5332 0.9668
-0.52 -0.49 -0.48 -1.74 0.16 0.04 1.77 2.19 0.0900000000000001 -0.91 1.92 2.03 2.05 1.92 -1.08 2.15811642876204 1.20858295432332 2.13077043818361 1.0396 -0.0664 -0.0116 -1.0308 -1.1276 -0.0836 0.3864 -1.1268 -1.0912 -1.182 -1.1168 0.3932 0.9552 -0.1368 -0.1792 -0.9646 -1.0562 -0.0482 0.4718 -0.9316 -1.1394 -1.109 -1.0116 0.4084 0.8504 -0.1636 -0.1184 -0.8392 -1.1124 -0.1064 0.4336 -0.9932 -1.0288 -1.058 -0.8932 0.4868
0.48 0.51 -0.48 0.26 -0.84 -1.96 1.77 2.19 2.09 0.0900000000000001 1.92 -1.97 2.05 -0.0800000000000001 1.92 1.65382667722459 0.727703194022154 3.49064170570484 0.2596 -0.3864 -0.9316 0.7392 1.0624 0.9664 -0.0436 0.7932 -0.9812 0.868 -0.1568 0.7532 0.2352 -0.4868 -1.1592 0.8054 1.1338 1.0618 0.0718 0.9884 -1.1494 0.941 -0.1116 0.8584 -0.1096 0.3164 0.8416 -0.8392 -1.1124 -1.0664 -0.0464 -0.9932 0.8912 -1.058 0.0668 -0.9532
-0.52 0.51 0.52 -1.74 -0.84 1.04 -1.23 -1.81 -0.91 0.0900000000000001 1.92 2.03 0.05 -2.08 1.92 0.594004925655893 0.117328874160562 0.754138332097911 1.0396 0.4536 -0.5316 0.5292 0.9524 0.4364 -0.1336 -1.1268 -1.0912 -0.142 0.9632 -1.1668 -0.7848 -0.4868 0.3708 -0.7246 -0.9062 -0.4682 0.0718 0.9884 0.8906 -0.079 -1.1316 0.8584 -0.8896 -0.5236 0.4416 -0.6292 -1.0024 -0.5364 0.0436 0.9268 1.0012 -0.048 -1.0532 0.9668
0.48 0.51 0.52 -0.74 1.16 2.04 1.77 1.19 2.09 -1.91 -0.0800000000000001 2.03 0.05 1.92 1.92 1.3340833215467 1.48922048249885 2.14060300770053 -0.2204 0.5736 0.9884 0.7392 0.5824 0.9664 -1.0036 -0.1668 0.9388 -0.092 0.8032 0.7532 -0.2748 0.5332 0.8808 0.8054 0.6238 1.0618 -0.9482 -0.0316 0.8906 -0.079 0.9084 0.8584 -0.3696 0.5164 0.9616 0.9308 0.5576 1.0236 -0.9964 -0.1132 1.0012 -0.048 1.0268 0.9668
-0.52 -0.49 -0.48 0.26 2.16 -0.96 -0.23 0.19 1.09 -1.91 -1.08 -1.97 2.05 -1.08 -1.08 0.00201488091953689 1.10772150317871 0.239804140144594 -0.000400000000000039 -1.1064 0.5084 0.00920000000000001 -0.0876 -0.6036 0.9064 0.4332 0.9888 -1.182 0.4432 0.3932 -0.0248000000000001 -1.1168 0.3108 0.0154 -0.0762 -0.5382 0.9618 0.5384 0.8206 -1.109 0.4584 0.4084 -0.1096 -1.1236 0.3616 0.1208 -0.1524 -0.5864 0.9136 0.4468 0.8912 -1.058 0.5468 0.4868
0.48 0.51 -0.48 -1.74 1.16 0.04 1.77 -1.81 -0.91 -1.91 -0.0800000000000001 -1.97 0.05 -0.0800000000000001 -2.08 1.84726185715896 1.26518810854491 1.21740658232026 -0.7004 0.5736 0.0284 0.7392 -0.8576 -0.4736 -1.0036 -0.1668 -0.9812 -0.092 -0.1568 -1.1668 -0.7848 0.5332 -0.1392 0.8054 -0.9062 -0.4682 -0.9482 -0.0316 -1.1494 -0.079 -0.1116 -1.1816 0.8504 -0.6436 -0.1184 -0.8392 0.8076 0.3736 0.9136 -0.0332 0.8912 -0.098 0.0668 0.9668
-0.52 -0.49 -0.48 1.26 -1.84 -1.96 -2.23 -0.81 0.0900000000000001 -0.91 -2.08 -1.97 1.05 -1.08 0.92 -0.601749894129225 0.204146707908165 -0.622323940235463 -0.5204 0.9736 1.0284 1.0492 0.4324 -0.0836 0.3864 0.9532 0.9888 -0.662 0.4432 -0.6468 -0.5148 0.8432 0.8008 0.9954 0.4138 -0.0482 0.4718 1.0284 0.8206 -0.619 0.4584 -0.5716 -0.5896 0.7964 0.8416 1.0808 0.3276 -0.1064 0.4336 0.9268 0.8912 -0.578 0.5468 -0.4732
0.48 0.51 0.52 -0.74 1.16 2.04 -0.23 2.19 1.09 -1.91 1.92 1.03 1.05 -0.0800000000000001 1.92 0.94251155707467 0.444072083868685 1.32215372692874 -0.2204 0.5736 0.9884 -0.2208 1.0624 0.4864 -1.0036 0.7932 0.4588 0.388 -0.1568 0.7532 -0.2748 0.5332 0.8808 -0.2146 1.1338 0.5518 -0.9482 0.9884 0.3806 0.431 -0.1116 0.8584 -0.3696 0.5164 0.9616 -0.1092 1.0776 0.5036 -0.9964 0.9268 0.4812 0.472 -0.0132 0.9668
0.48 0.51 0.52 -1.74 -1.84 -0.96 1.77 -1.81 -1.91 -0.91 -2.08 -1.97 -1.95 -2.08 -2.08 -1.11535931714361 -0.116506701679855 -0.629395227025918 -0.7004 -0.8664 -0.4516 0.7392 -0.8576 -0.9536 -0.5236 -1.1268 -0.9812 -1.052 -1.1168 -1.1668 -0.7848 -0.9968 -0.6492 0.8054 -0.9062 -0.9782 -0.4382 -1.0516 -1.1494 -1.099 -1.1316 -1.1816 -0.8896 -1.0436 -0.5984 0.9308 -1.0024 -1.0564 -0.4764 -1.1532 -1.0788 -1.088 -1.0532 -1.1132
-0.52 -0.49 -0.48 1.26 0.16 1.04 -2.23 -0.81 -1.91 -1.91 0.92 1.03 0.05 -2.08 -2.08 0.0843406937739184 -0.153221242886187 0.436051248601247 -0.5204 -0.0664 -0.5316 1.0492 0.4324 0.9564 0.9064 -0.6068 -0.5712 -0.142 0.9632 0.9132 -0.5148 -0.1368 -0.6692 0.9954 0.4138 0.9318 0.9618 -0.4416 -0.6494 -0.129 0.9484 0.8984 -0.5896 -0.1636 -0.5984 1.0808 0.3276 0.8536 0.9136 -0.5132 -0.5488 -0.098 1.0268 0.9668
0.48 -0.49 0.52 -1.74 1.16 -1.96 -0.23 1.19 0.0900000000000001 -1.91 1.92 0.03 -0.95 1.92 0.92 0.0729971633772381 0.535451259922103 2.56244658686377 -0.7004 0.5736 -0.9316 -0.2208 0.5824 0.00640000000000004 -1.0036 0.7932 -0.0212 -0.572 0.8032 0.2732 0.9552 -0.6268 0.8008 0.0154 -0.5662 -0.0482 0.9618 -0.9316 -0.1594 0.361 -1.0116 -0.5716 -0.8896 0.5164 -1.1184 -0.1092 0.5576 -0.0164 -0.9964 0.9268 -0.0388 -0.568 1.0268 0.4468
0.48 0.51 0.52 0.26 -1.84 2.04 -1.23 2.19 2.09 0.0900000000000001 -2.08 1.03 -0.95 -0.0800000000000001 1.92 0.636010307441472 1.97814570805501 2.00293039755573 0.2596 -0.8664 0.9884 -0.7008 1.0624 0.9664 -0.0436 -1.1268 0.4588 -0.572 -0.1568 0.7532 0.2352 -0.9968 0.8808 -0.7246 1.1338 1.0618 0.0718 -1.0516 0.3806 -0.589 -0.1116 0.8584 0.1504 -1.0436 0.9616 -0.6292 1.0776 1.0236 0.0436 -1.1532 0.4812 -0.568 -0.0132 0.9668
0.48 -0.49 -0.48 -1.74 0.16 -1.96 -1.23 0.19 -1.91 -1.91 0.92 -1.97 -1.95 -0.0800000000000001 -1.08 -1.08238119837999 0.522032275337519 0.504263736165672 -0.7004 0.0936 -0.9316 -0.7008 0.1024 -0.9536 -1.0036 0.3132 -0.9812 -1.052 -0.1568 -0.6868 0.9552 -0.1368 0.8008 0.5054 -0.0762 0.9318 0.9618 -0.4416 0.8206 0.851 -0.0316 0.4084 0.8504 -0.1636 0.8416 0.6008 -0.1524 0.8536 0.9136 -0.5132 0.8912 0.862 0.0668 0.4868
-0.52 -0.49 -0.48 -1.74 2.16 -1.96 1.77 2.19 1.09 2.09 0.92 -0.97 -0.95 0.92 -2.08 1.40992606097815 2.86728604259592 2.47042223393963 1.0396 -1.1064 1.0284 -1.0308 -1.1276 -0.6036 -1.1736 -0.6068 0.4688 0.378 -0.5968 0.9132 0.9552 -1.1168 0.8008 -0.9646 -1.0562 -0.5382 -0.9982 -0.4416 0.3306 0.361 -0.5216 0.8984 0.8504 -1.1236 0.8416 -0.8392 -1.1124 -0.5864 -1.0064 -0.5132 0.4112 0.382 -0.4132 0.9668
-0.52 0.51 0.52 -1.74 2.16 -1.96 -2.23 -1.81 -0.91 -1.91 0.92 2.03 0.05 0.92 -2.08 1.2546220526275 0.414631717837601 0.814219327262615 1.0396 -1.1064 1.0284 1.0492 0.9524 0.4364 0.9064 -0.6068 -1.0912 -0.142 -0.5968 0.9132 -0.7848 1.0432 -1.1592 -1.2346 -0.9062 -0.4682 -0.9482 0.4784 0.8906 -0.079 0.3984 -1.1816 -0.8896 1.0364 -1.1184 -1.1492 -1.0024 -0.5364 -0.9964 0.4068 1.0012 -0.048 0.5068 -1.1132
0.48 -0.49 0.52 -1.74 1.16 -1.96 -0.23 -1.81 1.09 1.09 0.92 2.03 0.05 1.92 1.92 1.02879446460318 1.73613341087683 1.19576702757674 -0.7004 0.5736 -0.9316 -0.2208 -0.8576 0.4864 0.4364 0.3132 0.9388 -0.092 0.8032 0.7532 0.9552 -0.6268 0.8008 0.0154 0.9038 -0.5382 -0.5082 -0.4416 -1.1394 -0.129 -1.0116 -1.0616 -0.8896 0.5164 -1.1184 -0.1092 -1.0024 0.5036 0.5636 0.4068 1.0012 -0.048 1.0268 0.9668
-0.52 0.51 0.52 -0.74 2.16 1.04 -0.23 -1.81 2.09 2.09 1.92 2.03 0.05 1.92 0.92 1.31904416698189 0.816910237065724 1.13875946880607 0.5196 -1.1064 -0.5316 0.00920000000000001 0.9524 -1.1236 -1.1736 -1.1268 -1.0912 -0.142 -1.1168 -0.6468 -0.2748 1.0432 0.3708 -0.2146 -0.9062 1.0618 1.0918 0.9884 0.8906 -0.079 0.9084 0.3484 -0.3696 1.0364 0.4416 -0.1092 -1.0024 1.0236 1.0836 0.9268 1.0012 -0.048 1.0268 0.4468
0.48 0.51 0.52 1.26 1.16 2.04 -2.23 -0.81 1.09 1.09 -0.0800000000000001 0.03 0.05 -1.08 1.92 1.06094465558719 1.12728687613405 1.38653461036716 0.7396 0.5736 0.9884 -1.1808 -0.3776 0.4864 0.4364 -0.1668 -0.0212 -0.092 -0.6368 0.7532 0.7452 0.5332 0.8808 -1.2346 -0.3962 0.5518 0.5818 -0.0316 -0.1294 -0.079 -0.6216 0.8584 0.6704 0.5164 0.9616 -1.1492 -0.4824 0.5036 0.5636 -0.1132 -0.0388 -0.048 -0.5332 0.9668
0.48 0.51 -0.48 -1.74 -0.84 0.04 -0.23 -1.81 2.09 2.09 0.92 0.03 0.05 -2.08 0.92 0.550227164214673 0.49822816250147 0.736789914817587 -0.7004 -0.3864 0.0284 -0.2208 -0.8576 0.9664 0.9164 0.3132 -0.0212 -0.092 -1.1168 0.2732 -0.7848 -0.4868 -0.1392 -0.2146 -0.9062 1.0618 1.0918 0.4784 -0.1294 -0.079 -1.1316 0.3484 0.8504 0.3164 -0.1184 0.1208 0.8076 -1.0664 -1.0064 -0.5132 -0.0688 -0.098 1.0268 -0.4732
-0.52 -0.49 0.52 2.26 -1.84 0.04 -2.23 0.19 -1.91 -1.91 -2.08 0.03 -1.95 -2.08 -2.08 0.373180174981776 0.891568143186387 1.68421821775373 -1.0404 0.9736 -0.0116 1.0492 -0.0876 0.9564 0.9064 0.9532 -0.0512 0.898 0.9632 0.9132 -1.0048 0.8432 -0.1792 0.9954 -0.0762 0.9318 0.9618 1.0284 -0.1594 0.851 0.9484 0.8984 1.1904 -1.0436 -0.0784 -1.1492 0.0376 -1.0564 -0.9964 -1.1532 -0.0388 -1.088 -1.0532 -1.1132
-0.52 -0.49 0.52 -1.74 0.16 2.04 -0.23 0.19 2.09 -0.91 -0.0800000000000001 -1.97 2.05 -0.0800000000000001 -1.08 -0.680446384471919 0.856876500978842 0.453940517033139 1.0396 -0.0664 -1.0516 0.00920000000000001 -0.0876 -1.1236 0.3864 -0.0868 0.9888 -1.182 -0.0768 0.3932 0.9552 -0.1368 -1.1592 0.0154 -0.0762 -1.0282 0.4718 0.0484 0.8206 -1.109 -0.0316 0.4084 -0.8896 -0.00360000000000003 0.9616 -0.1092 0.0376 1.0236 -0.4764 -0.1132 -1.0788 0.992 -0.0132 -0.5932
0.48 0.51 -0.48 -1.74 -1.84 2.04 -1.23 -1.81 2.09 -1.91 0.92 -0.97 1.05 1.92 1.92 0.0780851898340386 0.951546128032152 2.01326958667697 -0.7004 -0.8664 0.9884 -0.7008 -0.8576 0.9664 -1.0036 0.3132 -0.5012 0.388 0.8032 0.7532 -0.7848 -0.9968 0.8808 -0.7246 -0.9062 1.0618 -0.9482 0.4784 -0.6394 0.431 0.9084 0.8584 0.8504 0.7964 -1.0784 0.6008 0.8076 -1.0664 0.9136 -0.5132 0.4112 -0.578 -0.8932 -0.9532
0.48 0.51 0.52 -1.74 2.16 -0.96 1.77 1.19 2.09 -0.91 -1.08 2.03 2.05 0.92 -0.0800000000000001 1.10785697327428 0.0726942157003748 0.82713622011748 -0.7004 1.0536 -0.4516 0.7392 0.5824 0.9664 -0.5236 -0.6468 0.9388 0.868 0.3232 -0.2068 -0.7848 1.0432 -0.6492 0.8054 0.6238 1.0618 -0.4382 -0.5416 0.8906 0.941 0.3984 -0.1616 -0.8896 1.0364 -0.5984 0.9308 0.5576 1.0236 -0.4764 -0.6332 1.0012 0.992 0.5068 -0.0732
-0.52 0.51 -0.48 0.26 0.16 1.04 -2.23 -1.81 -0.91 -1.91 -2.08 -1.97 -1.95 0.92 0.92 0.669030986832427 1.41095652758588 2.81309814890546 -0.000400000000000039 -0.0664 -0.5316 1.0492 0.9524 0.4364 0.9064 0.9532 0.9888 0.898 -0.5968 -0.6468 0.2352 0.0231999999999999 0.3708 -1.2346 -0.9062 -0.4682 -0.9482 -1.0516 -1.1494 -1.099 0.3984 0.3484 -0.1096 -0.1636 -0.5984 1.0808 0.8076 0.3736 0.9136 0.9268 0.8912 0.862 -0.4132 -0.4732
0.48 0.51 0.52 -1.74 1.16 -0.96 -1.23 -0.81 0.0900000000000001 -1.91 0.92 1.03 2.05 -0.0800000000000001 -0.0800000000000001 1.13633977128269 1.64052127884435 1.41569325463854 -0.7004 0.5736 -0.4516 -0.7008 -0.3776 0.00640000000000004 -1.0036 0.3132 0.4588 0.868 -0.1568 -0.2068 -0.7848 0.5332 -0.6492 -0.7246 -0.3962 0.0418 -0.9482 0.4784 0.3806 0.941 -0.1116 -0.1616 -0.8896 0.5164 -0.5984 -0.6292 -0.4824 -0.0164 -0.9964 0.4068 0.4812 0.992 -0.0132 -0.0732
0.48 -0.49 -0.48 0.26 0.16 -1.96 1.77 -1.81 0.0900000000000001 2.09 0.92 2.03 2.05 1.92 0.92 0.578700258257547 1.32929932429432 2.75150571174193 0.2596 0.0936 -0.9316 0.7392 -0.8576 0.00640000000000004 0.9164 0.3132 0.9388 0.868 0.8032 0.2732 -0.0248000000000001 -0.1368 0.8008 -0.9646 0.9038 -0.0482 -0.9982 -0.4416 -1.1394 -1.109 -1.0116 -0.5716 -0.1096 -0.1636 0.8416 -0.8392 0.8076 -0.1064 -1.0064 -0.5132 -1.0288 -1.058 -0.8932 -0.4732
-0.52 -0.49 -0.48 1.26 2.16 -1.96 -2.23 -1.81 -0.91 -0.91 1.92 -1.97 2.05 -2.08 0.92 0.471893765086582 0.43449018033639 0.213006236005346 -0.5204 -1.1064 1.0284 1.0492 0.9524 0.4364 0.3864 -1.1268 0.9888 -1.182 0.9632 -0.6468 -0.5148 -1.1168 0.8008 0.9954 0.9038 0.4418 0.4718 -0.9316 0.8206 -1.109 0.9484 -0.5716 -0.5896 -1.1236 0.8416 1.0808 0.8076 0.3736 0.4336 -0.9932 0.8912 -1.058 1.0268 -0.4732
0.48 0.51 0.52 2.26 -0.84 2.04 -0.23 -0.81 -1.91 1.09 0.92 -0.97 0.05 0.92 -2.08 1.22232248733757 1.49730112253182 2.58257385734106 1.2196 -0.3864 0.9884 -0.2208 -0.3776 -0.9536 0.4364 0.3132 -0.5012 -0.092 0.3232 -1.1668 1.2552 -0.4868 0.8808 -0.2146 -0.3962 -0.9782 0.5818 0.4784 -0.6394 -0.079 0.3984 -1.1816 1.1904 -0.5236 0.9616 -0.1092 -0.4824 -1.0564 0.5636 0.4068 -0.5588 -0.048 0.5068 -1.1132
-0.52 -0.49 -0.48 -1.74 -1.84 2.04 1.77 2.19 2.09 0.0900000000000001 -1.08 0.03 0.05 -2.08 -2.08 0.800722905807175 0.878750436426658 0.486297940799019 1.0396 0.9736 -1.0516 -1.0308 -1.1276 -1.1236 -0.1336 0.4332 -0.0512 -0.142 0.9632 0.9132 0.9552 0.8432 -1.1592 -0.9646 -1.0562 -1.0282 -0.0182 0.5384 -0.1594 -0.129 0.9484 0.8984 0.8504 0.7964 -1.0784 -0.8392 -1.1124 -1.0664 -0.0464 0.4468 -0.0688 -0.098 1.0268 0.9668
0.48 0.51 0.52 -0.74 2.16 -1.96 -2.23 -1.81 -1.91 -0.91 -0.0800000000000001 -1.97 1.05 1.92 1.92 0.486294628004661 1.22375568416613 2.05974621797234 -0.2204 1.0536 -0.9316 -1.1808 -0.8576 -0.9536 -0.5236 -0.1668 -0.9812 0.388 0.8032 0.7532 -0.2748 1.0432 -1.1592 -1.2346 -0.9062 -0.9782 -0.4382 -0.0316 -1.1494 0.431 0.9084 0.8584 -0.3696 1.0364 -1.1184 -1.1492 -1.0024 -1.0564 -0.4764 -0.1132 -1.0788 0.472 1.0268 0.9668
-0.52 -0.49 -0.48 0.26 -0.84 2.04 0.77 2.19 -1.91 -0.91 -1.08 -1.97 -1.95 -2.08 -1.08 1.42322771804445 0.704299357735769 0.518633477894454 -0.000400000000000039 0.4536 -1.0516 -0.5108 -1.1276 0.9564 0.3864 0.4332 0.9888 0.898 0.9632 0.3932 -0.0248000000000001 0.3532 -1.1592 -0.4746 -1.0562 0.9318 0.4718 0.5384 0.8206 0.851 0.9484 0.4084 -0.1096 0.3164 -1.0784 -0.3592 -1.1124 0.8536 0.4336 0.4468 0.8912 0.862 1.0268 0.4868
-0.52 -0.49 -0.48 2.26 -1.84 0.04 1.77 1.19 -0.91 -1.91 0.92 -0.97 1.05 1.92 -1.08 0.0521404323802001 0.555541475521349 -0.180824537859082 -1.0404 0.9736 -0.0116 -1.0308 -0.6076 0.4364 0.9064 -0.6068 0.4688 -0.662 -1.1168 0.3932 -1.0048 0.8432 -0.1792 -0.9646 -0.5662 0.4418 0.9618 -0.4416 0.3306 -0.619 -1.0116 0.4084 -1.0696 0.7964 -0.1184 -0.8392 -0.6324 0.3736 0.9136 -0.5132 0.4112 -0.578 -0.8932 0.4868
0.48 0.51 -0.48 -1.74 2.16 -1.96 -1.23 -1.81 0.0900000000000001 2.09 1.92 2.03 -0.95 0.92 0.92 0.271182722841524 0.595693117411141 1.0278530744305 -0.7004 1.0536 -0.9316 -0.7008 -0.8576 0.00640000000000004 0.9164 0.7932 0.9388 -0.572 0.3232 0.2732 -0.7848 1.0432 -1.1592 -0.7246 -0.9062 0.0418 1.0918 0.9884 0.8906 -0.589 0.3984 0.3484 0.8504 -1.1236 0.8416 0.6008 0.8076 -0.1064 -1.0064 -0.9932 -1.0288 0.382 -0.4132 -0.4732
-0.52 0.51 0.52 -1.74 2.16 2.04 1.77 0.19 0.0900000000000001 1.09 -1.08 -1.97 -0.95 -2.08 -1.08 0.883985786798267 0.470581623132545 0.994354426875076 1.0396 -1.1064 -1.0516 -1.0308 -0.0876 -0.0836 -0.6536 0.4332 0.9888 0.378 0.9632 0.3932 -0.7848 1.0432 0.8808 0.8054 0.1138 0.0418 0.5818 -0.5416 -1.1494 -0.589 -1.1316 -0.6716 -0.8896 1.0364 0.9616 0.9308 0.0376 -0.0164 0.5636 -0.6332 -1.0788 -0.568 -1.0532 -0.5932
-0.52 -0.49 0.52 -1.74 -0.84 0.04 0.77 1.19 2.09 2.09 1.92 -1.97 -0.95 0.92 -1.08 -0.511552808826472 0.21820364485745 0.0836690877735119 1.0396 0.4536 -0.0116 -0.5108 -0.6076 -1.1236 -1.1736 -1.1268 0.9888 0.378 -0.5968 0.3932 0.9552 0.3532 -0.1792 -0.4746 -0.5662 -1.0282 -0.9982 -0.9316 0.8206 0.361 -0.5216 0.4084 -0.8896 -0.5236 -0.0784 0.4108 0.5576 1.0236 1.0836 0.9268 -1.0788 -0.568 0.5068 -0.5932
-0.52 0.51 0.52 2.26 1.16 -1.96 -2.23 1.19 0.0900000000000001 0.0900000000000001 -1.08 1.03 2.05 -2.08 -0.0800000000000001 -0.384293431586775 0.507953785538305 0.583772552332668 -1.0404 -0.5864 1.0284 1.0492 -0.6076 -0.0836 -0.1336 0.4332 -0.5712 -1.182 0.9632 -0.1268 1.2552 0.5332 -1.1592 -1.2346 0.6238 0.0418 0.0718 -0.5416 0.3806 0.941 -1.1316 -0.1616 1.1904 0.5164 -1.1184 -1.1492 0.5576 -0.0164 0.0436 -0.6332 0.4812 0.992 -1.0532 -0.0732
-0.52 -0.49 -0.48 2.26 2.16 0.04 -0.23 -1.81 1.09 1.09 0.92 2.03 -0.95 0.92 -0.0800000000000001 -0.201787545914644 0.122155975066284 -0.42081751978693 -1.0404 -1.1064 -0.0116 0.00920000000000001 0.9524 -0.6036 -0.6536 -0.6068 -1.0912 0.378 -0.5968 -0.1268 -1.0048 -1.1168 -0.1792 0.0154 0.9038 -0.5382 -0.5082 -0.4416 -1.1394 0.361 -0.5216 -0.0816 -1.0696 -1.1236 -0.1184 0.1208 0.8076 -0.5864 -0.5264 -0.5132 -1.0288 0.382 -0.4132 0.00680000000000003
-0.52 0.51 -0.48 -1.74 -1.84 2.04 1.77 -1.81 0.0900000000000001 -1.91 -2.08 1.03 -0.95 -2.08 -1.08 1.14987017191667 1.40761966508962 1.47613437100156 1.0396 0.9736 -1.0516 -1.0308 0.9524 -0.0836 0.9064 0.9532 -0.5712 0.378 0.9632 0.3932 -0.7848 -0.9968 0.8808 0.8054 -0.9062 0.0418 -0.9482 -1.0516 0.3806 -0.589 -1.1316 -0.6716 0.8504 0.7964 -1.0784 -0.8392 0.8076 -0.1064 0.9136 0.9268 -0.5488 0.382 1.0268 0.4868
-0.52 -0.49 0.52 0.26 2.16 -0.96 -0.23 1.19 0.0900000000000001 2.09 0.92 2.03 -1.95 -2.08 -0.0800000000000001 2.24598605271014 2.34099539412689 3.83932875059839 -0.000400000000000039 -1.1064 0.5084 0.00920000000000001 -0.6076 -0.0836 -1.1736 -0.6068 -1.0912 0.898 0.9632 -0.1268 -0.0248000000000001 -1.1168 0.3108 0.0154 -0.5662 -0.0482 -0.9982 -0.4416 -1.1394 0.851 0.9484 -0.0816 0.1504 1.0364 -0.5984 -0.1092 0.5576 -0.0164 1.0836 0.4068 1.0012 -1.088 -1.0532 -0.0732
-0.52 0.51 -0.48 -1.74 -1.84 2.04 1.77 2.19 0.0900000000000001 0.0900000000000001 0.92 2.03 -1.95 1.92 1.92 0.0603557842721463 0.269350055271128 0.33606321410785 1.0396 0.9736 -1.0516 -1.0308 -1.1276 -0.0836 -0.1336 -0.6068 -1.0912 0.898 -1.1168 -1.1668 -0.7848 -0.9968 0.8808 0.8054 1.1338 0.0418 0.0718 0.4784 0.8906 -1.099 0.9084 0.8584 0.8504 0.7964 -1.0784 -0.8392 -1.1124 -0.1064 -0.0464 -0.5132 -1.0288 0.862 -0.8932 -0.9532
-0.52 -0.49 -0.48 1.26 2.16 0.04 1.77 -0.81 -1.91 0.0900000000000001 -2.08 -0.97 -1.95 -0.0800000000000001 -1.08 1.41582339335137 1.26344721252988 1.57878362753707 -0.5204 -1.1064 -0.0116 -1.0308 0.4324 0.9564 -0.1336 0.9532 0.4688 0.898 -0.0768 0.3932 -0.5148 -1.1168 -0.1792 -0.9646 0.4138 0.9318 -0.0182 1.0284 0.3306 0.851 -0.0316 0.4084 -0.5896 -1.1236 -0.1184 -0.8392 0.3276 0.8536 -0.0464 0.9268 0.4112 0.862 0.0668 0.4868
0.48 -0.49 0.52 2.26 0.16 2.04 -1.23 2.19 -0.91 0.0900000000000001 -1.08 0.03 0.05 -2.08 -2.08 0.352851839153438 0.795934596335853 1.45034253976398 1.2196 0.0936 0.9884 -0.7008 1.0624 -0.4736 -0.0436 -0.6468 -0.0212 -0.092 -1.1168 -1.1668 -1.0048 -0.1368 -1.1592 0.5054 -1.0562 0.4418 -0.0182 0.5384 -0.1594 -0.129 0.9484 0.8984 1.1904 -0.00360000000000003 0.9616 -0.6292 1.0776 -0.5364 0.0436 -0.6332 -0.0388 -0.048 -1.0532 -1.1132
-0.52 -0.49 -0.48 -1.74 -1.84 -1.96 -2.23 -1.81 -1.91 -0.91 -2.08 2.03 -1.95 0.92 -2.08 0.568575763945109 0.135836370328212 1.43911632242448 1.0396 0.9736 1.0284 1.0492 0.9524 0.9564 0.3864 0.9532 -1.0912 0.898 -0.5968 0.9132 0.9552 0.8432 0.8008 0.9954 0.9038 0.9318 0.4718 1.0284 -1.1394 0.851 -0.5216 0.8984 0.8504 0.7964 0.8416 1.0808 0.8076 0.8536 0.4336 0.9268 -1.0288 0.862 -0.4132 0.9668
-0.52 -0.49 -0.48 -1.74 -1.84 1.04 -1.23 2.19 0.0900000000000001 2.09 -2.08 -1.97 -1.95 -1.08 -2.08 0.47689190305526 0.531511115285181 1.18458823171883 1.0396 0.9736 -0.5316 0.5292 -1.1276 -0.0836 -1.1736 0.9532 0.9888 0.898 0.4432 0.9132 0.9552 0.8432 -0.6692 0.5054 -1.0562 -0.0482 -0.9982 1.0284 0.8206 0.851 0.4584 0.8984 0.8504 0.7964 -0.5984 0.6008 -1.1124 -0.1064 -1.0064 0.9268 0.8912 0.862 0.5468 0.9668
0.48 0.51 0.52 -0.74 2.16 1.04 1.77 -1.81 1.09 1.09 -0.0800000000000001 2.03 -0.95 0.92 -1.08 0.604811090312702 1.51161219887097 0.668706686955498 -0.2204 1.0536 0.5084 0.7392 -0.8576 0.4864 0.4364 -0.1668 0.9388 -0.572 0.3232 -0.6868 -0.2748 1.0432 0.3708 0.8054 -0.9062 0.5518 0.5818 -0.0316 0.8906 -0.589 0.3984 -0.6716 -0.3696 1.0364 0.4416 0.9308 -1.0024 0.5036 0.5636 -0.1132 1.0012 -0.568 0.5068 -0.5932
