-0.53 -0.55 0.53 0.05 -2.4 -2.02 -1.03 -2.17 1.71 -1.98 -1.96 0.1 -2.14 -1.94 0.0700000000000001 0.883730363982791 2.48130630332635 1.11119448295024 -0.113 1.144 0.9512 0.5518 1.0502 -0.8926 0.9288 0.9176 -0.026 0.9884 1.0264 -0.1442 -0.125 1.15 1.072 0.433 1.157 -1.041 0.998 0.976 -0.09 1.064 0.984 -0.147 0.00300000000000002 -1.414 -1.0912 -0.4318 -1.2602 0.8526 -0.9588 -1.0776 0.00599999999999998 -1.3184 -1.1064 -0.1058
0.47 0.45 0.53 -0.95 1.6 1.98 -0.0299999999999998 -2.17 -1.29 2.02 -0.96 0.1 1.86 2.06 2.07 2.9166227071488 0.889667742145631 1.27682234440986 -0.533 0.624 0.8112 -0.00819999999999999 -1.1198 -0.5926 0.8288 -0.5724 0.074 0.7284 0.9664 0.8658 -0.525 0.55 0.852 -0.147 -1.013 -0.681 0.818 -0.534 0.01 0.724 0.844 0.823 -0.527 0.706 1.0288 0.0982 -1.2602 -0.7374 1.1612 -0.5476 0.00599999999999998 0.8016 1.0136 0.9542
-0.53 0.45 -0.47 1.05 -0.4 -2.02 0.97 -1.17 -0.29 0.02 1.04 0.1 -1.14 0.0600000000000001 0.0700000000000001 2.12579297031947 0.970892989961683 3.11042995999696 -0.643 0.084 0.9512 -0.5082 0.5202 0.1674 -0.1312 -0.6724 -0.026 0.4584 -0.0336 -0.1442 0.375 -0.35 -0.948 0.303 -0.563 -0.231 -0.082 0.366 0.01 -0.626 -0.056 -0.077 -0.517 0.046 0.9288 -0.3418 0.4398 0.0826 0.0812 -0.5276 -0.094 0.3516 -0.1064 -0.1758
0.47 0.45 0.53 1.05 1.6 -0.02 1.97 0.83 0.71 2.02 -1.96 2.1 -1.14 -1.94 -0.93 1.27122300991743 1.11580373934793 1.19356129995362 0.407 0.624 -0.1288 0.9318 0.2902 0.3474 0.8288 -1.0424 1.014 -0.6816 -0.9136 -0.5442 0.375 0.55 -0.048 0.753 0.337 0.219 0.818 -0.984 0.91 -0.626 -0.956 -0.527 0.533 0.706 -0.0312 1.1582 0.3298 0.3226 1.1612 -1.0776 1.066 -0.7884 -1.1064 -0.6358
0.47 -0.55 0.53 -1.95 1.6 -2.02 1.97 0.83 1.71 1.02 1.04 1.1 1.86 0.0600000000000001 2.07 0.58184349145343 -2.35482490744253 -1.81149856442118 -1.003 0.624 -1.0688 0.9318 0.2902 0.8174 0.3588 0.3676 0.544 0.7284 0.0264 0.8658 0.975 -1.05 1.072 -1.217 -0.493 -1.041 -0.652 -0.674 -0.64 -1.136 -0.116 -1.247 -1.057 0.706 -1.0912 1.1582 0.3298 0.8526 0.6312 0.5124 0.536 0.8016 -0.0464 0.9542
-0.53 -0.55 -0.47 -0.95 0.6 -1.02 1.97 -0.17 -2.29 0.02 1.04 0.1 0.86 2.06 0.0700000000000001 0.800610718033258 0.590217878883228 1.93472776756074 0.417 -0.446 0.4212 -1.0382 -0.0098 1.2274 -0.1312 -0.6724 -0.026 -0.6016 -1.0936 -0.1442 0.425 -0.5 0.522 -1.217 0.057 1.159 -0.102 -0.674 -0.09 -0.586 -1.216 -0.147 0.423 -0.424 0.4588 -0.8118 -0.0302 1.0226 0.0812 -0.5276 -0.094 -0.5884 -1.0464 -0.1758
-0.53 -0.55 -0.47 2.05 -1.4 0.98 -1.03 -2.17 -0.29 2.02 -0.96 0.1 0.86 2.06 1.07 0.345381773133269 0.130109465024045 -0.0202979118610834 -1.173 0.614 -0.6388 0.5518 1.0502 0.1674 -1.1912 0.3876 -0.026 -0.6016 -1.0936 -0.6742 -1.225 0.6 -0.578 0.433 1.157 0.059 -1.202 0.426 -0.09 -0.586 -1.216 -0.697 -0.987 0.516 -0.4812 0.5982 0.9098 0.0826 -0.8588 0.4124 -0.094 -0.5884 -1.0464 -0.6458
0.47 0.45 -0.47 -1.95 -2.4 1.98 -0.0299999999999998 -0.17 0.71 -1.98 -1.96 -0.9 -2.14 -0.94 -1.93 0.772075369337086 0.316502747272218 0.0580079856627591 -1.003 -1.256 0.8112 -0.00819999999999999 -0.1798 0.3474 -1.0512 -1.0424 -0.396 -1.1516 -0.4436 -1.0142 -0.975 -1.25 0.852 -0.147 -0.113 0.219 -0.982 -0.984 -0.44 -1.076 -0.506 -0.977 0.893 0.986 -0.9512 0.1282 -0.0302 -0.3874 1.0212 0.8824 0.376 0.8216 0.3636 0.7642
0.47 -0.55 -0.47 2.05 0.6 1.98 -0.0299999999999998 -0.17 -0.29 2.02 1.04 2.1 1.86 -0.94 2.07 0.437882156852042 1.31909466518347 1.12579346395823 0.877 0.154 0.8112 -0.00819999999999999 -0.1798 -0.1226 0.8288 0.3676 1.014 0.7284 -0.4436 0.8658 -1.225 -0.5 -1.128 -0.117 0.057 0.059 -1.202 -0.674 -1.19 -1.136 0.434 -1.247 -0.987 -0.424 -0.9512 0.1282 -0.0302 0.0826 -0.8588 -0.5276 -1.034 -1.0584 0.3636 -1.1158
-0.53 -0.55 0.53 -1.95 1.6 0.98 -0.0299999999999998 -0.17 -0.29 -0.98 -1.96 2.1 -0.14 1.06 0.0700000000000001 0.498142696134475 0.529350304284305 0.457656166030353 0.947 -0.976 -0.6388 0.0218 -0.0098 0.1674 0.3988 0.9176 -1.086 -0.0716 -0.5636 -0.1442 0.975 -1.05 -0.578 -0.117 0.057 0.059 0.448 0.976 -1.19 -0.036 -0.666 -0.147 -1.057 0.706 0.4988 0.0982 -0.2002 -0.2074 -0.4288 -1.0776 1.066 -0.2584 0.4836 -0.1058
0.47 0.45 0.53 1.05 1.6 -2.02 0.97 1.83 1.71 -1.98 -0.96 2.1 0.86 2.06 1.07 0.958797169306745 0.187159221638225 1.13854087235406 0.407 0.624 -1.0688 0.4618 0.7602 0.8174 -1.0512 -0.5724 1.014 0.2584 0.9664 0.3958 0.375 0.55 -0.948 0.303 0.787 0.669 -0.982 -0.534 0.91 0.274 0.844 0.373 0.533 0.706 -1.0912 0.6282 0.8598 0.8526 -0.9588 -0.5476 1.066 0.2716 1.0136 0.4242
0.47 -0.55 -0.47 -1.95 1.6 -2.02 1.97 1.83 -2.29 1.02 0.04 1.1 0.86 -0.94 -0.93 0.624305258505194 -0.228056158454598 0.812457408043376 -1.003 0.624 -1.0688 0.9318 0.7602 -1.0626 0.3588 -0.1024 0.544 0.2584 -0.4436 -0.5442 0.975 -1.05 1.072 -1.217 -1.043 1.159 -0.652 -0.124 -0.64 -0.586 0.434 0.403 0.893 -0.894 0.9288 -0.8118 -0.9702 1.0226 -0.3888 -0.0576 -0.564 -0.5884 0.3636 0.2942
-0.53 -0.55 -0.47 -1.95 1.6 -1.02 -2.03 -2.17 -1.29 -0.98 0.04 0.1 -2.14 2.06 2.07 -1.76853582476818 0.265377420525549 1.39930330820321 0.947 -0.976 0.4212 1.0818 1.0502 0.6974 0.3988 -0.1424 -0.026 0.9884 -1.0936 -1.2042 0.975 -1.05 0.522 0.983 1.157 0.609 0.448 -0.124 -0.09 1.064 -1.216 -1.247 0.893 -0.894 0.4588 1.0682 0.9098 0.5526 0.5512 -0.0576 -0.094 0.8216 -1.0464 -1.1158
0.47 0.45 0.53 0.05 0.6 1.98 1.97 -2.17 -1.29 1.02 2.04 -0.9 -2.14 -1.94 2.07 0.367224379499044 -0.473155476329004 0.738976617690743 -0.063 0.154 0.8112 0.9318 -1.1198 -0.5926 0.3588 0.8376 -0.396 -1.1516 -0.9136 0.8658 -0.075 0.1 0.852 0.753 -1.013 -0.681 0.368 0.816 -0.44 -1.076 -0.956 0.823 0.00300000000000002 0.176 1.0288 1.1582 -1.2602 -0.7374 0.6312 1.0424 -0.524 -1.3184 -1.1064 0.9542
-0.53 -0.55 -0.47 -1.95 1.6 -2.02 1.97 -0.17 -0.29 -1.98 -0.96 -1.9 -2.14 -1.94 -1.93 0.80581758162655 -0.594449460420588 -0.285513607438048 0.947 -0.976 0.9512 -1.0382 -0.0098 0.1674 0.9288 0.3876 1.034 0.9884 1.0264 0.9158 0.975 -1.05 1.072 -1.217 0.057 0.059 0.998 0.426 1.01 1.064 0.984 0.953 0.893 -0.894 0.9288 -0.8118 -0.0302 0.0826 1.0212 0.4124 0.846 0.8216 0.8336 0.7642
-0.53 -0.55 -0.47 -1.95 1.6 -2.02 1.97 1.83 0.71 -0.98 -1.96 0.1 1.86 1.06 -1.93 0.297370728064327 0.421050223650758 0.826266333529413 0.947 -0.976 0.9512 -1.0382 -1.0698 -0.3626 0.3988 0.9176 -0.026 -1.1316 -0.5636 0.9158 0.975 -1.05 1.072 -1.217 -1.043 -0.491 0.448 0.976 -0.09 -1.136 -0.666 0.953 0.893 -0.894 0.9288 -0.8118 -0.9702 -0.3874 0.5512 0.8824 -0.094 -1.0584 -0.5764 0.7642
0.47 0.45 0.53 1.05 1.6 0.98 -1.03 -2.17 -1.29 0.02 2.04 -0.9 -2.14 -0.94 0.0700000000000001 1.3174852440505 1.23882416485401 2.26704685338981 0.407 0.624 0.3412 -0.4782 -1.1198 -0.5926 -0.1112 0.8376 -0.396 -1.1516 -0.4436 -0.0742 0.375 0.55 0.402 -0.597 -1.013 -0.681 -0.082 0.816 -0.44 -1.076 -0.506 -0.077 0.533 0.706 0.4988 -0.4318 -1.2602 -0.7374 0.1012 1.0424 -0.524 -1.3184 -0.5764 -0.1058
0.47 -0.55 0.53 0.05 -0.4 -1.02 -1.03 -1.17 0.71 -1.98 1.04 2.1 1.86 1.06 0.0700000000000001 2.41898495224616 2.23170269412937 0.789206243779705 -0.063 -0.316 -0.5988 -0.4782 -0.6498 0.3474 -1.0512 0.3676 1.014 0.7284 0.4964 -0.0742 -0.125 0.05 0.522 0.433 0.607 -0.491 0.998 -0.674 -1.19 -1.136 -0.666 -0.147 0.00300000000000002 -0.354 -0.5612 -0.4318 -0.7302 0.3226 -0.9588 0.5124 1.066 0.8016 0.4836 -0.1058
0.47 0.45 -0.47 2.05 1.6 1.98 0.97 -0.17 1.71 2.02 2.04 0.1 1.86 2.06 -0.93 0.764932543161546 2.05699277136156 1.53300177679892 0.877 0.624 0.8112 0.4618 -0.1798 0.8174 0.8288 0.8376 0.074 0.7284 0.9664 -0.5442 0.825 0.55 0.852 0.303 -0.113 0.669 0.818 0.816 0.01 0.724 0.844 -0.527 -0.987 -0.894 -0.9512 -0.3418 -0.0302 -0.8574 -0.8588 -0.9976 -0.094 -1.0584 -1.0464 0.2942
-0.53 -0.55 -0.47 2.05 -2.4 0.98 -2.03 -1.17 0.71 -1.98 -0.96 -1.9 -2.14 -1.94 -1.93 0.870498279784317 1.93116121171059 0.863653296135227 -1.173 1.144 -0.6388 1.0818 0.5202 -0.3626 0.9288 0.3876 1.034 0.9884 1.0264 0.9158 -1.225 1.15 -0.578 0.983 0.607 -0.491 0.998 0.426 1.01 1.064 0.984 0.953 -0.987 0.986 -0.4812 1.0682 0.4398 -0.3874 1.0212 0.4124 0.846 0.8216 0.8336 0.7642
-0.53 0.45 -0.47 2.05 1.6 1.98 1.97 1.83 0.71 1.02 1.04 2.1 1.86 0.0600000000000001 2.07 2.10016670781678 0.368263527687617 2.46179806834188 -1.173 -0.976 -1.1688 -1.0382 -1.0698 -0.3626 -0.6612 -0.6724 -1.086 -1.1316 -0.0336 -1.2042 0.825 0.55 0.852 0.753 0.787 0.219 0.368 0.366 0.91 0.724 -0.056 0.823 -0.987 -0.894 -0.9512 -0.8118 -0.9702 -0.3874 -0.3888 -0.5276 -1.034 -1.0584 -0.1064 -1.1158
-0.53 -0.55 -0.47 2.05 1.6 -2.02 -2.03 -0.17 -0.29 2.02 0.04 0.1 0.86 0.0600000000000001 0.0700000000000001 -0.465717734789278 1.57482362997416 1.2757743179369 -1.173 -0.976 0.9512 1.0818 -0.0098 0.1674 -1.1912 -0.1424 -0.026 -0.6016 -0.0336 -0.1442 -1.225 -1.05 1.072 0.983 0.057 0.059 -1.202 -0.124 -0.09 -0.586 -0.116 -0.147 -0.987 -0.894 0.9288 1.0682 -0.0302 0.0826 -0.8588 -0.0576 -0.094 -0.5884 -0.1064 -0.1758
0.47 0.45 0.53 0.05 -2.4 -2.02 -1.03 -2.17 -2.29 -1.98 -0.96 -1.9 -1.14 -1.94 -1.93 2.22937815589686 1.53367250636137 0.459537647626023 -0.063 -1.256 -1.0688 -0.4782 -1.1198 -1.0626 -1.0512 -0.5724 -0.866 -0.6816 -0.9136 -1.0142 -0.075 -1.25 -0.948 -0.597 -1.013 -1.131 -0.982 -0.534 -0.89 -0.626 -0.956 -0.977 0.00300000000000002 -1.414 -1.0912 -0.4318 -1.2602 -1.2674 -0.9588 -0.5476 -1.054 -0.7884 -1.1064 -1.1658
0.47 0.45 0.53 -1.95 0.6 1.98 -2.03 -2.17 0.71 -1.98 0.04 -1.9 1.86 0.0600000000000001 -1.93 1.02146626440455 1.58135609341227 1.5044926327696 -1.003 0.154 0.8112 -0.9482 -1.1198 0.3474 -1.0512 -0.1024 -0.866 0.7284 0.0264 -1.0142 -0.975 0.1 0.852 -1.047 -1.013 0.219 -0.982 -0.084 -0.89 0.724 -0.056 -0.977 -1.057 0.176 1.0288 -0.9618 -1.2602 0.3226 -0.9588 -0.0176 -1.054 0.8016 -0.0464 -1.1658
-0.53 0.45 -0.47 0.05 -1.4 0.98 1.97 -2.17 -1.29 -0.98 1.04 -1.9 -1.14 1.06 -1.93 0.583517038990512 0.394953353270648 -0.463318338328158 -0.113 0.614 -0.6388 -1.0382 1.0502 0.6974 0.3988 -0.6724 1.034 0.4584 -0.5636 0.9158 -0.075 -0.8 0.402 0.753 -1.013 -0.681 -0.532 0.366 -0.89 -0.626 0.394 -0.977 -0.047 0.516 -0.4812 -0.8118 0.9098 0.5526 0.5512 -0.5276 0.846 0.3516 -0.5764 0.7642
0.47 0.45 0.53 2.05 1.6 1.98 -0.0299999999999998 0.83 1.71 2.02 0.04 -0.9 -0.14 -1.94 0.0700000000000001 -0.178548112134967 3.37913306790773 1.99995157434709 0.877 0.624 0.8112 -0.00819999999999999 0.2902 0.8174 0.8288 -0.1024 -0.396 -0.2116 -0.9136 -0.0742 0.825 0.55 0.852 -0.147 0.337 0.669 0.818 -0.084 -0.44 -0.176 -0.956 -0.077 1.063 0.706 1.0288 0.0982 0.3298 0.8526 1.1612 -0.0176 -0.524 -0.2584 -1.1064 -0.1058
-0.53 -0.55 0.53 -0.95 -2.4 -0.02 -0.0299999999999998 0.83 1.71 -1.98 0.04 0.1 0.86 0.0600000000000001 -1.93 0.905615741235831 1.53113555572036 -0.395922911018068 0.417 1.144 -0.1088 0.0218 -0.5398 -0.8926 0.9288 -0.1424 -0.026 -0.6016 -0.0336 0.9158 0.425 1.15 -0.028 -0.117 -0.493 -1.041 0.998 -0.124 -0.09 -0.586 -0.116 0.953 -0.527 -1.414 -0.0312 0.0982 0.3298 0.8526 -0.9588 -0.0176 0.00599999999999998 0.2716 -0.0464 -1.1658
0.47 0.45 -0.47 1.05 1.6 -1.02 -0.0299999999999998 -2.17 1.71 2.02 -1.96 2.1 -1.14 -0.94 -1.93 1.10568235251138 1.27830239298764 1.41658086486215 0.407 0.624 -0.5988 -0.00819999999999999 -1.1198 0.8174 0.8288 -1.0424 1.014 -0.6816 -0.4436 -1.0142 0.375 0.55 -0.498 -0.147 -1.013 0.669 0.818 -0.984 0.91 -0.626 -0.506 -0.977 -0.517 -0.894 0.4588 0.1282 0.9098 -0.8574 -0.8588 0.8824 -1.034 0.3516 0.3636 0.7642
-0.53 -0.55 -0.47 -1.95 -2.4 -2.02 -1.03 1.83 -1.29 -0.98 0.04 2.1 -0.14 -1.94 -1.93 -0.295193994593511 1.19101729684557 -0.487207066353738 0.947 1.144 0.9512 0.5518 -1.0698 0.6974 0.3988 -0.1424 -1.086 -0.0716 1.0264 0.9158 0.975 1.15 1.072 0.433 -1.043 0.609 0.448 -0.124 -1.19 -0.036 0.984 0.953 0.893 0.986 0.9288 0.5982 -0.9702 0.5526 0.5512 -0.0576 -1.034 -0.1184 0.8336 0.7642
-0.53 -0.55 -0.47 -1.95 -2.4 -0.02 -2.03 1.83 1.71 -1.98 -1.96 0.1 -2.14 -1.94 1.07 0.748229635393231 1.2892958985918 -0.791322215238644 0.947 1.144 -0.1088 1.0818 -1.0698 -0.8926 0.9288 0.9176 -0.026 0.9884 1.0264 -0.6742 0.975 1.15 -0.028 0.983 -1.043 -1.041 0.998 0.976 -0.09 1.064 0.984 -0.697 0.893 0.986 -0.0112 1.0682 -0.9702 -0.8574 1.0212 0.8824 -0.094 0.8216 0.8336 -0.6458
0.47 0.45 0.53 -1.95 1.6 -1.02 0.97 -2.17 0.71 0.02 0.04 -0.9 -1.14 0.0600000000000001 -1.93 0.531980216959565 0.146675554904138 -1.00420927463693 -1.003 0.624 -0.5988 0.4618 -1.1198 0.3474 -0.1112 -0.1024 -0.396 -0.6816 0.0264 -1.0142 -0.975 0.55 -0.498 0.303 -1.013 0.219 -0.082 -0.084 -0.44 -0.626 -0.056 -0.977 -1.057 0.706 -0.5612 0.6282 -1.2602 0.3226 0.1012 -0.0176 -0.524 -0.7884 -0.0464 -1.1658
0.47 0.45 0.53 1.05 -1.4 -2.02 1.97 1.83 1.71 1.02 -1.96 -1.9 1.86 -1.94 1.07 0.69279068189927 -0.472381305938464 0.928567241679297 0.407 -0.786 -1.0688 0.9318 0.7602 0.8174 0.3588 -1.0424 -0.866 0.7284 -0.9136 0.3958 0.375 -0.8 -0.948 0.753 0.787 0.669 0.368 -0.984 -0.89 0.724 -0.956 0.373 0.533 -0.884 -1.0912 1.1582 0.8598 0.8526 0.6312 -1.0776 -1.054 0.8016 -1.1064 0.4242
0.47 0.45 0.53 -1.95 -2.4 -2.02 -2.03 1.83 1.71 2.02 2.04 -0.9 -0.14 -0.94 -0.93 0.53719852439028 1.1150367375698 1.67478586925898 -1.003 -1.256 -1.0688 -0.9482 0.7602 0.8174 0.8288 0.8376 -0.396 -0.2116 -0.4436 -0.5442 -0.975 -1.25 -0.948 -1.047 0.787 0.669 0.818 0.816 -0.44 -0.176 -0.506 -0.527 -1.057 -1.414 -1.0912 -0.9618 0.8598 0.8526 1.1612 1.0424 -0.524 -0.2584 -0.5764 -0.6358
0.47 0.45 0.53 -1.95 1.6 1.98 -0.0299999999999998 0.83 1.71 -1.98 -0.96 1.1 1.86 -0.94 1.07 2.47341690828712 1.92848888315817 3.67531119222748 -1.003 0.624 0.8112 -0.00819999999999999 0.2902 0.8174 -1.0512 -0.5724 0.544 0.7284 -0.4436 0.3958 -0.975 0.55 0.852 -0.147 0.337 0.669 -0.982 -0.534 0.46 0.724 -0.506 0.373 -1.057 0.706 1.0288 0.0982 0.3298 0.8526 -0.9588 -0.5476 0.536 0.8016 -0.5764 0.4242
0.47 0.45 0.53 -0.95 0.6 1.98 -1.03 1.83 1.71 1.02 1.04 -0.9 0.86 0.0600000000000001 -1.93 0.46600485919826 1.92425163339984 1.41147025987878 -0.533 0.154 0.8112 -0.4782 0.7602 0.8174 0.3588 0.3676 -0.396 0.2584 0.0264 -1.0142 -0.525 0.1 0.852 -0.597 0.787 0.669 0.368 0.366 -0.44 0.274 -0.056 -0.977 -0.527 0.176 1.0288 -0.4318 0.8598 0.8526 0.6312 0.5124 -0.524 0.2716 -0.0464 -1.1658
-0.53 -0.55 -0.47 2.05 -1.4 -1.02 -0.0299999999999998 -2.17 -2.29 -1.98 0.04 -1.9 -2.14 -1.94 -1.93 -0.774960554401087 -0.324942324288351 0.374719559708137 -1.173 0.614 0.4212 0.0218 1.0502 1.2274 0.9288 -0.1424 1.034 0.9884 1.0264 0.9158 -1.225 0.6 0.522 -0.117 1.157 1.159 0.998 -0.124 1.01 1.064 0.984 0.953 -0.987 0.516 0.4588 0.1282 0.9098 1.0226 1.0212 -0.0576 0.846 0.8216 0.8336 0.7642
0.47 0.45 -0.47 -1.95 0.6 -1.02 0.97 -1.17 -2.29 1.02 0.04 0.1 -1.14 -1.94 -1.93 -0.0381263882161234 0.641001273285767 2.50548696741947 -1.003 0.154 -0.5988 0.4618 -0.6498 -1.0626 0.3588 -0.1024 0.074 -0.6816 -0.9136 -1.0142 -0.975 0.1 -0.498 0.303 -0.563 -1.131 0.368 -0.084 0.01 -0.626 -0.956 -0.977 0.893 -0.424 0.4588 -0.3418 0.4398 1.0226 -0.3888 -0.0576 -0.094 0.3516 0.8336 0.7642
-0.53 0.45 -0.47 -0.95 -2.4 1.98 1.97 -1.17 -0.29 -0.98 -0.96 -1.9 0.86 0.0600000000000001 -0.93 0.401553358239394 1.45709594371526 1.73892522316626 0.417 1.144 -1.1688 -1.0382 0.5202 0.1674 0.3988 0.3876 1.034 -0.6016 -0.0336 0.3858 -0.525 -1.25 0.852 0.753 -0.563 -0.231 -0.532 -0.534 -0.89 0.274 -0.056 -0.527 0.423 0.986 -0.9512 -0.8118 0.4398 0.0826 0.5512 0.4124 0.846 -0.5884 -0.1064 0.2942
0.47 0.45 0.53 2.05 1.6 1.98 1.97 1.83 1.71 1.02 2.04 2.1 1.86 2.06 2.07 2.09017012614724 1.98697206190579 3.39721037071948 0.877 0.624 0.8112 0.9318 0.7602 0.8174 0.3588 0.8376 1.014 0.7284 0.9664 0.8658 0.825 0.55 0.852 0.753 0.787 0.669 0.368 0.816 0.91 0.724 0.844 0.823 1.063 0.706 1.0288 1.1582 0.8598 0.8526 0.6312 1.0424 1.066 0.8016 1.0136 0.9542
-0.53 0.45 0.53 0.05 -1.4 0.98 1.97 1.83 1.71 -0.98 2.04 2.1 -0.14 0.0600000000000001 1.07 0.232619589806641 0.64900828611818 0.707507498761169 -0.113 0.614 -0.6388 -1.0382 -1.0698 -0.8926 0.3988 -1.2024 -1.086 -0.0716 -0.0336 -0.6742 -0.075 -0.8 0.402 0.753 0.787 0.669 -0.532 0.816 0.91 -0.176 -0.056 0.373 0.00300000000000002 -0.884 0.4988 1.1582 0.8598 0.8526 -0.4288 1.0424 1.066 -0.2584 -0.0464 0.4242
0.47 0.45 -0.47 -1.95 -2.4 -1.02 0.97 -1.17 0.71 -1.98 -1.96 -1.9 -0.14 -1.94 -1.93 0.527978100425857 1.0123886220915 1.20206382875513 -1.003 -1.256 -0.5988 0.4618 -0.6498 0.3474 -1.0512 -1.0424 -0.866 -0.2116 -0.9136 -1.0142 -0.975 -1.25 -0.498 0.303 -0.563 0.219 -0.982 -0.984 -0.89 -0.176 -0.956 -0.977 0.893 0.986 0.4588 -0.3418 0.4398 -0.3874 1.0212 0.8824 0.846 -0.1184 0.8336 0.7642
-0.53 0.45 -0.47 2.05 1.6 1.98 1.97 -1.17 1.71 2.02 2.04 2.1 -0.14 1.06 2.07 0.238571955252585 0.116203208622823 0.5715644350219 -1.173 -0.976 -1.1688 -1.0382 0.5202 -0.8926 -1.1912 -1.2024 -1.086 -0.0716 -0.5636 -1.2042 0.825 0.55 0.852 0.753 -0.563 0.669 0.818 0.816 0.91 -0.176 0.394 0.823 -0.987 -0.894 -0.9512 -0.8118 0.4398 -0.8574 -0.8588 -0.9976 -1.034 -0.1184 -0.5764 -1.1158
0.47 -0.55 0.53 0.05 -2.4 -0.02 -2.03 1.83 -2.29 0.02 -0.96 -0.9 1.86 1.06 -0.93 0.8639524629196 0.382906785820179 1.29208324380112 -0.063 -1.256 -0.1288 -0.9482 0.7602 -1.0626 -0.1112 -0.5724 -0.396 0.7284 0.4964 -0.5442 -0.125 1.15 -0.028 0.983 -1.043 1.159 -0.102 0.426 0.46 -1.136 -0.666 0.403 0.00300000000000002 -1.414 -0.0312 -0.9618 0.8598 -1.2674 0.1012 -0.5476 -0.524 0.8016 0.4836 -0.6358
0.47 0.45 -0.47 -1.95 1.6 -0.02 -0.0299999999999998 -1.17 -0.29 0.02 1.04 0.1 -0.14 -1.94 0.0700000000000001 1.57677600071112 1.66142332513374 2.05594216544221 -1.003 0.624 -0.1288 -0.00819999999999999 -0.6498 -0.1226 -0.1112 0.3676 0.074 -0.2116 -0.9136 -0.0742 -0.975 0.55 -0.048 -0.147 -0.563 -0.231 -0.082 0.366 0.01 -0.176 -0.956 -0.077 0.893 -0.894 -0.0112 0.1282 0.4398 0.0826 0.0812 -0.5276 -0.094 -0.1184 0.8336 -0.1758
-0.53 -0.55 -0.47 -0.95 -2.4 1.98 0.97 -2.17 0.71 2.02 -0.96 0.1 1.86 1.06 -0.93 0.451942985269172 -0.134041148269543 0.352739341849257 0.417 1.144 -1.1688 -0.5082 1.0502 -0.3626 -1.1912 0.3876 -0.026 -1.1316 -0.5636 0.3858 0.425 1.15 -1.128 -0.667 1.157 -0.491 -1.202 0.426 -0.09 -1.136 -0.666 0.403 0.423 0.986 -0.9512 -0.3418 0.9098 -0.3874 -0.8588 0.4124 -0.094 -1.0584 -0.5764 0.2942
0.47 0.45 0.53 1.05 1.6 -0.02 1.97 1.83 -2.29 -1.98 0.04 0.1 1.86 1.06 -1.93 0.182232084604432 0.345764549229388 2.03888256384591 0.407 0.624 -0.1288 0.9318 0.7602 -1.0626 -1.0512 -0.1024 0.074 0.7284 0.4964 -1.0142 0.375 0.55 -0.048 0.753 0.787 -1.131 -0.982 -0.084 0.01 0.724 0.394 -0.977 0.533 0.706 -0.0312 1.1582 0.8598 -1.2674 -0.9588 -0.0176 0.00599999999999998 0.8016 0.4836 -1.1658
0.47 0.45 -0.47 -1.95 -0.4 1.98 -0.0299999999999998 -2.17 1.71 0.02 2.04 -1.9 1.86 1.06 2.07 -0.065374912664489 -0.875786924023398 0.691959786802158 -1.003 -0.316 0.8112 -0.00819999999999999 -1.1198 0.8174 -0.1112 0.8376 -0.866 0.7284 0.4964 0.8658 -0.975 -0.35 0.852 -0.147 -1.013 0.669 -0.082 0.816 -0.89 0.724 0.394 0.823 0.893 0.046 -0.9512 0.1282 0.9098 -0.8574 0.0812 -0.9976 0.846 -1.0584 -0.5764 -1.1158
-0.53 -0.55 -0.47 2.05 1.6 -0.02 0.97 0.83 -2.29 2.02 1.04 0.1 1.86 2.06 -0.93 0.6431753049143 1.42467736814815 2.85868447318172 -1.173 -0.976 -0.1088 -0.5082 -0.5398 1.2274 -1.1912 -0.6724 -0.026 -1.1316 -1.0936 0.3858 -1.225 -1.05 -0.028 -0.667 -0.493 1.159 -1.202 -0.674 -0.09 -1.136 -1.216 0.403 -0.987 -0.894 -0.0112 -0.3418 -0.5002 1.0226 -0.8588 -0.5276 -0.094 -1.0584 -1.0464 0.2942
-0.53 -0.55 -0.47 2.05 -1.4 -2.02 -1.03 -0.17 0.71 1.02 -1.96 -1.9 -2.14 -0.94 -1.93 -2.04134654063538 -2.75574321934008 -1.48448809673446 -1.173 0.614 0.9512 0.5518 -0.0098 -0.3626 -0.6612 0.9176 1.034 0.9884 0.4964 0.9158 -1.225 0.6 1.072 0.433 0.057 -0.491 -0.652 0.976 1.01 1.064 0.434 0.953 -0.987 0.516 0.9288 0.5982 -0.0302 -0.3874 -0.3888 0.8824 0.846 0.8216 0.3636 0.7642
-0.53 0.45 -0.47 0.05 0.6 -1.02 -2.03 -1.17 -0.29 -1.98 -0.96 -0.9 0.86 1.06 1.07 0.879015234984015 1.84750919537751 1.25409116693386 -0.113 -0.446 0.4212 1.0818 0.5202 0.1674 0.9288 0.3876 0.504 -0.6016 -0.5636 -0.6742 -0.075 0.1 -0.498 -1.047 -0.563 -0.231 -0.982 -0.534 -0.44 0.274 0.394 0.373 -0.047 -0.424 0.4588 1.0682 0.4398 0.0826 1.0212 0.4124 0.376 -0.5884 -0.5764 -0.6458
-0.53 -0.55 -0.47 0.05 -2.4 1.98 1.97 1.83 0.71 2.02 -0.96 2.1 -0.14 0.0600000000000001 0.0700000000000001 -0.60990583858292 0.641946152875606 1.2659718273786 -0.113 1.144 -1.1688 -1.0382 -1.0698 -0.3626 -1.1912 0.3876 -1.086 -0.0716 -0.0336 -0.1442 -0.125 1.15 -1.128 -1.217 -1.043 -0.491 -1.202 0.426 -1.19 -0.036 -0.116 -0.147 -0.047 0.986 -0.9512 -0.8118 -0.9702 -0.3874 -0.8588 0.4124 -1.034 -0.1184 -0.1064 -0.1758
0.47 -0.55 -0.47 2.05 -2.4 1.98 1.97 1.83 -0.29 1.02 -0.96 0.1 -2.14 -1.94 -0.93 0.280112342293414 1.42896377010349 1.83282345438835 0.877 -1.256 0.8112 0.9318 0.7602 -0.1226 0.3588 -0.5724 0.074 -1.1516 -0.9136 -0.5442 -1.225 1.15 -1.128 -1.217 -1.043 0.059 -0.652 0.426 -0.09 1.064 0.984 0.403 -0.987 0.986 -0.9512 -0.8118 -0.9702 0.0826 -0.3888 0.4124 -0.094 0.8216 0.8336 0.2942
-0.53 -0.55 -0.47 -1.95 1.6 -0.02 1.97 -0.17 0.71 -1.98 2.04 0.1 -1.14 0.0600000000000001 -1.93 0.410067113850936 0.593598626238555 2.85860429858137 0.947 -0.976 -0.1088 -1.0382 -0.0098 -0.3626 0.9288 -1.2024 -0.026 0.4584 -0.0336 0.9158 0.975 -1.05 -0.028 -1.217 0.057 -0.491 0.998 -1.224 -0.09 0.514 -0.116 0.953 0.893 -0.894 -0.0112 -0.8118 -0.0302 -0.3874 1.0212 -0.9976 -0.094 0.3516 -0.1064 0.7642
0.47 0.45 0.53 2.05 0.6 0.98 -2.03 1.83 -1.29 2.02 -0.96 1.1 -0.14 2.06 2.07 1.24633572244723 1.24718203713923 0.332571532572145 0.877 0.154 0.3412 -0.9482 0.7602 -0.5926 0.8288 -0.5724 0.544 -0.2116 0.9664 0.8658 0.825 0.1 0.402 -1.047 0.787 -0.681 0.818 -0.534 0.46 -0.176 0.844 0.823 1.063 0.176 0.4988 -0.9618 0.8598 -0.7374 1.1612 -0.5476 0.536 -0.2584 1.0136 0.9542
-0.53 -0.55 0.53 -0.95 1.6 1.98 -0.0299999999999998 0.83 -1.29 -0.98 -1.96 -0.9 -1.14 -1.94 -1.93 1.36531348989177 -0.209184936432632 0.951344893514367 0.417 -0.976 -1.1688 0.0218 -0.5398 0.6974 0.3988 0.9176 0.504 0.4584 1.0264 0.9158 0.425 -1.05 -1.128 -0.117 -0.493 0.609 0.448 0.976 0.46 0.514 0.984 0.953 -0.527 0.706 1.0288 0.0982 0.3298 -0.7374 -0.4288 -1.0776 -0.524 -0.7884 -1.1064 -1.1658
0.47 0.45 -0.47 1.05 -0.4 -2.02 -2.03 1.83 -0.29 0.02 2.04 0.1 0.86 1.06 -0.93 -0.203182654433343 -0.166200226502544 -2.08477344061782 0.407 -0.316 -1.0688 -0.9482 0.7602 -0.1226 -0.1112 0.8376 0.074 0.2584 0.4964 -0.5442 0.375 -0.35 -0.948 -1.047 0.787 -0.231 -0.082 0.816 0.01 0.274 0.394 -0.527 -0.517 0.046 0.9288 1.0682 -0.9702 0.0826 0.0812 -0.9976 -0.094 -0.5884 -0.5764 0.2942
-0.53 -0.55 -0.47 -0.95 -2.4 -0.02 1.97 -0.17 -1.29 0.02 -0.96 0.1 -2.14 -1.94 2.07 -0.577486957877249 -0.627962304160892 0.646030116151704 0.417 1.144 -0.1088 -1.0382 -0.0098 0.6974 -0.1312 0.3876 -0.026 0.9884 1.0264 -1.2042 0.425 1.15 -0.028 -1.217 0.057 0.609 -0.102 0.426 -0.09 1.064 0.984 -1.247 0.423 0.986 -0.0112 -0.8118 -0.0302 0.5526 0.0812 0.4124 -0.094 0.8216 0.8336 -1.1158
0.47 0.45 -0.47 2.05 -2.4 1.98 -2.03 1.83 1.71 0.02 2.04 0.1 0.86 -0.94 0.0700000000000001 2.07981766670973 1.81457284704068 4.04775156339513 0.877 -1.256 0.8112 -0.9482 0.7602 0.8174 -0.1112 0.8376 0.074 0.2584 -0.4436 -0.0742 0.825 -1.25 0.852 -1.047 0.787 0.669 -0.082 0.816 0.01 0.274 -0.506 -0.077 -0.987 0.986 -0.9512 1.0682 -0.9702 -0.8574 0.0812 -0.9976 -0.094 -0.5884 0.3636 -0.1758
0.47 0.45 0.53 0.05 1.6 -2.02 -2.03 0.83 -2.29 2.02 2.04 0.1 -1.14 0.0600000000000001 1.07 0.0857622449148441 0.651457626201447 0.461590497545795 -0.063 0.624 -1.0688 -0.9482 0.2902 -1.0626 0.8288 0.8376 0.074 -0.6816 0.0264 0.3958 -0.075 0.55 -0.948 -1.047 0.337 -1.131 0.818 0.816 0.01 -0.626 -0.056 0.373 0.00300000000000002 0.706 -1.0912 -0.9618 0.3298 -1.2674 1.1612 1.0424 0.00599999999999998 -0.7884 -0.0464 0.4242
0.47 0.45 0.53 2.05 -2.4 -2.02 1.97 1.83 1.71 2.02 -0.96 0.1 1.86 2.06 1.07 0.472201700178432 0.308090012808216 2.95813087447815 0.877 -1.256 -1.0688 0.9318 0.7602 0.8174 0.8288 -0.5724 0.074 0.7284 0.9664 0.3958 0.825 -1.25 -0.948 0.753 0.787 0.669 0.818 -0.534 0.01 0.724 0.844 0.373 1.063 -1.414 -1.0912 1.1582 0.8598 0.8526 1.1612 -0.5476 0.00599999999999998 0.8016 1.0136 0.4242
-0.53 -0.55 -0.47 -1.95 -1.4 1.98 -2.03 -0.17 -1.29 0.02 2.04 -1.9 -1.14 -0.94 -1.93 0.2778465248626 0.207868824909779 -0.337756841367488 0.947 0.614 -1.1688 1.0818 -0.0098 0.6974 -0.1312 -1.2024 1.034 0.4584 0.4964 0.9158 0.975 0.6 -1.128 0.983 0.057 0.609 -0.102 -1.224 1.01 0.514 0.434 0.953 0.893 0.516 -0.9512 1.0682 -0.0302 0.5526 0.0812 -0.9976 0.846 0.3516 0.3636 0.7642
0.47 -0.55 -0.47 2.05 0.6 -0.02 -2.03 -0.17 -1.29 -1.98 1.04 -1.9 -0.14 -0.94 2.07 0.781556435672535 1.24306376446046 0.934353773753937 0.877 0.154 -0.1288 -0.9482 -0.1798 -0.5926 -1.0512 0.3676 -0.866 -0.2116 -0.4436 0.8658 -1.225 -0.5 -0.028 0.983 0.057 0.609 0.998 -0.674 1.01 -0.036 0.434 -1.247 -0.987 -0.424 -0.0112 1.0682 -0.0302 0.5526 1.0212 -0.5276 0.846 -0.1184 0.3636 -1.1158
-0.53 0.45 0.53 0.05 1.6 -1.02 1.97 1.83 0.71 1.02 2.04 2.1 1.86 2.06 2.07 1.66473542098181 1.88478077927702 2.3382975240829 -0.113 -0.976 0.4212 -1.0382 -1.0698 -0.3626 -0.6612 -1.2024 -1.086 -1.1316 -1.0936 -1.2042 -0.075 0.55 -0.498 0.753 0.787 0.219 0.368 0.816 0.91 0.724 0.844 0.823 0.00300000000000002 0.706 -0.5612 1.1582 0.8598 0.3226 0.6312 1.0424 1.066 0.8016 1.0136 0.9542
0.47 0.45 0.53 2.05 1.6 -1.02 1.97 0.83 1.71 2.02 2.04 0.1 1.86 0.0600000000000001 2.07 0.53864939208177 0.067396516933027 0.982517882666488 0.877 0.624 -0.5988 0.9318 0.2902 0.8174 0.8288 0.8376 0.074 0.7284 0.0264 0.8658 0.825 0.55 -0.498 0.753 0.337 0.669 0.818 0.816 0.01 0.724 -0.056 0.823 1.063 0.706 -0.5612 1.1582 0.3298 0.8526 1.1612 1.0424 0.00599999999999998 0.8016 -0.0464 0.9542
0.47 -0.55 0.53 -1.95 -1.4 -2.02 -2.03 -1.17 -0.29 -1.98 -1.96 -1.9 0.86 1.06 -1.93 -1.33325388030195 0.616442117560553 -0.745664016540737 -1.003 -0.786 -1.0688 -0.9482 -0.6498 -0.1226 -1.0512 -1.0424 -0.866 0.2584 0.4964 -1.0142 0.975 0.6 1.072 0.983 0.607 0.059 0.998 0.976 1.01 -0.586 -0.666 0.953 -1.057 -0.884 -1.0912 -0.9618 -0.7302 -0.2074 -0.9588 -1.0776 -1.054 0.2716 0.4836 -1.1658
-0.53 0.45 -0.47 -0.95 -0.4 1.98 1.97 -1.17 0.71 2.02 2.04 -1.9 1.86 2.06 -1.93 1.12618762931837 1.85452607257137 3.58264957912271 0.417 0.084 -1.1688 -1.0382 0.5202 -0.3626 -1.1912 -1.2024 1.034 -1.1316 -1.0936 0.9158 -0.525 -0.35 0.852 0.753 -0.563 0.219 0.818 0.816 -0.89 0.724 0.844 -0.977 0.423 0.046 -0.9512 -0.8118 0.4398 -0.3874 -0.8588 -0.9976 0.846 -1.0584 -1.0464 0.7642
0.47 0.45 -0.47 0.05 1.6 -2.02 0.97 -2.17 1.71 2.02 1.04 1.1 0.86 2.06 2.07 1.65032728522731 0.0242984127267969 1.0925288050636 -0.063 0.624 -1.0688 0.4618 -1.1198 0.8174 0.8288 0.3676 0.544 0.2584 0.9664 0.8658 -0.075 0.55 -0.948 0.303 -1.013 0.669 0.818 0.366 0.46 0.274 0.844 0.823 -0.047 -0.894 0.9288 -0.3418 0.9098 -0.8574 -0.8588 -0.5276 -0.564 -0.5884 -1.0464 -1.1158
-0.53 -0.55 -0.47 -1.95 -2.4 -1.02 -1.03 -2.17 -2.29 -0.98 -1.96 0.1 -1.14 -0.94 -1.93 0.260690879560084 0.618574464626735 0.415521258210085 0.947 1.144 0.4212 0.5518 1.0502 1.2274 0.3988 0.9176 -0.026 0.4584 0.4964 0.9158 0.975 1.15 0.522 0.433 1.157 1.159 0.448 0.976 -0.09 0.514 0.434 0.953 0.893 0.986 0.4588 0.5982 0.9098 1.0226 0.5512 0.8824 -0.094 0.3516 0.3636 0.7642
0.47 0.45 0.53 1.05 1.6 0.98 1.97 0.83 1.71 0.02 -1.96 1.1 -1.14 -0.94 2.07 0.785501668232462 1.64303476467315 2.73241704252847 0.407 0.624 0.3412 0.9318 0.2902 0.8174 -0.1112 -1.0424 0.544 -0.6816 -0.4436 0.8658 0.375 0.55 0.402 0.753 0.337 0.669 -0.082 -0.984 0.46 -0.626 -0.506 0.823 0.533 0.706 0.4988 1.1582 0.3298 0.8526 0.1012 -1.0776 0.536 -0.7884 -0.5764 0.9542
0.47 0.45 -0.47 2.05 1.6 1.98 0.97 -0.17 0.71 -0.98 -1.96 -1.9 1.86 0.0600000000000001 2.07 -0.3521017747557 1.36134088061647 1.32822693433177 0.877 0.624 0.8112 0.4618 -0.1798 0.3474 -0.5812 -1.0424 -0.866 0.7284 0.0264 0.8658 0.825 0.55 0.852 0.303 -0.113 0.219 -0.532 -0.984 -0.89 0.724 -0.056 0.823 -0.987 -0.894 -0.9512 -0.3418 -0.0302 -0.3874 0.5512 0.8824 0.846 -1.0584 -0.1064 -1.1158
-0.53 0.45 -0.47 -1.95 1.6 -2.02 1.97 1.83 -0.29 2.02 1.04 2.1 -2.14 0.0600000000000001 0.0700000000000001 0.990800400522044 1.06274915947034 1.88944656519954 0.947 -0.976 0.9512 -1.0382 -1.0698 0.1674 -1.1912 -0.6724 -1.086 0.9884 -0.0336 -0.1442 -0.975 0.55 -0.948 0.753 0.787 -0.231 0.818 0.366 0.91 -1.076 -0.056 -0.077 0.893 -0.894 0.9288 -0.8118 -0.9702 0.0826 -0.8588 -0.5276 -1.034 0.8216 -0.1064 -0.1758
-0.53 0.45 -0.47 -1.95 -1.4 -2.02 -1.03 1.83 -1.29 -1.98 -1.96 -0.9 -2.14 -1.94 -1.93 0.584662885726868 0.996983840811703 0.615550287163043 0.947 0.614 0.9512 0.5518 -1.0698 0.6974 0.9288 0.9176 0.504 0.9884 1.0264 0.9158 -0.975 -0.8 -0.948 -0.597 0.787 -0.681 -0.982 -0.984 -0.44 -1.076 -0.956 -0.977 0.893 0.516 0.9288 0.5982 -0.9702 0.5526 1.0212 0.8824 0.376 0.8216 0.8336 0.7642
-0.53 -0.55 0.53 2.05 -0.4 -1.02 -2.03 -2.17 0.71 -0.98 -0.96 0.1 -0.14 0.0600000000000001 -0.93 -0.213657573630907 0.153232984633402 -1.00866177615582 -1.173 0.084 0.4212 1.0818 1.0502 -0.3626 0.3988 0.3876 -0.026 -0.0716 -0.0336 0.3858 -1.225 0.05 0.522 0.983 1.157 -0.491 0.448 0.426 -0.09 -0.036 -0.116 0.403 1.063 -0.354 -0.5612 -0.9618 -1.2602 0.3226 -0.4288 -0.5476 0.00599999999999998 -0.2584 -0.0464 -0.6358
0.47 -0.55 0.53 -1.95 0.6 1.98 -2.03 1.83 -2.29 -1.98 2.04 -1.9 1.86 1.06 -1.93 0.351858007117199 0.135331779384256 1.35934285364493 -1.003 0.154 0.8112 -0.9482 0.7602 -1.0626 -1.0512 0.8376 -0.866 0.7284 0.4964 -1.0142 0.975 -0.5 -1.128 0.983 -1.043 1.159 0.998 -1.224 1.01 -1.136 -0.666 0.953 -1.057 0.176 1.0288 -0.9618 0.8598 -1.2674 -0.9588 1.0424 -1.054 0.8016 0.4836 -1.1658
-0.53 0.45 0.53 -1.95 0.6 -0.02 0.97 1.83 0.71 -1.98 2.04 2.1 -1.14 -0.94 -1.93 1.39498089387509 1.69643311889558 2.37630783281116 0.947 -0.446 -0.1088 -0.5082 -1.0698 -0.3626 0.9288 -1.2024 -1.086 0.4584 0.4964 0.9158 -0.975 0.1 -0.048 0.303 0.787 0.219 -0.982 0.816 0.91 -0.626 -0.506 -0.977 -1.057 0.176 -0.0312 0.6282 0.8598 0.3226 -0.9588 1.0424 1.066 -0.7884 -0.5764 -1.1658
0.47 0.45 -0.47 0.05 -0.4 -0.02 1.97 1.83 -0.29 -1.98 -0.96 -0.9 -1.14 1.06 0.0700000000000001 1.69901377614633 0.943462213449048 1.93800965691941 -0.063 -0.316 -0.1288 0.9318 0.7602 -0.1226 -1.0512 -0.5724 -0.396 -0.6816 0.4964 -0.0742 -0.075 -0.35 -0.048 0.753 0.787 -0.231 -0.982 -0.534 -0.44 -0.626 0.394 -0.077 -0.047 0.046 -0.0112 -0.8118 -0.9702 0.0826 1.0212 0.4124 0.376 0.3516 -0.5764 -0.1758
0.47 0.45 0.53 2.05 0.6 1.98 -2.03 1.83 -0.29 -1.98 2.04 1.1 -0.14 1.06 0.0700000000000001 0.625998349889229 1.12112094842857 0.651489035067426 0.877 0.154 0.8112 -0.9482 0.7602 -0.1226 -1.0512 0.8376 0.544 -0.2116 0.4964 -0.0742 0.825 0.1 0.852 -1.047 0.787 -0.231 -0.982 0.816 0.46 -0.176 0.394 -0.077 1.063 0.176 1.0288 -0.9618 0.8598 -0.2074 -0.9588 1.0424 0.536 -0.2584 0.4836 -0.1058
-0.53 0.45 0.53 2.05 -0.4 1.98 -2.03 -0.17 -0.29 -1.98 -1.96 -1.9 0.86 0.0600000000000001 1.07 -0.59650032578815 -0.236066881241359 0.146826878399576 -1.173 0.084 -1.1688 1.0818 -0.0098 0.1674 0.9288 0.9176 1.034 -0.6016 -0.0336 -0.6742 0.825 -0.35 0.852 -1.047 -0.113 -0.231 -0.982 -0.984 -0.89 0.274 -0.056 0.373 1.063 -0.354 1.0288 -0.9618 -0.2002 -0.2074 -0.9588 -1.0776 -1.054 0.2716 -0.0464 0.4242
0.47 -0.55 0.53 1.05 1.6 1.98 0.97 1.83 1.71 0.02 0.04 0.1 0.86 -0.94 2.07 1.75676608707686 0.92125913999182 2.48671624548721 0.407 0.624 0.8112 0.4618 0.7602 0.8174 -0.1112 -0.1024 0.074 0.2584 -0.4436 0.8658 -0.675 -1.05 -1.128 -0.667 -1.043 -1.041 -0.102 -0.124 -0.09 -0.586 0.434 -1.247 0.533 0.706 1.0288 0.6282 0.8598 0.8526 0.1012 -0.0176 0.00599999999999998 0.2716 -0.5764 0.9542
0.47 -0.55 0.53 0.05 -0.4 1.98 -1.03 -2.17 0.71 2.02 2.04 -1.9 0.86 1.06 2.07 0.860682195022708 1.47936001541952 2.47766316316851 -0.063 -0.316 0.8112 -0.4782 -1.1198 0.3474 0.8288 0.8376 -0.866 0.2584 0.4964 0.8658 -0.125 0.05 -1.128 0.433 1.157 -0.491 -1.202 -1.224 1.01 -0.586 -0.666 -1.247 0.00300000000000002 -0.354 1.0288 -0.4318 -1.2602 0.3226 1.1612 1.0424 -1.054 0.2716 0.4836 0.9542
-0.53 -0.55 -0.47 -0.95 -0.4 -0.02 -2.03 0.83 1.71 1.02 2.04 -1.9 1.86 2.06 2.07 0.312106918801781 1.21313638724565 1.75257196858894 0.417 0.084 -0.1088 1.0818 -0.5398 -0.8926 -0.6612 -1.2024 1.034 -1.1316 -1.0936 -1.2042 0.425 0.05 -0.028 0.983 -0.493 -1.041 -0.652 -1.224 1.01 -1.136 -1.216 -1.247 0.423 0.046 -0.0112 1.0682 -0.5002 -0.8574 -0.3888 -0.9976 0.846 -1.0584 -1.0464 -1.1158
-0.53 -0.55 -0.47 0.05 -0.4 -2.02 1.97 -2.17 -0.29 -1.98 -1.96 1.1 -1.14 -1.94 -0.93 0.427114438907991 1.4983796250866 1.43166440273953 -0.113 0.084 0.9512 -1.0382 1.0502 0.1674 0.9288 0.9176 -0.556 0.4584 1.0264 0.3858 -0.125 0.05 1.072 -1.217 1.157 0.059 0.998 0.976 -0.64 0.514 0.984 0.403 -0.047 0.046 0.9288 -0.8118 0.9098 0.0826 1.0212 0.8824 -0.564 0.3516 0.8336 0.2942
-0.53 -0.55 0.53 1.05 1.6 1.98 0.97 -0.17 -0.29 -1.98 0.04 2.1 1.86 2.06 2.07 0.807228559601757 0.997386247975636 0.400394175323516 -0.643 -0.976 -1.1688 -0.5082 -0.0098 0.1674 0.9288 -0.1424 -1.086 -1.1316 -1.0936 -1.2042 -0.675 -1.05 -1.128 -0.667 0.057 0.059 0.998 -0.124 -1.19 -1.136 -1.216 -1.247 0.533 0.706 1.0288 0.6282 -0.2002 -0.2074 -0.9588 -0.0176 1.066 0.8016 1.0136 0.9542
0.47 -0.55 -0.47 0.05 0.6 -0.02 -2.03 1.83 0.71 1.02 0.04 0.1 -0.14 2.06 1.07 0.335584680598187 1.81046123443202 2.18302593599589 -0.063 0.154 -0.1288 -0.9482 0.7602 0.3474 0.3588 -0.1024 0.074 -0.2116 0.9664 0.3958 -0.125 -0.5 -0.028 0.983 -1.043 -0.491 -0.652 -0.124 -0.09 -0.036 -1.216 -0.697 -0.047 -0.424 -0.0112 1.0682 -0.9702 -0.3874 -0.3888 -0.0576 -0.094 -0.1184 -1.0464 -0.6458
-0.53 -0.55 -0.47 2.05 -2.4 -2.02 0.97 -2.17 1.71 2.02 0.04 2.1 -1.14 -0.94 0.0700000000000001 0.557342344385136 0.308320155423501 0.684587043683444 -1.173 1.144 0.9512 -0.5082 1.0502 -0.8926 -1.1912 -0.1424 -1.086 0.4584 0.4964 -0.1442 -1.225 1.15 1.072 -0.667 1.157 -1.041 -1.202 -0.124 -1.19 0.514 0.434 -0.147 -0.987 0.986 0.9288 -0.3418 0.9098 -0.8574 -0.8588 -0.0576 -1.034 0.3516 0.3636 -0.1758
-0.53 0.45 0.53 1.05 -2.4 -2.02 -2.03 1.83 0.71 -1.98 -1.96 -0.9 0.86 -0.94 0.0700000000000001 -0.00249343823262227 0.724475611363552 1.62488908744341 -0.643 1.144 0.9512 1.0818 -1.0698 -0.3626 0.9288 0.9176 0.504 -0.6016 0.4964 -0.1442 0.375 -1.25 -0.948 -1.047 0.787 0.219 -0.982 -0.984 -0.44 0.274 -0.506 -0.077 0.533 -1.414 -1.0912 -0.9618 0.8598 0.3226 -0.9588 -1.0776 -0.524 0.2716 -0.5764 -0.1058
-0.53 -0.55 0.53 -1.95 1.6 0.98 -2.03 -1.17 1.71 0.02 -0.96 0.1 -2.14 -1.94 1.07 -0.1980626705346 -0.00917885692470688 -0.329763277063359 0.947 -0.976 -0.6388 1.0818 0.5202 -0.8926 -0.1312 0.3876 -0.026 0.9884 1.0264 -0.6742 0.975 -1.05 -0.578 0.983 0.607 -1.041 -0.102 0.426 -0.09 1.064 0.984 -0.697 -1.057 0.706 0.4988 -0.9618 -0.7302 0.8526 0.1012 -0.5476 0.00599999999999998 -1.3184 -1.1064 0.4242
0.47 0.45 -0.47 2.05 1.6 1.98 1.97 1.83 -1.29 2.02 -0.96 2.1 -1.14 0.0600000000000001 2.07 -0.109488459591649 0.71241482999117 0.581555188409956 0.877 0.624 0.8112 0.9318 0.7602 -0.5926 0.8288 -0.5724 1.014 -0.6816 0.0264 0.8658 0.825 0.55 0.852 0.753 0.787 -0.681 0.818 -0.534 0.91 -0.626 -0.056 0.823 -0.987 -0.894 -0.9512 -0.8118 -0.9702 0.5526 -0.8588 0.4124 -1.034 0.3516 -0.1064 -1.1158
-0.53 0.45 -0.47 -0.95 1.6 -0.02 -0.0299999999999998 -2.17 1.71 2.02 -1.96 2.1 -1.14 0.0600000000000001 1.07 0.28771155493298 0.134795469402983 -0.109546418698868 0.417 -0.976 -0.1088 0.0218 1.0502 -0.8926 -1.1912 0.9176 -1.086 0.4584 -0.0336 -0.6742 -0.525 0.55 -0.048 -0.147 -1.013 0.669 0.818 -0.984 0.91 -0.626 -0.056 0.373 0.423 -0.894 -0.0112 0.1282 0.9098 -0.8574 -0.8588 0.8824 -1.034 0.3516 -0.1064 -0.6458
-0.53 -0.55 -0.47 0.05 -0.4 -2.02 -2.03 1.83 -2.29 -0.98 0.04 -1.9 -2.14 0.0600000000000001 -0.93 0.220305096530577 0.164937182137477 0.411841688613349 -0.113 0.084 0.9512 1.0818 -1.0698 1.2274 0.3988 -0.1424 1.034 0.9884 -0.0336 0.3858 -0.125 0.05 1.072 0.983 -1.043 1.159 0.448 -0.124 1.01 1.064 -0.116 0.403 -0.047 0.046 0.9288 1.0682 -0.9702 1.0226 0.5512 -0.0576 0.846 0.8216 -0.1064 0.2942
0.47 -0.55 0.53 -0.95 -0.4 0.98 -1.03 1.83 -1.29 -0.98 1.04 0.1 -1.14 0.0600000000000001 2.07 0.465594172287767 0.932785090192988 0.898446320348324 -0.533 -0.316 0.3412 -0.4782 0.7602 -0.5926 -0.5812 0.3676 0.074 -0.6816 0.0264 0.8658 0.425 0.05 -0.578 0.433 -1.043 0.609 0.448 -0.674 -0.09 0.514 -0.116 -1.247 -0.527 -0.354 0.4988 -0.4318 0.8598 -0.7374 -0.4288 0.5124 0.00599999999999998 -0.7884 -0.0464 0.9542
0.47 0.45 0.53 -1.95 -0.4 -2.02 -1.03 -2.17 -1.29 0.02 0.04 0.1 -2.14 2.06 -1.93 1.09410642133338 1.29583346775559 1.43341154193023 -1.003 -0.316 -1.0688 -0.4782 -1.1198 -0.5926 -0.1112 -0.1024 0.074 -1.1516 0.9664 -1.0142 -0.975 -0.35 -0.948 -0.597 -1.013 -0.681 -0.082 -0.084 0.01 -1.076 0.844 -0.977 -1.057 -0.354 -1.0912 -0.4318 -1.2602 -0.7374 0.1012 -0.0176 0.00599999999999998 -1.3184 1.0136 -1.1658
0.47 0.45 0.53 1.05 -1.4 1.98 0.97 -0.17 -2.29 -1.98 -0.96 -0.9 1.86 0.0600000000000001 1.07 0.990261274907771 0.642145708325639 0.338814540544159 0.407 -0.786 0.8112 0.4618 -0.1798 -1.0626 -1.0512 -0.5724 -0.396 0.7284 0.0264 0.3958 0.375 -0.8 0.852 0.303 -0.113 -1.131 -0.982 -0.534 -0.44 0.724 -0.056 0.373 0.533 -0.884 1.0288 0.6282 -0.2002 -1.2674 -0.9588 -0.5476 -0.524 0.8016 -0.0464 0.4242
-0.53 0.45 0.53 -0.95 -0.4 -2.02 -2.03 -2.17 -0.29 0.02 -0.96 2.1 1.86 1.06 2.07 0.97934065085308 1.48478589076678 1.65122009662819 0.417 0.084 0.9512 1.0818 1.0502 0.1674 -0.1312 0.3876 -1.086 -1.1316 -0.5636 -1.2042 -0.525 -0.35 -0.948 -1.047 -1.013 -0.231 -0.082 -0.534 0.91 0.724 0.394 0.823 -0.527 -0.354 -1.0912 -0.9618 -1.2602 -0.2074 0.1012 -0.5476 1.066 0.8016 0.4836 0.9542
0.47 0.45 0.53 -1.95 1.6 -1.02 -2.03 0.83 -1.29 1.02 1.04 2.1 -0.14 1.06 1.07 2.04069746275215 1.93453486832933 3.01851818929958 -1.003 0.624 -0.5988 -0.9482 0.2902 -0.5926 0.3588 0.3676 1.014 -0.2116 0.4964 0.3958 -0.975 0.55 -0.498 -1.047 0.337 -0.681 0.368 0.366 0.91 -0.176 0.394 0.373 -1.057 0.706 -0.5612 -0.9618 0.3298 -0.7374 0.6312 0.5124 1.066 -0.2584 0.4836 0.4242
-0.53 0.45 0.53 2.05 1.6 -2.02 -0.0299999999999998 0.83 -0.29 0.02 0.04 -1.9 1.86 1.06 0.0700000000000001 1.43755857333091 1.49444492958146 1.8365549266793 -1.173 -0.976 0.9512 0.0218 -0.5398 0.1674 -0.1312 -0.1424 1.034 -1.1316 -0.5636 -0.1442 0.825 0.55 -0.948 -0.147 0.337 -0.231 -0.082 -0.084 -0.89 0.724 0.394 -0.077 1.063 0.706 -1.0912 0.0982 0.3298 -0.2074 0.1012 -0.0176 -1.054 0.8016 0.4836 -0.1058
-0.53 -0.55 -0.47 -1.95 1.6 -0.02 -2.03 -0.17 1.71 2.02 -0.96 -0.9 -2.14 1.06 -0.93 0.541330856500418 -0.257118454738931 0.737087961277892 0.947 -0.976 -0.1088 1.0818 -0.0098 -0.8926 -1.1912 0.3876 0.504 0.9884 -0.5636 0.3858 0.975 -1.05 -0.028 0.983 0.057 -1.041 -1.202 0.426 0.46 1.064 -0.666 0.403 0.893 -0.894 -0.0112 1.0682 -0.0302 -0.8574 -0.8588 0.4124 0.376 0.8216 -0.5764 0.2942
0.47 -0.55 -0.47 2.05 -2.4 -0.02 -1.03 -2.17 -2.29 0.02 -1.96 -1.9 -2.14 -1.94 -1.93 -0.0189171644402897 -1.01181541435389 -0.545632378904195 0.877 -1.256 -0.1288 -0.4782 -1.1198 -1.0626 -0.1112 -1.0424 -0.866 -1.1516 -0.9136 -1.0142 -1.225 1.15 -0.028 0.433 1.157 1.159 -0.102 0.976 1.01 1.064 0.984 0.953 -0.987 0.986 -0.0112 0.5982 0.9098 1.0226 0.0812 0.8824 0.846 0.8216 0.8336 0.7642
0.47 -0.55 -0.47 -0.95 -1.4 1.98 1.97 0.83 -0.29 1.02 2.04 2.1 -0.14 -1.94 -0.93 1.07161071367641 0.817297139847784 0.937928409362909 -0.533 -0.786 0.8112 0.9318 0.2902 -0.1226 0.3588 0.8376 1.014 -0.2116 -0.9136 -0.5442 0.425 0.6 -1.128 -1.217 -0.493 0.059 -0.652 -1.224 -1.19 -0.036 0.984 0.403 0.423 0.516 -0.9512 -0.8118 -0.5002 0.0826 -0.3888 -0.9976 -1.034 -0.1184 0.8336 0.2942
0.47 0.45 0.53 2.05 1.6 -2.02 -2.03 -1.17 -2.29 2.02 2.04 -0.9 0.86 1.06 1.07 1.45040745107908 2.23159066413883 2.59195167651375 0.877 0.624 -1.0688 -0.9482 -0.6498 -1.0626 0.8288 0.8376 -0.396 0.2584 0.4964 0.3958 0.825 0.55 -0.948 -1.047 -0.563 -1.131 0.818 0.816 -0.44 0.274 0.394 0.373 1.063 0.706 -1.0912 -0.9618 -0.7302 -1.2674 1.1612 1.0424 -0.524 0.2716 0.4836 0.4242
