-0.19613651E-15 -0.26213592E-15 -0.41200575E-15 -0.30453873E-15  0.52987029E-16 -0.10956201E-15 -0.86538455E-15 -0.78673648E-15 -0.74449050E-15 -0.12455288E-14
-0.10392628E-14 -0.96979629E-15 -0.11363726E-14 -0.13305048E-14 -0.10859885E-14  0.53395087E+00  0.90279692E+00  0.10061007E+01 -0.30520963E-16 -0.10057308E-16
 0.37732231E-16 -0.46785031E-16  0.25644257E-16 -0.10119006E-16 -0.57021671E-17  0.84425048E-17  0.14548853E-16  0.49819388E-16  0.71594021E-17  0.24729043E-16
 0.78757607E-16 -0.18420654E-16  0.23029620E-16  0.20558720E-16 -0.44206110E-16  0.34674177E-16  0.39785839E-16  0.53847913E-16  0.23746711E-16 -0.22773348E-16
-0.42185407E-16 -0.10703797E-16  0.50557378E-17  0.28605494E-16 -0.13888539E-17 -0.81159388E-16  0.72478531E-16  0.20082807E-16 -0.46462093E-16 -0.49332916E-16
 0.56752015E-16 -0.80392435E-17  0.21410614E-16  0.13148181E-15  0.59457815E+00  0.81016248E+00  0.29654735E+00  0.20808855E+00  0.35739860E+00  0.63080436E+00
 0.76296604E+00  0.57139772E+00  0.78809595E+00  0.77284223E+00  0.95401794E+00  0.10149859E+01  0.10202806E+01  0.51719284E+00  0.75307930E+00  0.22362345E+00
 0.72223656E-01  0.28595310E+00  0.37190768E+00  0.60395807E+00  0.57969546E+00  0.70032591E+00  0.66072476E+00  0.73906815E+00  0.84075254E+00  0.72950608E+00
 0.85257185E+00 -0.39425693E-01  0.30732197E+00  0.45689866E+00  0.42736495E+00  0.27384892E+00  0.61599225E+00  0.44707412E+00  0.28538099E+00  0.62502921E+00
 0.48035958E+00  0.44890955E+00  0.49126911E+00  0.21137021E+00  0.33348924E+00  0.34686258E+00  0.47948557E+00  0.78909630E+00  0.75080460E+00  0.89628822E+00
 0.78599536E+00  0.10001665E+01  0.10282730E+01  0.81608665E+00  0.21386811E+00  0.19161375E+00  0.16005538E+00  0.25638521E+01  0.27315941E+01  0.22958875E+01
 0.21422701E+01  0.19952869E+01  0.16799536E+01  0.16445761E+01  0.20937731E+01  0.15682201E+01  0.12381103E+01  0.12913543E+01  0.12761067E+01  0.47872135E+00
 0.51386994E+00  0.51248473E+00  0.61844015E+00  0.65382487E+00  0.56986421E+00  0.58877605E+00  0.55917293E+00  0.42366621E+00  0.44318506E+00  0.56169069E+00
 0.46931675E+00  0.39721382E+00  0.45505053E+00  0.41018882E+00  0.65985560E+00  0.67135811E+00  0.56446958E+00  0.59300846E+00  0.61534882E+00  0.41960949E+00
 0.51563424E+00  0.63552332E+00  0.51429892E+00  0.48953325E+00  0.48875594E+00  0.49690038E+00  0.65201515E+00  0.65507662E+00  0.56546766E+00  0.57175797E+00
 0.49753198E+00  0.38770011E+00  0.40878800E+00  0.51901281E+00  0.39860949E+00  0.33965102E+00  0.38353622E+00  0.36675727E+00  0.73536295E+00  0.20791134E+00
 0.36441557E-01  0.88344604E-01  0.95673405E-01  0.92389017E+00  0.70775157E+00  0.90223020E-02  0.42604618E-01  0.18567498E+00  0.82609260E+00  0.24047913E+00
 0.21987405E+00  0.11454674E-01
 0.49507577E-01  0.49959984E-01  0.49839742E-01  0.16263764E+00  0.16648123E+00  0.15536730E+00  0.15842664E+00  0.15915716E+00  0.14076932E+00  0.14894295E+00
 0.16265300E+00  0.15521276E+00  0.14798310E+00  0.15010330E+00  0.14832397E+00  0.83647579E-01  0.99114627E-01  0.11569692E+00  0.79229161E-01  0.80919303E-01
 0.76488331E-01  0.78387372E-01  0.79177067E-01  0.69718100E-01  0.73092453E-01  0.80171548E-01  0.75547092E-01  0.72695255E-01  0.74421957E-01  0.73834412E-01
 0.81249259E-01  0.82999669E-01  0.77667899E-01  0.79178266E-01  0.79326726E-01  0.70004471E-01  0.74346855E-01  0.80662563E-01  0.76605126E-01  0.72964087E-01
 0.72537780E-01  0.73601089E-01  0.81259504E-01  0.82202569E-01  0.76668568E-01  0.78386568E-01  0.78303628E-01  0.70168816E-01  0.74695766E-01  0.79606526E-01
 0.76442413E-01  0.73210202E-01  0.71217544E-01  0.74325502E-01  0.24075904E+00  0.41818246E+00  0.19378787E+00  0.21085691E+00  0.18357946E+00  0.20847097E+00
 0.15744545E+00  0.18478334E+00  0.16133545E+00  0.20487508E+00  0.20216785E+00  0.19842431E+00  0.21213929E+00  0.10619349E+00  0.16203526E+00  0.26293015E+00
 0.24409103E+00  0.25170109E+00  0.27181852E+00  0.31688949E+00  0.23862922E+00  0.30502972E+00  0.33343232E+00  0.33688316E+00  0.36564317E+00  0.32589322E+00
 0.33157411E+00  0.26396424E+00  0.33451846E+00  0.25290468E+00  0.29115689E+00  0.38233286E+00  0.30768162E+00  0.39234939E+00  0.35810661E+00  0.38791144E+00
 0.38500035E+00  0.38291726E+00  0.39423093E+00  0.25366268E+00  0.31169632E+00  0.26968548E+00  0.23354863E+00  0.16787550E+00  0.23438336E+00  0.19060341E+00
 0.23938790E+00  0.18671003E+00  0.17404175E+00  0.17039596E+00  0.24471441E-01  0.36896404E-01  0.48762158E-01  0.18834460E+00  0.18864498E+00  0.19327079E+00
 0.22789644E+00  0.26783568E+00  0.19746602E+00  0.24307023E+00  0.24618547E+00  0.23876916E+00  0.23856628E+00  0.26250827E+00  0.19636752E+00  0.95538363E-01
 0.12302458E+00  0.17515904E+00  0.51082823E-01  0.45329425E-01  0.50909575E-01  0.56733888E-01  0.83658345E-01  0.53308696E-01  0.84279276E-01  0.77117987E-01
 0.96629143E-01  0.10444959E+00  0.89977294E-01  0.10177141E+00  0.42765293E-01  0.53755794E-01  0.55928208E-01  0.55834167E-01  0.57106573E-01  0.74441001E-01
 0.70855036E-01  0.57547875E-01  0.93060188E-01  0.76134473E-01  0.78644253E-01  0.83268754E-01  0.48237409E-01  0.54884624E-01  0.52680910E-01  0.56527339E-01
 0.61249536E-01  0.62962219E-01  0.61890367E-01  0.62875621E-01  0.58800690E-01  0.50228104E-01  0.60798369E-01  0.50010957E-01  0.63778049E+00  0.12313133E+00
 0.33775505E+00  0.48990879E-01  0.47703076E-01  0.25237474E+00  0.19173685E+00  0.26395911E-01  0.89161538E-01  0.52262187E-01  0.22210190E+00  0.17160805E+00
 0.12363178E+00  0.10588935E+00
 0.16800000E+03 -0.67140746E+04  0.91223800E+00 -0.55672523E+04  0.10099095E+01  0.13764149E+05  0.14201818E+05  0.13671232E+05  0.22445386E+04  0.13710000E+04
 0.00000000E+00  0.10218780E+01  0.34440516E+00  0.31571392E+00  0.79821946E-01  0.73843431E-01  0.85720101E-01  0.00000000E+00  0.99140841E-01  0.35122650E-03
