0.5 -0.49 -0.45 2.2 -2.01 1.89 0.97 -1.89 1.15 2.04 0.97 0.98 -0.0499999999999998 -1.11 0.0700000000000001 0.452428353431227 0.0692946925042624 -0.0944419305849285 1.1 -1.07 0.97 0.43 -0.94 0.44 0.92 0.5 0.51 -0.04 -0.54 -0.01 -1.096 1.0398 -0.9722 -0.5706 0.8322 -0.607 -1.0092 -0.4506 -0.6204 0.029 0.4578 -0.1286 -0.97 0.869 -0.791 -0.403 0.811 -0.635 -1.026 -0.393 -0.502 -0.015 0.379 -0.153
0.5 -0.49 0.55 0.2 -2.01 -2.11 -0.0299999999999998 2.11 2.15 -0.96 1.97 -1.02 1.95 1.89 0.0700000000000001 0.173719164731208 -0.099430579975634 1.44714409643298 0.1 -1.07 -1.03 -0.07 1.06 0.94 -0.58 1 -0.49 0.96 0.96 -0.01 -0.116 1.0398 0.9878 -0.0806 -1.1278 -1.097 0.4608 -0.9406 0.3596 -0.951 -1.0122 -0.1286 0.13 -1.141 -1.101 0.017 1.121 1.065 -0.636 1.127 -0.622 1.035 0.919 -0.083
0.5 -0.49 -0.45 -1.8 -1.01 -0.11 1.97 -1.89 0.15 -1.96 -2.03 -2.02 -1.05 -2.11 -1.93 -1.57618858860293 -0.321341138160725 -0.694003157020167 -0.9 -0.57 -0.03 0.93 -0.94 -0.06 -1.08 -1 -0.99 -0.54 -1.04 -1.01 0.864 0.5498 0.00780000000000002 -1.0606 0.8322 -0.117 0.9508 1.0194 0.8496 0.519 0.9478 0.8514 0.83 0.419 0.109 -0.853 0.811 -0.185 0.774 0.957 0.848 0.435 0.829 0.747
0.5 0.51 -0.45 -1.8 -1.01 1.89 -2.03 -1.89 1.15 1.04 -0.0299999999999998 -0.02 -2.05 -2.11 -1.93 2.02845378447911 -0.232685262489614 1.69785170682351 -0.9 -0.57 0.97 -1.07 -0.94 0.44 0.42 5.20417042793042e-18 0.01 -1.04 -1.04 -1.01 -0.936 -0.4602 0.9178 -1.1306 -1.0578 0.543 0.5208 0.0094 -0.1504 -1.041 -1.1622 -1.0786 0.83 0.419 -0.791 0.947 0.811 -0.635 -0.576 0.057 -0.052 0.885 0.829 0.747
-0.5 0.51 -0.45 -1.8 -2.01 0.89 0.97 1.11 -1.85 0.04 -2.03 0.98 -1.05 -2.11 -0.93 1.92007244155066 -1.75053274225981 1.18686183004385 0.9 0.94 -0.42 -0.54 -0.55 0.79 -0.12 1.03 -0.47 0.51 1.07 0.42 -0.936 -0.9702 0.4078 0.3994 0.4722 -0.987 0.0108 -1.0106 0.3596 -0.531 -1.1622 -0.5686 0.83 0.869 -0.341 -0.403 -0.539 0.715 -0.126 0.957 -0.502 0.435 0.829 0.297
-0.5 -0.49 -0.45 2.2 -0.00999999999999979 -2.11 1.97 1.11 -1.85 1.04 1.97 0.98 0.95 -0.11 2.07 0.912296047125709 1.42042563261099 0.03715696889986 -1.1 -0.06 1.08 -1.04 -0.55 0.79 -0.62 -0.97 -0.47 -0.49 0.07 -1.08 -1.096 0.0598 0.9878 -1.0606 -0.6378 0.863 -0.5192 -0.9406 -0.6204 -0.461 -0.0322 -1.1086 -0.97 -0.031 1.009 -0.853 -0.539 0.715 -0.576 -0.843 -0.502 -0.465 -0.071 -1.053
-0.5 0.51 -0.45 0.2 -1.01 0.89 -2.03 2.11 -1.85 -1.96 -0.0299999999999998 1.98 -1.05 -1.11 -0.93 -0.587548238623033 0.787375800803254 -0.597514321789894 -0.1 0.44 -0.42 0.96 -1.05 0.79 0.88 0.03 -0.97 0.51 0.57 0.42 0.084 -0.4602 0.4078 -1.1306 0.9822 -0.987 -1.0092 0.0094 0.8696 -0.531 -0.6522 -0.5686 -0.07 0.419 -0.341 0.947 -0.989 0.715 0.774 0.057 -0.952 0.435 0.379 0.297
0.5 0.51 0.55 -1.8 1.99 0.89 1.97 2.11 1.15 0.04 -2.03 1.98 -1.05 -0.11 0.0700000000000001 0.62495269838641 1.94488072014776 2.60449340954682 -0.9 0.93 0.47 0.93 1.06 0.44 -0.08 -1 1.01 -0.54 -0.04 -0.01 -0.936 1.0698 0.4078 0.9094 0.9822 0.543 0.0108 -1.0106 0.8696 -0.531 -0.1422 -0.0586 -0.97 1.059 0.549 1.117 1.121 0.515 -0.086 -1.073 1.028 -0.615 -0.181 -0.083
0.5 -0.49 -0.45 2.2 -2.01 1.89 0.97 2.11 1.15 -0.96 -1.03 -1.02 1.95 1.89 2.07 0.854206940973245 -0.779267364173672 -0.752612239422311 1.1 -1.07 0.97 0.43 1.06 0.44 -0.58 -0.5 -0.49 0.96 0.96 0.99 -1.096 1.0398 -0.9722 -0.5706 -1.1278 -0.607 0.4608 0.5294 0.3596 -0.951 -1.0122 -1.1086 -0.97 0.869 -0.791 -0.403 -0.989 -0.635 0.324 0.507 0.398 -0.915 -0.971 -1.053
0.5 0.51 0.55 2.2 -2.01 -2.11 -2.03 -1.89 -1.85 0.04 -1.03 1.98 0.95 1.89 -1.93 0.933830351219365 1.78102944003729 -0.265538331699104 1.1 -1.07 -1.03 -1.07 -0.94 -1.06 -0.08 -0.5 1.01 0.46 0.96 -1.01 1.104 -0.9702 -1.1222 -1.1306 -1.0578 -0.987 0.0108 -0.5006 0.8696 0.489 0.8778 -1.0786 1.23 -1.141 -1.101 -1.083 -1.079 -1.135 -0.086 -0.523 1.028 0.485 0.919 -1.183
0.5 0.51 0.55 2.2 -2.01 1.89 1.97 -1.89 -1.85 1.04 -2.03 1.98 1.95 0.89 1.07 0.809148998134287 0.330675962570993 2.65416873634558 1.1 -1.07 0.97 0.93 -0.94 -1.06 0.42 -1 1.01 0.96 0.46 0.49 1.104 -0.9702 0.9178 0.9094 -1.0578 -0.987 0.5208 -1.0106 0.8696 0.999 0.3678 0.4514 1.23 -1.141 1.099 1.117 -1.079 -1.135 0.464 -1.073 1.028 1.035 0.369 0.467
-0.5 0.51 -0.45 -1.8 -2.01 -0.11 -1.03 -1.89 -1.85 1.04 -1.03 -1.02 -0.0499999999999998 0.89 -1.93 -1.06898079554189 0.432600122160928 2.79070254476559 0.9 0.94 0.08 0.46 0.95 0.79 -0.62 0.53 0.53 0.01 -0.43 0.92 -0.936 -0.9702 -0.1022 -0.6206 -1.0578 -0.987 0.5208 -0.5006 -0.6604 -0.021 0.3678 -1.0786 0.83 0.869 0.109 0.497 0.811 0.715 -0.576 0.507 0.398 -0.015 -0.521 0.747
-0.5 -0.49 -0.45 0.2 -0.00999999999999979 -1.11 1.97 -1.89 2.15 -1.96 1.97 -2.02 -1.05 -2.11 -1.93 0.810288366674623 1.66558947857722 0.633699400004621 -0.1 -0.06 0.58 -1.04 0.95 -1.21 0.88 -0.97 1.03 0.51 1.07 0.92 -0.116 0.0598 0.4978 -1.0606 0.8322 -1.097 0.9508 -0.9406 0.8496 0.519 0.9478 0.8514 -0.07 -0.031 0.559 -0.853 0.811 -1.085 0.774 -0.843 0.848 0.435 0.829 0.747
0.5 -0.49 0.55 -1.8 1.99 1.89 1.97 0.11 0.15 2.04 1.97 0.98 0.95 1.89 1.07 0.539291132229288 0.678795906161076 0.636836651879623 -0.9 0.93 0.97 0.93 0.06 -0.06 0.92 1 0.51 0.46 0.96 0.49 0.864 -0.9202 -0.9722 -1.0606 -0.1478 -0.117 -1.0092 -0.9406 -0.6204 -0.461 -1.0122 -0.6186 -0.97 1.059 1.099 1.117 0.021 -0.035 1.014 1.127 0.478 0.485 0.919 0.467
-0.5 0.51 -0.45 2.2 -2.01 1.89 1.97 1.11 1.15 0.04 -0.0299999999999998 0.98 1.95 -0.11 -1.93 -0.29727917559885 -0.26305139326046 2.79733607790646 -1.1 0.94 -0.92 -1.04 -0.55 -0.71 -0.12 0.03 -0.47 -0.99 0.07 0.92 1.104 -0.9702 0.9178 0.9094 0.4722 0.543 0.0108 0.0094 0.3596 0.999 -0.1422 -1.0786 -0.97 0.869 -0.791 -0.853 -0.539 -0.635 -0.126 0.057 -0.502 -0.915 -0.071 0.747
-0.5 -0.49 0.55 2.2 1.99 0.89 -2.03 -1.89 2.15 0.04 -1.03 -1.02 -0.0499999999999998 1.89 0.0700000000000001 1.58117521684567 -1.07624689260709 0.708052055067135 -1.1 -1.06 -0.42 0.96 0.95 -1.21 -0.12 0.53 0.53 0.01 -0.93 -0.08 -1.096 -0.9202 -0.4822 0.8994 0.8322 -1.097 -0.0292 0.5294 0.3596 0.029 -1.0122 -0.1286 1.23 1.059 0.549 -1.083 -1.079 1.065 -0.086 -0.523 -0.622 -0.065 0.919 -0.083
0.5 -0.49 -0.45 2.2 1.99 -2.11 -0.0299999999999998 1.11 2.15 2.04 0.97 -2.02 -1.05 -1.11 0.0700000000000001 1.52262784218726 2.4534455176749 1.90831623139455 1.1 0.93 -1.03 -0.07 0.56 0.94 0.92 0.5 -0.99 -0.54 -0.54 -0.01 -1.096 -0.9202 0.9878 -0.0806 -0.6378 -1.097 -1.0092 -0.4506 0.8496 0.519 0.4578 -0.1286 -0.97 -0.931 1.009 0.047 -0.539 -1.085 -1.026 -0.393 0.848 0.435 0.379 -0.153
0.5 0.51 0.55 2.2 -0.00999999999999979 1.89 0.97 -1.89 2.15 2.04 1.97 1.98 -1.05 -0.11 2.07 0.116711815775933 2.68397407391688 3.12948475182719 1.1 -0.07 0.97 0.43 -0.94 0.94 0.92 1 1.01 -0.54 -0.04 0.99 1.104 0.0498 0.9178 0.3994 -1.0578 1.053 1.0308 1.0294 0.8696 -0.531 -0.1422 0.9614 1.23 -0.041 1.099 0.567 -1.079 1.065 1.014 1.127 1.028 -0.615 -0.181 1.017
-0.5 -0.49 -0.45 1.2 -0.00999999999999979 1.89 1.97 2.11 -1.85 2.04 -2.03 1.98 0.95 0.89 1.07 0.48077151740684 0.428028772736731 1.18991869739177 -0.6 -0.06 -0.92 -1.04 -1.05 0.79 -1.12 1.03 -0.97 -0.49 -0.43 -0.58 -0.606 0.0598 -0.9722 -1.0606 -1.1278 0.863 -1.0092 1.0194 -1.1104 -0.461 -0.5222 -0.6186 -0.52 -0.031 -0.791 -0.853 -0.989 0.715 -1.026 0.957 -0.952 -0.465 -0.521 -0.603
-0.5 0.51 0.55 0.2 -1.01 1.89 -0.0299999999999998 -1.89 2.15 -0.96 -2.03 1.98 -1.05 -0.11 1.07 -0.52054534451529 0.955733495794752 -0.225602123174745 -0.1 0.44 -0.92 -0.04 0.95 -1.21 0.38 1.03 -0.97 0.51 0.07 -0.58 0.084 -0.4602 0.9178 -0.1106 -1.0578 1.053 -0.4992 -1.0106 0.8696 -0.531 -0.1422 0.4514 0.13 -0.591 1.099 0.017 -1.079 1.065 -0.636 -1.073 1.028 -0.615 -0.181 0.467
0.5 0.51 0.55 0.2 1.99 0.89 -2.03 -0.89 -1.85 2.04 -1.03 -0.02 -2.05 -0.11 -0.93 0.39464071200291 -0.222156329984326 0.996010994311005 0.1 0.93 0.47 -1.07 -0.44 -1.06 0.92 -0.5 0.01 -1.04 -0.04 -0.51 0.084 1.0698 0.4078 -1.1306 -0.5478 -0.987 1.0308 -0.5006 -0.1504 -1.041 -0.1422 -0.5686 0.13 1.059 0.549 -1.083 -0.529 -1.135 1.014 -0.523 -0.072 -1.165 -0.181 -0.633
0.5 0.51 0.55 0.2 1.99 -2.11 -2.03 -0.89 1.15 -1.96 1.97 -1.02 1.95 1.89 2.07 -0.21485583756783 -0.377749261560241 0.323010376941754 0.1 0.93 -1.03 -1.07 -0.44 0.44 -1.08 1 -0.49 0.96 0.96 0.99 0.084 1.0698 -1.1222 -1.1306 -0.5478 0.543 -1.0092 1.0294 -0.6604 0.999 0.8778 0.9614 0.13 1.059 -1.101 -1.083 -0.529 0.515 -1.186 1.127 -0.622 1.035 0.919 1.017
0.5 0.51 0.55 -1.8 -0.00999999999999979 1.89 0.97 2.11 1.15 0.04 -1.03 1.98 1.95 0.89 2.07 0.66133321204696 0.0878138371600015 1.07230687243204 -0.9 -0.07 0.97 0.43 1.06 0.44 -0.08 -0.5 1.01 0.96 0.46 0.99 -0.936 0.0498 0.9178 0.3994 0.9822 0.543 0.0108 -0.5006 0.8696 0.999 0.3678 0.9614 -0.97 -0.041 1.099 0.567 1.121 0.515 -0.086 -0.523 1.028 1.035 0.369 1.017
-0.5 0.51 -0.45 1.2 1.99 -0.11 0.97 0.11 -1.85 1.04 -1.03 1.98 1.95 1.89 2.07 -0.0280949969522373 2.78998896454204 0.91075167689789 -0.6 -1.06 0.08 -0.54 -0.05 0.79 -0.62 0.53 -0.97 -0.99 -0.93 -1.08 0.594 1.0698 -0.1022 0.3994 -0.0378000000000001 -0.987 0.5208 -0.5006 0.8696 0.999 0.8778 0.9614 -0.52 -0.931 0.109 -0.403 -0.089 0.715 -0.576 0.507 -0.952 -0.915 -0.971 -1.053
-0.5 -0.49 -0.45 -1.8 -2.01 1.89 0.97 1.11 0.15 2.04 -1.03 -2.02 1.95 1.89 1.07 -0.495795548945762 0.43839502894464 -0.228491910499657 0.9 0.94 -0.92 -0.54 -0.55 -0.21 -1.12 0.53 1.03 -0.99 -0.93 -0.58 0.864 1.0398 -0.9722 -0.5706 -0.6378 -0.117 -1.0092 0.5294 0.8496 -0.951 -1.0122 -0.6186 0.83 0.869 -0.791 -0.403 -0.539 -0.185 -1.026 0.507 0.848 -0.915 -0.971 -0.603
0.5 0.51 0.55 -1.8 1.99 -0.11 1.97 2.11 2.15 2.04 0.97 1.98 0.95 1.89 2.07 2.11702378686352 3.34214562849542 4.21579163507653 -0.9 0.93 -0.03 0.93 1.06 0.94 0.92 0.5 1.01 0.46 0.96 0.99 -0.936 1.0698 -0.1022 0.9094 0.9822 1.053 1.0308 0.5194 0.8696 0.489 0.8778 0.9614 -0.97 1.059 -0.00100000000000002 1.117 1.121 1.065 1.014 0.577 1.028 0.485 0.919 1.017
0.5 0.51 0.55 0.2 -1.01 1.89 -2.03 2.11 -1.85 1.04 -1.03 1.98 -2.05 -0.11 1.07 -0.249475826835533 2.05038718767596 2.23440878229317 0.1 -0.57 0.97 -1.07 1.06 -1.06 0.42 -0.5 1.01 -1.04 -0.04 0.49 0.084 -0.4602 0.9178 -1.1306 0.9822 -0.987 0.5208 -0.5006 0.8696 -1.041 -0.1422 0.4514 0.13 -0.591 1.099 -1.083 1.121 -1.135 0.464 -0.523 1.028 -1.165 -0.181 0.467
0.5 0.51 0.55 -0.8 -1.01 0.89 -0.0299999999999998 -1.89 1.15 -1.96 1.97 -1.02 0.95 0.89 0.0700000000000001 0.108814310348441 2.58928752933339 1.14064936327089 -0.4 -0.57 0.47 -0.07 -0.94 0.44 -1.08 1 -0.49 0.46 0.46 -0.01 -0.426 -0.4602 0.4078 -0.1106 -1.0578 0.543 -1.0092 1.0294 -0.6604 0.489 0.3678 -0.0586 -0.42 -0.591 0.549 0.017 -1.079 0.515 -1.186 1.127 -0.622 0.485 0.369 -0.083
-0.5 -0.49 -0.45 1.2 -0.00999999999999979 1.89 -0.0299999999999998 0.11 -1.85 -1.96 -2.03 -1.02 -2.05 -2.11 -1.93 0.676882778779013 0.0623695037139824 -0.616040309958365 -0.6 -0.06 -0.92 -0.04 -0.05 0.79 0.88 1.03 0.53 1.01 1.07 0.92 -0.606 0.0598 -0.9722 -0.0806 -0.1478 0.863 0.9508 1.0194 0.3596 1.009 0.9478 0.8514 -0.52 -0.031 -0.791 0.047 -0.089 0.715 0.774 0.957 0.398 0.885 0.829 0.747
-0.5 0.51 -0.45 2.2 1.99 -0.11 1.97 -1.89 2.15 -0.96 1.97 -0.02 -1.05 -1.11 -0.93 1.10570998237977 1.38082443054641 1.93855871790239 -1.1 -1.06 0.08 -1.04 0.95 -1.21 0.38 -0.97 0.03 0.51 0.57 0.42 1.104 1.0698 -0.1022 0.9094 -1.0578 1.053 -0.4992 1.0294 -0.1504 -0.531 -0.6522 -0.5686 -0.97 -0.931 0.109 -0.853 0.811 -1.085 0.324 -0.843 -0.052 0.435 0.379 0.297
0.5 -0.49 -0.45 -1.8 -2.01 -2.11 1.97 -1.89 -0.85 -0.96 1.97 -0.02 -2.05 -1.11 1.07 -0.34263480636003 0.471987109554975 0.734462631839239 -0.9 -1.07 -1.03 0.93 -0.94 -0.56 -0.58 1 0.01 -1.04 -0.54 0.49 0.864 1.0398 0.9878 -1.0606 0.8322 0.373 0.4608 -0.9406 -0.1304 1.009 0.4578 -0.6186 0.83 0.869 1.009 -0.853 0.811 0.265 0.324 -0.843 -0.052 0.885 0.379 -0.603
-0.5 0.51 -0.45 2.2 0.99 -1.11 0.97 -0.89 -0.85 0.04 -0.0299999999999998 0.98 -1.05 0.89 -0.93 -0.983973116806234 1.8676747608865 1.05973017818639 -1.1 -0.56 0.58 -0.54 0.45 0.29 -0.12 0.03 -0.47 0.51 -0.43 0.42 1.104 0.5598 -0.6122 0.3994 -0.5478 -0.477 0.0108 0.0094 0.3596 -0.531 0.3678 -0.5686 -0.97 -0.481 0.559 -0.403 0.361 0.265 -0.126 0.057 -0.502 0.435 -0.521 0.297
-0.5 -0.49 -0.45 2.2 1.99 1.89 0.97 1.11 -1.85 0.04 1.97 -1.02 1.95 0.89 0.0700000000000001 2.66248353188956 2.56023961002267 1.89080089195569 -1.1 -1.06 -0.92 -0.54 -0.55 0.79 -0.12 -0.97 0.53 -0.99 -0.43 -0.08 -1.096 -0.9202 -0.9722 -0.5706 -0.6378 0.863 -0.0292 -0.9406 0.3596 -0.951 -0.5222 -0.1286 -0.97 -0.931 -0.791 -0.403 -0.539 0.715 -0.126 -0.843 0.398 -0.915 -0.521 -0.153
-0.5 0.51 0.55 -1.8 -0.00999999999999979 0.89 -2.03 2.11 -0.85 1.04 1.97 0.98 -0.0499999999999998 -0.11 1.07 -0.317415632292529 0.0572740417559354 0.662086070859028 0.9 -0.06 -0.42 0.96 -1.05 0.29 -0.62 -0.97 -0.47 0.01 0.07 -0.58 -0.936 0.0498 0.4078 -1.1306 0.9822 -0.477 0.5208 1.0294 0.3596 -0.021 -0.1422 0.4514 -0.97 -0.041 0.549 -1.083 1.121 -0.585 0.464 1.127 0.478 -0.065 -0.181 0.467
0.5 0.51 0.55 -1.8 -2.01 -2.11 0.97 0.11 0.15 -1.96 -0.0299999999999998 -1.02 -1.05 -2.11 -0.93 0.793230637138557 0.341896082596865 -9.79569626822219e-05 -0.9 -1.07 -1.03 0.43 0.06 -0.06 -1.08 5.20417042793042e-18 -0.49 -0.54 -1.04 -0.51 -0.936 -0.9702 -1.1222 0.3994 -0.0378000000000001 0.033 -1.0092 0.0094 -0.6604 -0.531 -1.1622 -0.5686 -0.97 -1.141 -1.101 0.567 0.021 -0.035 -1.186 0.027 -0.622 -0.615 -1.281 -0.633
-0.5 0.51 0.55 -1.8 0.99 -0.11 -2.03 -0.89 -0.85 0.04 -0.0299999999999998 -2.02 0.95 -2.11 -1.93 1.1415717885187 0.913029304276401 1.50252211561718 0.9 -0.56 0.08 0.96 0.45 0.29 -0.12 0.03 1.03 -0.49 1.07 0.92 -0.936 0.5598 -0.1022 -1.1306 -0.5478 -0.477 0.0108 0.0094 -1.1704 0.489 -1.1622 -1.0786 -0.97 0.509 -0.00100000000000002 -1.083 -0.529 -0.585 -0.086 0.027 -1.172 0.485 -1.281 -1.183
0.5 0.51 -0.45 -1.8 -0.00999999999999979 -2.11 -2.03 2.11 -1.85 -1.96 -1.03 -2.02 -2.05 -0.11 -1.93 -0.228157740621247 0.81587775545709 1.40147803974997 -0.9 -0.07 -1.03 -1.07 1.06 -1.06 -1.08 -0.5 -0.99 -1.04 -0.04 -1.01 -0.936 0.0498 -1.1222 -1.1306 0.9822 -0.987 -1.0092 -0.5006 -1.1704 -1.041 -0.1422 -1.0786 0.83 -0.031 1.009 0.947 -0.989 0.715 0.774 0.507 0.848 0.885 -0.071 0.747
0.5 0.51 0.55 -1.8 -2.01 -2.11 -2.03 2.11 -0.85 -1.96 0.97 -2.02 -0.0499999999999998 -1.11 -1.93 -0.388458630210722 1.83673289728839 -0.600091788736102 -0.9 -1.07 -1.03 -1.07 1.06 -0.56 -1.08 0.5 -0.99 -0.04 -0.54 -1.01 -0.936 -0.9702 -1.1222 -1.1306 0.9822 -0.477 -1.0092 0.5194 -1.1704 -0.021 -0.6522 -1.0786 -0.97 -1.141 -1.101 -1.083 1.121 -0.585 -1.186 0.577 -1.172 -0.065 -0.731 -1.183
-0.5 -0.49 -0.45 2.2 0.99 0.89 -1.03 2.11 -1.85 -0.96 -2.03 -2.02 -2.05 -1.11 0.0700000000000001 2.19135852790568 1.74528750946542 2.48861139185772 -1.1 -0.56 -0.42 0.46 -1.05 0.79 0.38 1.03 1.03 1.01 0.57 -0.08 -1.096 -0.4302 -0.4822 0.4094 -1.1278 0.863 0.4608 1.0194 0.8496 1.009 0.4578 -0.1286 -0.97 -0.481 -0.341 0.497 -0.989 0.715 0.324 0.957 0.848 0.885 0.379 -0.153
-0.5 0.51 -0.45 -1.8 -2.01 1.89 0.97 1.11 -1.85 1.04 1.97 -0.02 -0.0499999999999998 1.89 1.07 -0.338531149136969 1.22869504309319 0.800253298757062 0.9 0.94 -0.92 -0.54 -0.55 0.79 -0.62 -0.97 0.03 0.01 -0.93 -0.58 -0.936 -0.9702 0.9178 0.3994 0.4722 -0.987 0.5208 1.0294 -0.1504 -0.021 0.8778 0.4514 0.83 0.869 -0.791 -0.403 -0.539 0.715 -0.576 -0.843 -0.052 -0.015 -0.971 -0.603
-0.5 -0.49 -0.45 1.2 1.99 -2.11 -2.03 -0.89 -1.85 1.04 -2.03 1.98 -2.05 -0.11 -1.93 1.92425896495403 1.82167978972731 1.80623738212639 -0.6 -1.06 1.08 0.96 0.45 0.79 -0.62 1.03 -0.97 1.01 0.07 0.92 -0.606 -0.9202 0.9878 0.8994 0.3422 0.863 -0.5192 1.0194 -1.1104 1.009 -0.0322 0.8514 -0.52 -0.931 1.009 0.947 0.361 0.715 -0.576 0.957 -0.952 0.885 -0.071 0.747
-0.5 0.51 0.55 2.2 -1.01 1.89 1.97 -0.89 1.15 0.04 1.97 0.98 1.95 1.89 2.07 0.482847927030709 1.12569717719095 0.784605288061361 -1.1 0.44 -0.92 -1.04 0.45 -0.71 -0.12 -0.97 -0.47 -0.99 -0.93 -1.08 1.104 -0.4602 0.9178 0.9094 -0.5478 0.543 0.0108 1.0294 0.3596 0.999 0.8778 0.9614 1.23 -0.591 1.099 1.117 -0.529 0.515 -0.086 1.127 0.478 1.035 0.919 1.017
-0.5 -0.49 -0.45 1.2 1.99 -0.11 -0.0299999999999998 -1.89 1.15 2.04 -0.0299999999999998 1.98 0.95 1.89 1.07 0.700406258784608 1.05260138930776 1.16611937867477 -0.6 -1.06 0.08 -0.04 0.95 -0.71 -1.12 0.03 -0.97 -0.49 -0.93 -0.58 -0.606 -0.9202 0.00780000000000002 -0.0806 0.8322 -0.607 -1.0092 0.0394 -1.1104 -0.461 -1.0122 -0.6186 -0.52 -0.931 0.109 0.047 0.811 -0.635 -1.026 0.057 -0.952 -0.465 -0.971 -0.603
0.5 -0.49 -0.45 1.2 -0.00999999999999979 1.89 0.97 -1.89 -1.85 -0.96 -1.03 0.98 -2.05 -1.11 -1.93 0.759296949082802 1.29122420060792 1.58965334520306 0.6 -0.07 0.97 0.43 -0.94 -1.06 -0.58 -0.5 0.51 -1.04 -0.54 -1.01 -0.606 0.0598 -0.9722 -0.5706 0.8322 0.863 0.4608 0.5294 -0.6204 1.009 0.4578 0.8514 -0.52 -0.031 -0.791 -0.403 0.811 0.715 0.324 0.507 -0.502 0.885 0.379 0.747
0.5 -0.49 0.55 1.2 1.99 -0.11 -2.03 -1.89 1.15 2.04 1.97 -0.02 0.95 -0.11 1.07 1.86537355902094 2.44144151745548 3.32005182424565 0.6 0.93 -0.03 -1.07 -0.94 0.44 0.92 1 0.01 0.46 -0.04 0.49 -0.606 -0.9202 0.00780000000000002 0.8994 0.8322 -0.607 -1.0092 -0.9406 -0.1304 -0.461 -0.0322 -0.6186 0.68 1.059 -0.00100000000000002 -1.083 -1.079 0.515 1.014 1.127 -0.072 0.485 -0.181 0.467
-0.5 -0.49 -0.45 0.2 -2.01 1.89 -2.03 2.11 -0.85 -0.96 -0.0299999999999998 -2.02 -2.05 0.89 -0.93 0.875656760147148 0.533738442611479 2.33413362006414 -0.1 0.94 -0.92 0.96 -1.05 0.29 0.38 0.03 1.03 1.01 -0.43 0.42 -0.116 1.0398 -0.9722 0.8994 -1.1278 0.373 0.4608 0.0394 0.8496 1.009 -0.5222 0.3614 -0.07 0.869 -0.791 0.947 -0.989 0.265 0.324 0.057 0.848 0.885 -0.521 0.297
0.5 0.51 0.55 2.2 -2.01 1.89 1.97 0.11 1.15 2.04 1.97 1.98 1.95 1.89 1.07 1.84123076407901 1.47698768356237 1.95269794478756 1.1 -1.07 0.97 0.93 0.06 0.44 0.92 1 1.01 0.96 0.96 0.49 1.104 -0.9702 0.9178 0.9094 -0.0378000000000001 0.543 1.0308 1.0294 0.8696 0.999 0.8778 0.4514 1.23 -1.141 1.099 1.117 0.021 0.515 1.014 1.127 1.028 1.035 0.919 0.467
-0.5 0.51 -0.45 1.2 -2.01 1.89 1.97 1.11 2.15 -1.96 1.97 1.98 -2.05 0.89 2.07 0.974737328823514 0.766483307581823 -0.521209141742575 -0.6 0.94 -0.92 -1.04 -0.55 -1.21 0.88 -0.97 -0.97 1.01 -0.43 -1.08 0.594 -0.9702 0.9178 0.9094 0.4722 1.053 -1.0092 1.0294 0.8696 -1.041 0.3678 0.9614 -0.52 0.869 -0.791 -0.853 -0.539 -1.085 0.774 -0.843 -0.952 0.885 -0.521 -1.053
0.5 0.51 0.55 0.2 -2.01 0.89 1.97 2.11 2.15 2.04 1.97 0.98 1.95 1.89 2.07 0.900729172959878 1.33552342316548 0.806423055957519 0.1 -1.07 0.47 0.93 1.06 0.94 0.92 1 0.51 0.96 0.96 0.99 0.084 -0.9702 0.4078 0.9094 0.9822 1.053 1.0308 1.0294 0.3596 0.999 0.8778 0.9614 0.13 -1.141 0.549 1.117 1.121 1.065 1.014 1.127 0.478 1.035 0.919 1.017
-0.5 -0.49 -0.45 -1.8 1.99 -1.11 -1.03 -1.89 -1.85 -1.96 -2.03 -2.02 -1.05 -1.11 -1.93 0.762743990936639 0.481513083963022 1.75200303494289 0.9 -1.06 0.58 0.46 0.95 0.79 0.88 1.03 1.03 0.51 0.57 0.92 0.864 -0.9202 0.4978 0.4094 0.8322 0.863 0.9508 1.0194 0.8496 0.519 0.4578 0.8514 0.83 -0.931 0.559 0.497 0.811 0.715 0.774 0.957 0.848 0.435 0.379 0.747
-0.5 -0.49 -0.45 -0.8 -2.01 1.89 -2.03 -1.89 -0.85 -1.96 -0.0299999999999998 1.98 -2.05 -1.11 0.0700000000000001 -0.652707194735492 -0.469974310765453 0.144424501777328 0.4 0.94 -0.92 0.96 0.95 0.29 0.88 0.03 -0.97 1.01 0.57 -0.08 0.374 1.0398 -0.9722 0.8994 0.8322 0.373 0.9508 0.0394 -1.1104 1.009 0.4578 -0.1286 0.38 0.869 -0.791 0.947 0.811 0.265 0.774 0.057 -0.952 0.885 0.379 -0.153
0.5 -0.49 0.55 -1.8 0.99 1.89 -0.0299999999999998 0.11 2.15 -1.96 -2.03 0.98 -1.05 -2.11 -0.93 -1.44016122587437 -0.0903985044383302 1.10545647654589 -0.9 0.43 0.97 -0.07 0.06 0.94 -1.08 -1 0.51 -0.54 -1.04 -0.51 0.864 -0.4302 -0.9722 -0.0806 -0.1478 -1.097 0.9508 1.0194 -0.6204 0.519 0.9478 0.3614 -0.97 0.509 1.099 0.017 0.021 1.065 -1.186 -1.073 0.478 -0.615 -1.281 -0.633
-0.5 -0.49 -0.45 2.2 -2.01 0.89 -0.0299999999999998 0.11 1.15 2.04 -0.0299999999999998 -0.02 0.95 1.89 1.07 -0.131884271616121 -0.859337939500827 0.796548062575371 -1.1 0.94 -0.42 -0.04 -0.05 -0.71 -1.12 0.03 0.03 -0.49 -0.93 -0.58 -1.096 1.0398 -0.4822 -0.0806 -0.1478 -0.607 -1.0092 0.0394 -0.1304 -0.461 -1.0122 -0.6186 -0.97 0.869 -0.341 0.047 -0.089 -0.635 -1.026 0.057 -0.052 -0.465 -0.971 -0.603
-0.5 0.51 0.55 -1.8 1.99 -0.11 1.97 2.11 2.15 -0.96 -0.0299999999999998 1.98 0.95 -0.11 2.07 -0.380512535392228 1.06365347080516 1.66534381682367 0.9 -1.06 0.08 -1.04 -1.05 -1.21 0.38 0.03 -0.97 -0.49 0.07 -1.08 -0.936 1.0698 -0.1022 0.9094 0.9822 1.053 -0.4992 0.0094 0.8696 0.489 -0.1422 0.9614 -0.97 1.059 -0.00100000000000002 1.117 1.121 1.065 -0.636 0.027 1.028 0.485 -0.181 1.017
-0.5 0.51 0.55 2.2 -1.01 1.89 -2.03 0.11 2.15 2.04 0.97 -0.02 1.95 1.89 2.07 1.04386547113906 0.711427702141852 2.07509496509503 -1.1 0.44 -0.92 0.96 -0.05 -1.21 -1.12 -0.47 0.03 -0.99 -0.93 -1.08 1.104 -0.4602 0.9178 -1.1306 -0.0378000000000001 1.053 1.0308 0.5194 -0.1504 0.999 0.8778 0.9614 1.23 -0.591 1.099 -1.083 0.021 1.065 1.014 0.577 -0.072 1.035 0.919 1.017
0.5 -0.49 -0.45 1.2 1.99 -2.11 -1.03 2.11 -1.85 2.04 1.97 -1.02 1.95 1.89 2.07 0.57629370661664 1.26689635758896 1.64440519181549 0.6 0.93 -1.03 -0.57 1.06 -1.06 0.92 1 -0.49 0.96 0.96 0.99 -0.606 -0.9202 0.9878 0.4094 -1.1278 0.863 -1.0092 -0.9406 0.3596 -0.951 -1.0122 -1.1086 -0.52 -0.931 1.009 0.497 -0.989 0.715 -1.026 -0.843 0.398 -0.915 -0.971 -1.053
0.5 0.51 0.55 -0.8 1.99 -1.11 1.97 1.11 2.15 2.04 -1.03 1.98 -0.0499999999999998 -0.11 1.07 1.23285955635011 1.33929759447675 0.813562023573819 -0.4 0.93 -0.53 0.93 0.56 0.94 0.92 -0.5 1.01 -0.04 -0.04 0.49 -0.426 1.0698 -0.6122 0.9094 0.4722 1.053 1.0308 -0.5006 0.8696 -0.021 -0.1422 0.4514 -0.42 1.059 -0.551 1.117 0.571 1.065 1.014 -0.523 1.028 -0.065 -0.181 0.467
-0.5 -0.49 -0.45 -0.8 1.99 -2.11 0.97 -1.89 -0.85 -0.96 -2.03 -1.02 0.95 -1.11 -1.93 0.105277302538438 -0.261356768299377 -0.729673554335622 0.4 -1.06 1.08 -0.54 0.95 0.29 0.38 1.03 0.53 -0.49 0.57 0.92 0.374 -0.9202 0.9878 -0.5706 0.8322 0.373 0.4608 1.0194 0.3596 -0.461 0.4578 0.8514 0.38 -0.931 1.009 -0.403 0.811 0.265 0.324 0.957 0.398 -0.465 0.379 0.747
-0.5 -0.49 -0.45 -0.8 -0.00999999999999979 1.89 0.97 -0.89 2.15 2.04 0.97 0.98 0.95 -0.11 1.07 1.03116974548676 1.14213993330322 2.33178986925857 0.4 -0.06 -0.92 -0.54 0.45 -1.21 -1.12 -0.47 -0.47 -0.49 0.07 -0.58 0.374 0.0598 -0.9722 -0.5706 0.3422 -1.097 -1.0092 -0.4506 -0.6204 -0.461 -0.0322 -0.6186 0.38 -0.031 -0.791 -0.403 0.361 -1.085 -1.026 -0.393 -0.502 -0.465 -0.071 -0.603
-0.5 -0.49 -0.45 -1.8 -0.00999999999999979 -2.11 -2.03 2.11 -1.85 -1.96 1.97 1.98 1.95 -1.11 1.07 0.222716504896856 0.558591385372438 2.0039101718463 0.9 -0.06 1.08 0.96 -1.05 0.79 0.88 -0.97 -0.97 -0.99 0.57 -0.58 0.864 0.0598 0.9878 0.8994 -1.1278 0.863 0.9508 -0.9406 -1.1104 -0.951 0.4578 -0.6186 0.83 -0.031 1.009 0.947 -0.989 0.715 0.774 -0.843 -0.952 -0.915 0.379 -0.603
0.5 -0.49 0.55 -1.8 -0.00999999999999979 -0.11 -2.03 0.11 1.15 2.04 -2.03 -2.02 -0.0499999999999998 -0.11 2.07 1.71523913382674 0.708564307860235 1.25001715196131 -0.9 -0.07 -0.03 -1.07 0.06 0.44 0.92 -1 -0.99 -0.04 -0.04 0.99 0.864 0.0598 0.00780000000000002 0.8994 -0.1478 -0.607 -1.0092 1.0194 0.8496 0.029 -0.0322 -1.1086 -0.97 -0.041 -0.00100000000000002 -1.083 0.021 0.515 1.014 -1.073 -1.172 -0.065 -0.181 1.017
-0.5 -0.49 0.55 -1.8 -0.00999999999999979 -2.11 -1.03 -1.89 -1.85 1.04 -1.03 -0.02 1.95 1.89 1.07 2.52504388615192 2.568477066562 1.54452305999589 0.9 -0.06 1.08 0.46 0.95 0.79 -0.62 0.53 0.03 -0.99 -0.93 -0.58 0.864 0.0598 0.9878 0.4094 0.8322 0.863 -0.5192 0.5294 -0.1304 -0.951 -1.0122 -0.6186 -0.97 -0.041 -1.101 -0.533 -1.079 -1.135 0.464 -0.523 -0.072 1.035 0.919 0.467
-0.5 0.51 -0.45 1.2 -0.00999999999999979 -0.11 1.97 2.11 1.15 -1.96 0.97 1.98 0.95 1.89 2.07 1.08457855602002 1.80668653371416 3.00693865795101 -0.6 -0.06 0.08 -1.04 -1.05 -0.71 0.88 -0.47 -0.97 -0.49 -0.93 -1.08 0.594 0.0498 -0.1022 0.9094 0.9822 0.543 -1.0092 0.5194 0.8696 0.489 0.8778 0.9614 -0.52 -0.031 0.109 -0.853 -0.989 -0.635 0.774 -0.393 -0.952 -0.465 -0.971 -1.053
0.5 0.51 0.55 0.2 0.99 -2.11 1.97 2.11 0.15 -0.96 -1.03 -0.02 -1.05 -2.11 -1.93 -0.403770914850771 -0.383200906085251 0.834279716489979 0.1 0.43 -1.03 0.93 1.06 -0.06 -0.58 -0.5 0.01 -0.54 -1.04 -1.01 0.084 0.5598 -1.1222 0.9094 0.9822 0.033 -0.4992 -0.5006 -0.1504 -0.531 -1.1622 -1.0786 0.13 0.509 -1.101 1.117 1.121 -0.035 -0.636 -0.523 -0.072 -0.615 -1.281 -1.183
-0.5 0.51 0.55 1.2 0.99 -2.11 -2.03 -1.89 -1.85 2.04 -2.03 -1.02 -1.05 -1.11 2.07 0.391183129985215 0.918364790783958 1.10684760228887 -0.6 -0.56 1.08 0.96 0.95 0.79 -1.12 1.03 0.53 0.51 0.57 -1.08 0.594 0.5598 -1.1222 -1.1306 -1.0578 -0.987 1.0308 -1.0106 -0.6604 -0.531 -0.6522 0.9614 0.68 0.509 -1.101 -1.083 -1.079 -1.135 1.014 -1.073 -0.622 -0.615 -0.731 1.017
0.5 -0.49 -0.45 0.2 1.99 1.89 -0.0299999999999998 2.11 -1.85 -0.96 -1.03 -0.02 1.95 -0.11 0.0700000000000001 1.34412781241326 1.26035019758079 2.12409976737677 0.1 0.93 0.97 -0.07 1.06 -1.06 -0.58 -0.5 0.01 0.96 -0.04 -0.01 -0.116 -0.9202 -0.9722 -0.0806 -1.1278 0.863 0.4608 0.5294 -0.1304 -0.951 -0.0322 -0.1286 -0.07 -0.931 -0.791 0.047 -0.989 0.715 0.324 0.507 -0.052 -0.915 -0.071 -0.153
0.5 0.51 0.55 1.2 -0.00999999999999979 -1.11 1.97 2.11 0.15 0.04 -1.03 -2.02 -1.05 1.89 -0.93 0.837551203312856 0.488455020780802 0.274413661932091 0.6 -0.07 -0.53 0.93 1.06 -0.06 -0.08 -0.5 -0.99 -0.54 0.96 -0.51 0.594 0.0498 -0.6122 0.9094 0.9822 0.033 0.0108 -0.5006 -1.1704 -0.531 0.8778 -0.5686 0.68 -0.041 -0.551 1.117 1.121 -0.035 -0.086 -0.523 -1.172 -0.615 0.919 -0.633
-0.5 -0.49 -0.45 -0.8 1.99 1.89 1.97 -1.89 2.15 1.04 0.97 0.98 -2.05 -1.11 -1.93 0.712376483757723 0.961299716038508 1.64415135187794 0.4 -1.06 -0.92 -1.04 0.95 -1.21 -0.62 -0.47 -0.47 1.01 0.57 0.92 0.374 -0.9202 -0.9722 -1.0606 0.8322 -1.097 -0.5192 -0.4506 -0.6204 1.009 0.4578 0.8514 0.38 -0.931 -0.791 -0.853 0.811 -1.085 -0.576 -0.393 -0.502 0.885 0.379 0.747
0.5 -0.49 -0.45 0.2 -0.00999999999999979 -0.11 -2.03 -0.89 2.15 2.04 1.97 -2.02 1.95 -0.11 2.07 -0.424406384002022 -0.920273563287193 -0.487960808041303 0.1 -0.07 -0.03 -1.07 -0.44 0.94 0.92 1 -0.99 0.96 -0.04 0.99 -0.116 0.0598 0.00780000000000002 0.8994 0.3422 -1.097 -1.0092 -0.9406 0.8496 -0.951 -0.0322 -1.1086 -0.07 -0.031 0.109 0.947 0.361 -1.085 -1.026 -0.843 0.848 -0.915 -0.071 -1.053
-0.5 -0.49 0.55 -0.8 -0.00999999999999979 -2.11 -2.03 0.11 0.15 0.04 -2.03 -1.02 1.95 0.89 -1.93 0.358070639887435 0.0560132223947745 1.32459079045746 0.4 -0.06 1.08 0.96 -0.05 -0.21 -0.12 1.03 0.53 -0.99 -0.43 0.92 0.374 0.0598 0.9878 0.8994 -0.1478 -0.117 -0.0292 1.0194 0.3596 -0.951 -0.5222 0.8514 -0.42 -0.041 -1.101 -1.083 0.021 -0.035 -0.086 -1.073 -0.622 1.035 0.369 -1.183
-0.5 -0.49 -0.45 -1.8 -2.01 -1.11 -1.03 2.11 0.15 -1.96 -2.03 -2.02 0.95 -0.11 -1.93 0.690253899052289 0.0722883890125366 1.54181219996838 0.9 0.94 0.58 0.46 -1.05 -0.21 0.88 1.03 1.03 -0.49 0.07 0.92 0.864 1.0398 0.4978 0.4094 -1.1278 -0.117 0.9508 1.0194 0.8496 -0.461 -0.0322 0.8514 0.83 0.869 0.559 0.497 -0.989 -0.185 0.774 0.957 0.848 -0.465 -0.071 0.747
0.5 0.51 -0.45 0.2 1.99 -2.11 1.97 -1.89 2.15 2.04 -0.0299999999999998 0.98 1.95 1.89 0.0700000000000001 0.709946595202074 1.34322998074783 1.73140341865781 0.1 0.93 -1.03 0.93 -0.94 0.94 0.92 5.20417042793042e-18 0.51 0.96 0.96 -0.01 0.084 1.0698 -1.1222 0.9094 -1.0578 1.053 1.0308 0.0094 0.3596 0.999 0.8778 -0.0586 -0.07 -0.931 1.009 -0.853 0.811 -1.085 -1.026 0.057 -0.502 -0.915 -0.971 -0.153
-0.5 -0.49 -0.45 2.2 -0.00999999999999979 1.89 -2.03 0.11 -1.85 -1.96 1.97 -2.02 -0.0499999999999998 0.89 -1.93 0.647529824469808 0.870078642743704 1.48455382747997 -1.1 -0.06 -0.92 0.96 -0.05 0.79 0.88 -0.97 1.03 0.01 -0.43 0.92 -1.096 0.0598 -0.9722 0.8994 -0.1478 0.863 0.9508 -0.9406 0.8496 0.029 -0.5222 0.8514 -0.97 -0.031 -0.791 0.947 -0.089 0.715 0.774 -0.843 0.848 -0.015 -0.521 0.747
0.5 0.51 0.55 -1.8 -1.01 -0.11 0.97 -0.89 -1.85 1.04 0.97 -1.02 -2.05 -2.11 0.0700000000000001 0.0253223534494236 0.433055367398186 1.31411290427531 -0.9 -0.57 -0.03 0.43 -0.44 -1.06 0.42 0.5 -0.49 -1.04 -1.04 -0.01 -0.936 -0.4602 -0.1022 0.3994 -0.5478 -0.987 0.5208 0.5194 -0.6604 -1.041 -1.1622 -0.0586 -0.97 -0.591 -0.00100000000000002 0.567 -0.529 -1.135 0.464 0.577 -0.622 -1.165 -1.281 -0.083
-0.5 -0.49 -0.45 -0.8 -0.00999999999999979 1.89 -2.03 0.11 -1.85 -1.96 0.97 -2.02 -0.0499999999999998 -1.11 -1.93 0.621150878793469 0.383537016409255 0.0528320476568991 0.4 -0.06 -0.92 0.96 -0.05 0.79 0.88 -0.47 1.03 0.01 0.57 0.92 0.374 0.0598 -0.9722 0.8994 -0.1478 0.863 0.9508 -0.4506 0.8496 0.029 0.4578 0.8514 0.38 -0.031 -0.791 0.947 -0.089 0.715 0.774 -0.393 0.848 -0.015 0.379 0.747
0.5 -0.49 -0.45 -0.8 -0.00999999999999979 1.89 0.97 -1.89 0.15 0.04 -0.0299999999999998 1.98 -0.0499999999999998 -0.11 0.0700000000000001 0.712862601847177 0.415340104582601 1.3808045136088 -0.4 -0.07 0.97 0.43 -0.94 -0.06 -0.08 5.20417042793042e-18 1.01 -0.04 -0.04 -0.01 0.374 0.0598 -0.9722 -0.5706 0.8322 -0.117 -0.0292 0.0394 -1.1104 0.029 -0.0322 -0.1286 0.38 -0.031 -0.791 -0.403 0.811 -0.185 -0.126 0.057 -0.952 -0.015 -0.071 -0.153
0.5 -0.49 -0.45 0.2 1.99 1.89 1.97 0.11 2.15 -1.96 0.97 1.98 1.95 -0.11 -1.93 0.136469400589719 0.346740899727294 0.845058657818421 0.1 0.93 0.97 0.93 0.06 0.94 -1.08 0.5 1.01 0.96 -0.04 -1.01 -0.116 -0.9202 -0.9722 -1.0606 -0.1478 -1.097 0.9508 -0.4506 -1.1104 -0.951 -0.0322 0.8514 -0.07 -0.931 -0.791 -0.853 -0.089 -1.085 0.774 -0.393 -0.952 -0.915 -0.071 0.747
-0.5 -0.49 -0.45 -1.8 0.99 -2.11 -2.03 -0.89 1.15 2.04 1.97 -2.02 -1.05 -0.11 -0.93 -0.106740928982029 0.081551847889479 1.00685371490997 0.9 -0.56 1.08 0.96 0.45 -0.71 -1.12 -0.97 1.03 0.51 0.07 0.42 0.864 -0.4302 0.9878 0.8994 0.3422 -0.607 -1.0092 -0.9406 0.8496 0.519 -0.0322 0.3614 0.83 -0.481 1.009 0.947 0.361 -0.635 -1.026 -0.843 0.848 0.435 -0.071 0.297
0.5 -0.49 -0.45 -1.8 -0.00999999999999979 -2.11 -2.03 -1.89 0.15 -1.96 0.97 -0.02 -2.05 -2.11 1.07 1.19972909113622 1.17454247096936 2.23496395411419 -0.9 -0.07 -1.03 -1.07 -0.94 -0.06 -1.08 0.5 0.01 -1.04 -1.04 0.49 0.864 0.0598 0.9878 0.8994 0.8322 -0.117 0.9508 -0.4506 -0.1304 1.009 0.9478 -0.6186 0.83 -0.031 1.009 0.947 0.811 -0.185 0.774 -0.393 -0.052 0.885 0.829 -0.603
-0.5 -0.49 0.55 -1.8 -0.00999999999999979 1.89 -2.03 -1.89 -1.85 2.04 0.97 1.98 -2.05 -2.11 -1.93 0.693341956937637 1.03254972861953 2.2094527572817 0.9 -0.06 -0.92 0.96 0.95 0.79 -1.12 -0.47 -0.97 1.01 1.07 0.92 0.864 0.0598 -0.9722 0.8994 0.8322 0.863 -1.0092 -0.4506 -1.1104 1.009 0.9478 0.8514 -0.97 -0.041 1.099 -1.083 -1.079 -1.135 1.014 0.577 1.028 -1.165 -1.281 -1.183
0.5 -0.49 0.55 1.2 -2.01 -2.11 -1.03 1.11 1.15 1.04 -0.0299999999999998 -1.02 0.95 -1.11 0.0700000000000001 1.02901464744758 0.935050596017187 1.00951687812768 0.6 -1.07 -1.03 -0.57 0.56 0.44 0.42 5.20417042793042e-18 -0.49 0.46 -0.54 -0.01 -0.606 1.0398 0.9878 0.4094 -0.6378 -0.607 -0.5192 0.0394 0.3596 -0.461 0.4578 -0.1286 0.68 -1.141 -1.101 -0.533 0.571 0.515 0.464 0.027 -0.622 0.485 -0.731 -0.083
0.5 0.51 -0.45 -1.8 0.99 0.89 -2.03 1.11 -0.85 -1.96 -1.03 -1.02 -1.05 -1.11 -0.93 -0.0568603809225682 0.284948944324441 -0.423206943696684 -0.9 0.43 0.47 -1.07 0.56 -0.56 -1.08 -0.5 -0.49 -0.54 -0.54 -0.51 -0.936 0.5598 0.4078 -1.1306 0.4722 -0.477 -1.0092 -0.5006 -0.6604 -0.531 -0.6522 -0.5686 0.83 -0.481 -0.341 0.947 -0.539 0.265 0.774 0.507 0.398 0.435 0.379 0.297
0.5 0.51 0.55 2.2 1.99 -0.11 -2.03 -0.89 -1.85 0.04 -1.03 -1.02 -2.05 -2.11 -1.93 -0.236921016233577 -0.565979336485082 -0.747128287020831 1.1 0.93 -0.03 -1.07 -0.44 -1.06 -0.08 -0.5 -0.49 -1.04 -1.04 -1.01 1.104 1.0698 -0.1022 -1.1306 -0.5478 -0.987 0.0108 -0.5006 -0.6604 -1.041 -1.1622 -1.0786 1.23 1.059 -0.00100000000000002 -1.083 -0.529 -1.135 -0.086 -0.523 -0.622 -1.165 -1.281 -1.183
0.5 0.51 -0.45 0.2 1.99 1.89 -2.03 2.11 1.15 2.04 1.97 -1.02 1.95 1.89 0.0700000000000001 0.953736045241548 1.88116003784599 1.26374796264935 0.1 0.93 0.97 -1.07 1.06 0.44 0.92 1 -0.49 0.96 0.96 -0.01 0.084 1.0698 0.9178 -1.1306 0.9822 0.543 1.0308 1.0294 -0.6604 0.999 0.8778 -0.0586 -0.07 -0.931 -0.791 0.947 -0.989 -0.635 -1.026 -0.843 0.398 -0.915 -0.971 -0.153
-0.5 -0.49 0.55 1.2 1.99 -2.11 -0.0299999999999998 2.11 0.15 -1.96 1.97 -1.02 -2.05 1.89 -1.93 -0.686099439828893 -1.09251274394992 -0.10292723462871 -0.6 -1.06 1.08 -0.04 -1.05 -0.21 0.88 -0.97 0.53 1.01 -0.93 0.92 -0.606 -0.9202 0.9878 -0.0806 -1.1278 -0.117 0.9508 -0.9406 0.3596 1.009 -1.0122 0.8514 0.68 1.059 -1.101 0.017 1.121 -0.035 -1.186 1.127 -0.622 -1.165 0.919 -1.183
-0.5 -0.49 -0.45 -1.8 -2.01 -2.11 -2.03 2.11 1.15 -0.96 -0.0299999999999998 0.98 -0.0499999999999998 -1.11 -0.93 1.65805819011316 2.6832481829758 2.01876476247889 0.9 0.94 1.08 0.96 -1.05 -0.71 0.38 0.03 -0.47 0.01 0.57 0.42 0.864 1.0398 0.9878 0.8994 -1.1278 -0.607 0.4608 0.0394 -0.6204 0.029 0.4578 0.3614 0.83 0.869 1.009 0.947 -0.989 -0.635 0.324 0.057 -0.502 -0.015 0.379 0.297
-0.5 -0.49 -0.45 0.2 -1.01 -0.11 1.97 -0.89 -1.85 0.04 -0.0299999999999998 -0.02 0.95 -0.11 1.07 1.29046407668031 2.16833933130537 2.41395509934186 -0.1 0.44 0.08 -1.04 0.45 0.79 -0.12 0.03 0.03 -0.49 0.07 -0.58 -0.116 0.5498 0.00780000000000002 -1.0606 0.3422 0.863 -0.0292 0.0394 -0.1304 -0.461 -0.0322 -0.6186 -0.07 0.419 0.109 -0.853 0.361 0.715 -0.126 0.057 -0.052 -0.465 -0.071 -0.603
-0.5 -0.49 -0.45 -1.8 1.99 -2.11 -2.03 -0.89 2.15 -1.96 -2.03 -2.02 -2.05 -2.11 -0.93 0.574973005849758 -0.416159805962492 -0.384614862993366 0.9 -1.06 1.08 0.96 0.45 -1.21 0.88 1.03 1.03 1.01 1.07 0.42 0.864 -0.9202 0.9878 0.8994 0.3422 -1.097 0.9508 1.0194 0.8496 1.009 0.9478 0.3614 0.83 -0.931 1.009 0.947 0.361 -1.085 0.774 0.957 0.848 0.885 0.829 0.297
0.5 0.51 0.55 -0.8 1.99 -2.11 1.97 -0.89 2.15 0.04 1.97 0.98 0.95 1.89 2.07 1.90407601875227 1.68999307899377 3.17064388458107 -0.4 0.93 -1.03 0.93 -0.44 0.94 -0.08 1 0.51 0.46 0.96 0.99 -0.426 1.0698 -1.1222 0.9094 -0.5478 1.053 0.0108 1.0294 0.3596 0.489 0.8778 0.9614 -0.42 1.059 -1.101 1.117 -0.529 1.065 -0.086 1.127 0.478 0.485 0.919 1.017
-0.5 -0.49 0.55 -0.8 -2.01 -2.11 1.97 1.11 -1.85 -1.96 0.97 1.98 -0.0499999999999998 -0.11 0.0700000000000001 0.541831886937621 1.00823803210168 0.902653991697523 0.4 0.94 1.08 -1.04 -0.55 0.79 0.88 -0.47 -0.97 0.01 0.07 -0.08 0.374 1.0398 0.9878 -1.0606 -0.6378 0.863 0.9508 -0.4506 -1.1104 0.029 -0.0322 -0.1286 -0.42 -1.141 -1.101 1.117 0.571 -1.135 -1.186 0.577 1.028 -0.065 -0.181 -0.083
0.5 0.51 -0.45 1.2 -1.01 -0.11 0.97 -0.89 -1.85 -1.96 -2.03 -0.02 -1.05 -2.11 -0.93 0.364613354829873 -0.100088103208098 0.646978037216148 0.6 -0.57 -0.03 0.43 -0.44 -1.06 -1.08 -1 0.01 -0.54 -1.04 -0.51 0.594 -0.4602 -0.1022 0.3994 -0.5478 -0.987 -1.0092 -1.0106 -0.1504 -0.531 -1.1622 -0.5686 -0.52 0.419 0.109 -0.403 0.361 0.715 0.774 0.957 -0.052 0.435 0.829 0.297
-0.5 0.51 -0.45 -1.8 -2.01 -1.11 -1.03 -1.89 -0.85 0.04 0.97 -2.02 0.95 -2.11 0.0700000000000001 0.218260445393777 0.460415764390574 0.268884559248148 0.9 0.94 0.58 0.46 0.95 0.29 -0.12 -0.47 1.03 -0.49 1.07 -0.08 -0.936 -0.9702 -0.6122 -0.6206 -1.0578 -0.477 0.0108 0.5194 -1.1704 0.489 -1.1622 -0.0586 0.83 0.869 0.559 0.497 0.811 0.265 -0.126 -0.393 0.848 -0.465 0.829 -0.153
0.5 0.51 0.55 0.2 -0.00999999999999979 -2.11 -0.0299999999999998 -1.89 -1.85 0.04 -1.03 -2.02 -0.0499999999999998 -2.11 -1.93 1.48310770070746 1.43799296570056 1.12004107324077 0.1 -0.07 -1.03 -0.07 -0.94 -1.06 -0.08 -0.5 -0.99 -0.04 -1.04 -1.01 0.084 0.0498 -1.1222 -0.1106 -1.0578 -0.987 0.0108 -0.5006 -1.1704 -0.021 -1.1622 -1.0786 0.13 -0.041 -1.101 0.017 -1.079 -1.135 -0.086 -0.523 -1.172 -0.065 -1.281 -1.183
0.5 0.51 0.55 1.2 0.99 0.89 1.97 2.11 1.15 0.04 -1.03 0.98 1.95 -0.11 2.07 1.81832754342946 2.54933145420205 2.86326666857096 0.6 0.43 0.47 0.93 1.06 0.44 -0.08 -0.5 0.51 0.96 -0.04 0.99 0.594 0.5598 0.4078 0.9094 0.9822 0.543 0.0108 -0.5006 0.3596 0.999 -0.1422 0.9614 0.68 0.509 0.549 1.117 1.121 0.515 -0.086 -0.523 0.478 1.035 -0.181 1.017
0.5 -0.49 0.55 0.2 0.99 0.89 -2.03 -1.89 -1.85 2.04 -2.03 -2.02 -2.05 -1.11 -1.93 0.470576195330823 1.52218604216949 1.01955917851093 0.1 0.43 0.47 -1.07 -0.94 -1.06 0.92 -1 -0.99 -1.04 -0.54 -1.01 -0.116 -0.4302 -0.4822 0.8994 0.8322 0.863 -1.0092 1.0194 0.8496 1.009 0.4578 0.8514 0.13 0.509 0.549 -1.083 -1.079 -1.135 1.014 -1.073 -1.172 -1.165 -0.731 -1.183
-0.5 0.51 0.55 -0.8 -2.01 -1.11 1.97 2.11 0.15 -1.96 -1.03 -1.02 -2.05 0.89 1.07 0.986412036997486 1.70236945222938 2.64274943459362 0.4 0.94 0.58 -1.04 -1.05 -0.21 0.88 0.53 0.53 1.01 -0.43 -0.58 -0.426 -0.9702 -0.6122 0.9094 0.9822 0.033 -1.0092 -0.5006 -0.6604 -1.041 0.3678 0.4514 -0.42 -1.141 -0.551 1.117 1.121 -0.035 -1.186 -0.523 -0.622 -1.165 0.369 0.467
0.5 -0.49 -0.45 0.2 -0.00999999999999979 -2.11 1.97 -1.89 0.15 2.04 -0.0299999999999998 -0.02 -0.0499999999999998 -1.11 0.0700000000000001 0.0179250891231384 0.272213461171519 0.213295626151841 0.1 -0.07 -1.03 0.93 -0.94 -0.06 0.92 5.20417042793042e-18 0.01 -0.04 -0.54 -0.01 -0.116 0.0598 0.9878 -1.0606 0.8322 -0.117 -1.0092 0.0394 -0.1304 0.029 0.4578 -0.1286 -0.07 -0.031 1.009 -0.853 0.811 -0.185 -1.026 0.057 -0.052 -0.015 0.379 -0.153
0.5 0.51 0.55 -0.8 0.99 -0.11 -0.0299999999999998 0.11 1.15 -1.96 -2.03 -2.02 0.95 1.89 -0.93 0.745514339024856 -0.628706137591307 0.409177624996067 -0.4 0.43 -0.03 -0.07 0.06 0.44 -1.08 -1 -0.99 0.46 0.96 -0.51 -0.426 0.5598 -0.1022 -0.1106 -0.0378000000000001 0.543 -1.0092 -1.0106 -1.1704 0.489 0.8778 -0.5686 -0.42 0.509 -0.00100000000000002 0.017 0.021 0.515 -1.186 -1.073 -1.172 0.485 0.919 -0.633
-0.5 -0.49 -0.45 -0.8 -2.01 -2.11 1.97 -0.89 -0.85 -0.96 0.97 0.98 1.95 0.89 2.07 -1.11998821258803 -0.850981311920035 -1.39257731756683 0.4 0.94 1.08 -1.04 0.45 0.29 0.38 -0.47 -0.47 -0.99 -0.43 -1.08 0.374 1.0398 0.9878 -1.0606 0.3422 0.373 0.4608 -0.4506 -0.6204 -0.951 -0.5222 -1.1086 0.38 0.869 1.009 -0.853 0.361 0.265 0.324 -0.393 -0.502 -0.915 -0.521 -1.053
0.5 0.51 0.55 2.2 -1.01 -0.11 -2.03 -0.89 -0.85 -0.96 -2.03 -0.02 -2.05 1.89 0.0700000000000001 0.31166273405538 0.543269680962767 1.68966815268413 1.1 -0.57 -0.03 -1.07 -0.44 -0.56 -0.58 -1 0.01 -1.04 0.96 -0.01 1.104 -0.4602 -0.1022 -1.1306 -0.5478 -0.477 -0.4992 -1.0106 -0.1504 -1.041 0.8778 -0.0586 1.23 -0.591 -0.00100000000000002 -1.083 -0.529 -0.585 -0.636 -1.073 -0.072 -1.165 0.919 -0.083
