 0.66134188E-16  0.67093698E-16  0.32465545E-16  0.88297560E-16  0.13989523E-15  0.20257899E-15  0.69766266E-16  0.33448497E-15 -0.12638879E-15  0.16240597E-15
 0.20910522E-15  0.56509710E-16 -0.72909056E-16  0.13970399E-15  0.58910257E-15  0.67396957E+00  0.76988596E+00  0.12452480E+01 -0.48572912E-16 -0.33801118E-16
-0.24246916E-17 -0.27796902E-16 -0.92137829E-17 -0.55164559E-17 -0.67518787E-17  0.14439877E-16 -0.69116912E-17 -0.23774420E-17 -0.44861608E-16 -0.83869637E-17
-0.33373628E-16 -0.38223371E-16 -0.64004748E-16 -0.28809774E-17  0.67532838E-16 -0.13825988E-15 -0.35192916E-17  0.55179194E-16 -0.28602701E-16 -0.17968853E-16
-0.29683932E-16 -0.34944621E-17  0.26627123E-16  0.16281060E-16  0.25893251E-16 -0.19206001E-16  0.11863552E-16  0.12011488E-16  0.15362104E-16 -0.17091373E-16
-0.19579059E-16  0.18497376E-16  0.71979363E-17  0.43622236E-16  0.34429523E+00  0.54559946E+00  0.29397282E+00  0.36497042E+00  0.31255591E+00  0.37843364E+00
 0.48771793E+00  0.49732822E+00  0.48495156E+00  0.76529592E+00  0.64986724E+00  0.55623484E+00  0.70051461E+00  0.40134588E+00  0.60761046E+00  0.47394264E+00
 0.23300691E+00  0.23741333E+00  0.16887221E+00  0.43606669E+00  0.55735791E+00  0.29136944E+00  0.65262526E+00  0.53737879E+00  0.75922388E+00  0.62737197E+00
 0.88427943E+00  0.46525589E+00  0.26090264E+00  0.19363199E+00  0.79132929E-01  0.29835939E+00  0.57097673E+00  0.38895023E+00  0.66956371E+00  0.37901208E+00
 0.47743729E+00  0.66462016E+00  0.71907979E+00  0.44309726E+00  0.24682799E+00  0.33030370E+00  0.17577919E+00  0.62328672E+00  0.64465547E+00  0.34249797E+00
 0.81892174E+00  0.58548510E+00  0.70619237E+00  0.79042125E+00  0.21680884E+00  0.19176154E+00  0.51858500E-01  0.26202052E+01  0.25289547E+01  0.23336813E+01
 0.24105809E+01  0.20066686E+01  0.22550461E+01  0.24614985E+01  0.15297388E+01  0.16524737E+01  0.17186164E+01  0.16696674E+01  0.97220856E+00  0.56516999E+00
 0.46850467E+00  0.56043923E+00  0.60760677E+00  0.59965044E+00  0.57032239E+00  0.58831394E+00  0.51640183E+00  0.57687485E+00  0.68826556E+00  0.46135500E+00
 0.45139271E+00  0.38754666E+00  0.49166331E+00  0.38467279E+00  0.63869178E+00  0.64994079E+00  0.60930616E+00  0.63535661E+00  0.54011416E+00  0.57311511E+00
 0.65000433E+00  0.48070520E+00  0.46478054E+00  0.48557001E+00  0.49321756E+00  0.45040345E+00  0.62719893E+00  0.64497286E+00  0.58410752E+00  0.64147937E+00
 0.50039643E+00  0.56038547E+00  0.63714695E+00  0.43713430E+00  0.46882918E+00  0.41427243E+00  0.43724090E+00  0.37140438E+00  0.53626877E+00  0.29946432E+00
 0.35884619E+00  0.19564168E+00  0.11446477E+00  0.13861910E+01  0.89819229E+00 -0.19294444E-02  0.94024308E-01  0.20653835E+00  0.11615938E+01  0.22008277E+00
 0.32713684E+00  0.17338975E+00
 0.48989795E-01  0.50000001E-01  0.49749371E-01  0.16552946E+00  0.16473009E+00  0.15713370E+00  0.16152708E+00  0.15285286E+00  0.16118002E+00  0.16695808E+00
 0.15302287E+00  0.14959612E+00  0.14654350E+00  0.15329383E+00  0.15357083E+00  0.86733952E-01  0.94728783E-01  0.13122627E+00  0.80870263E-01  0.78157790E-01
 0.76286562E-01  0.77084631E-01  0.74543677E-01  0.80064721E-01  0.84011905E-01  0.74116394E-01  0.71486779E-01  0.71175836E-01  0.75693861E-01  0.73903725E-01
 0.82668014E-01  0.81486195E-01  0.78552529E-01  0.79790354E-01  0.74732855E-01  0.80028117E-01  0.82537867E-01  0.75716577E-01  0.70317142E-01  0.72982877E-01
 0.76449327E-01  0.74645832E-01  0.81715971E-01  0.81089824E-01  0.77887163E-01  0.80489814E-01  0.76199345E-01  0.80387749E-01  0.81324965E-01  0.75871341E-01
 0.73459446E-01  0.71921833E-01  0.75251512E-01  0.76022625E-01  0.26396760E+00  0.59337890E+00  0.17032021E+00  0.16418287E+00  0.17611155E+00  0.17682327E+00
 0.14463310E+00  0.16827120E+00  0.16297276E+00  0.12690124E+00  0.16472268E+00  0.14074498E+00  0.11457712E+00  0.11627934E+00  0.15693587E+00  0.28740636E+00
 0.23050667E+00  0.25962618E+00  0.25009295E+00  0.24138448E+00  0.27978119E+00  0.27647004E+00  0.25631747E+00  0.25264901E+00  0.27543411E+00  0.21183127E+00
 0.23958057E+00  0.28650576E+00  0.24239601E+00  0.26657572E+00  0.24696325E+00  0.23341079E+00  0.28243285E+00  0.24422993E+00  0.27085146E+00  0.21625154E+00
 0.27713019E+00  0.23603499E+00  0.24255937E+00  0.25996161E+00  0.23533282E+00  0.26383331E+00  0.24280594E+00  0.23147859E+00  0.26202562E+00  0.22506712E+00
 0.20357184E+00  0.19069773E+00  0.24786602E+00  0.14632805E+00  0.20632954E-01  0.72148852E-01  0.18993281E+00  0.20898636E+00  0.22474729E+00  0.20868313E+00
 0.22849619E+00  0.21192069E+00  0.22053385E+00  0.21611942E+00  0.25986111E+00  0.26108101E+00  0.21544123E+00  0.22375377E+00  0.26351133E+00  0.83828233E-01
 0.12037009E+00  0.30358806E+00  0.62456578E-01  0.51078092E-01  0.57226639E-01  0.52848421E-01  0.61750829E-01  0.64879403E-01  0.62067512E-01  0.78561500E-01
 0.63697211E-01  0.62103555E-01  0.65445751E-01  0.91982961E-01  0.55538740E-01  0.50825872E-01  0.46793833E-01  0.45674007E-01  0.49899805E-01  0.65769546E-01
 0.50630596E-01  0.68425231E-01  0.51750094E-01  0.60461059E-01  0.71024254E-01  0.79710990E-01  0.54827433E-01  0.51611602E-01  0.53218473E-01  0.49967371E-01
 0.58341552E-01  0.70310190E-01  0.52308299E-01  0.72887987E-01  0.59157301E-01  0.59526246E-01  0.64408183E-01  0.83812691E-01  0.28075927E+00  0.12316734E+00
 0.31637838E+00  0.18922177E+00  0.98816000E-01  0.31358442E+00  0.30566317E+00  0.30601002E-01  0.10628148E+00  0.81322327E-01  0.33486447E+00  0.13281564E+00
 0.12828396E+00  0.17262256E+00
 0.16800000E+03 -0.68220598E+04  0.87709267E+00 -0.56587327E+04  0.10243564E+01  0.13980120E+05  0.14417788E+05  0.13887202E+05  0.22320127E+04  0.13710000E+04
 0.00000000E+00  0.10424018E+01  0.30781357E+00  0.27752095E+00  0.79247587E-01  0.73248328E-01  0.85163219E-01  0.00000000E+00  0.98813317E-01  0.47581283E-03
