0.54 0.46 0.5 2.03 1.17 -1.95 2.33 1.31 1.99 2.18 -2.04 0.7 2.18 -0.0600000000000001 -1 0.663429548727791 1.18274760211923 1.22509542329187 1.1824 0.5936 -1.116 1.0864 0.7148 1.1892 1.1744 -1.1732 0.236 1.1844 -0.1048 -0.62 1.0476 0.3564 -0.944 0.9836 0.6052 0.9608 0.9456 -0.9668 0.204 0.9356 -0.1152 -0.49 1.04 0.52 -1.05 1.05 0.56 1.06 1.02 -1.02 0.14 1.02 -0.2 -0.56
-0.46 0.46 0.5 2.03 -0.83 -1.95 -1.67 1.31 -2.01 -1.82 1.96 0.7 2.18 -1.06 0 1.1559732317807 1.41873237901411 1.42360536200034 -0.8476 0.3436 0.834 0.5964 -0.5952 1.0392 0.8344 -0.9732 -0.464 -0.9956 0.4152 -0.08 1.0476 -0.5636 -0.944 -0.8564 0.6052 -0.8792 -0.8944 0.8732 0.204 0.9356 -0.5752 -0.03 1.04 -0.48 -1.05 -0.95 0.56 -0.94 -0.98 0.98 0.14 1.02 -0.7 -0.06
0.54 0.46 0.5 2.03 -1.83 1.05 2.33 0.31 -2.01 0.18 0.96 1.7 2.18 1.94 2 2.30575655805764 0.450907880719779 1.65974444863435 1.1824 -1.0264 0.504 1.0864 0.1748 -0.9708 0.0944 0.4468 0.776 1.1844 0.9752 1 1.0476 -1.0236 0.436 0.9836 0.1452 -0.8792 0.0256 0.4132 0.664 0.9356 0.8048 0.89 1.04 -0.98 0.45 1.05 0.06 -0.94 0.02 0.48 0.64 1.02 0.8 0.94
0.54 -0.54 -0.5 -1.97 -0.83 2.05 -1.67 0.31 -2.01 -1.82 -0.04 1.7 1.18 -0.0600000000000001 -2 0.0650087957129888 0.140760344513494 1.73579559042201 -0.9776 -0.4864 1.044 -1.0736 0.1748 -0.9708 -0.9856 -0.0932 0.776 0.6444 -0.1048 -1.16 1.1776 0.2664 -1.154 0.8136 -0.1648 1.1308 0.9256 -0.00680000000000002 -1.036 -0.7044 -0.0552 1.05 1.01 0.35 -1.1 0.72 -0.25 1.07 0.84 0.02 -1.06 -0.66 -0.14 0.94
0.54 0.46 0.5 -1.97 2.17 2.05 0.33 -1.69 0.99 -1.82 -2.04 0.7 0.18 1.94 -2 0.873918029138155 0.21503019565601 0.300059062863525 -0.9776 1.1336 1.044 0.00640000000000002 -0.9052 0.6492 -0.9856 -1.1732 0.236 0.1044 0.9752 -1.16 -0.7924 0.8164 0.896 0.0636 -0.7748 0.5008 -0.8944 -0.9668 0.204 0.0156 0.8048 -0.95 -0.96 1.02 0.95 0.05 -0.94 0.56 -0.98 -1.02 0.14 0.02 0.8 -1.06
0.54 0.46 0.5 -1.97 2.17 1.05 -1.67 0.31 -2.01 1.18 0.96 -0.3 -1.82 -0.0600000000000001 0 0.307455446966976 1.29319633551069 0.0556210892286264 -0.9776 1.1336 0.504 -1.0736 0.1748 -0.9708 0.6344 0.4468 -0.304 -0.9756 -0.1048 -0.08 -0.7924 0.8164 0.436 -0.8564 0.1452 -0.8792 0.4856 0.4132 -0.256 -0.9044 -0.1152 -0.03 -0.96 1.02 0.45 -0.95 0.06 -0.94 0.52 0.48 -0.36 -0.98 -0.2 -0.06
-0.46 0.46 0.5 2.03 2.17 -0.95 -0.67 -1.69 -0.00999999999999979 2.18 -0.04 -2.3 2.18 0.94 -1 2.31661927607779 3.77049414624151 1.08506808417155 -0.8476 -1.0364 0.374 0.1364 0.7848 0.1192 -1.0056 -0.0532 0.916 -0.9956 -0.5048 0.38 1.0476 0.8164 -0.484 -0.3964 -0.7748 0.0408 0.9456 -0.0468 -1.176 0.9356 0.3448 -0.49 1.04 1.02 -0.55 -0.45 -0.94 0.06 1.02 -0.02 -1.36 1.02 0.3 -0.56
-0.46 0.46 -0.5 -1.97 0.17 -0.95 -1.67 -1.69 -0.00999999999999979 -1.82 -2.04 -0.3 1.18 -2.06 -2 0.85808746066775 0.750743878421534 1.71614120333456 0.9924 -0.1164 0.374 0.5964 0.7848 0.1192 0.8344 0.8668 -0.004 -0.5356 0.8752 0.84 -0.7924 -0.1036 -0.484 -0.8564 -0.7748 0.0408 -0.8944 -0.9668 -0.256 0.4756 -1.0352 -0.95 1.01 -0.15 0.4 0.72 0.75 0.07 0.84 1.02 -0.06 -0.66 0.86 0.94
-0.46 -0.54 -0.5 0.03 -1.83 -0.95 2.33 -0.69 0.99 0.18 -1.04 1.7 2.18 1.94 2 0.696267591058516 -0.222746390726947 1.19781336800685 0.0724 0.8036 0.374 -1.2436 0.3248 -0.3408 -0.0856 0.4068 -0.924 -0.9956 -0.9648 -1 0.0976 0.8064 0.466 -1.3464 0.3752 -0.4892 -0.1544 0.5332 -1.036 -1.2444 -1.1352 -1.11 0.01 0.85 0.4 -1.28 0.25 -0.43 -0.16 0.52 -1.06 -1.16 -1.14 -1.06
0.54 -0.54 0.5 -1.97 1.17 -1.95 0.33 0.31 1.99 -1.82 1.96 1.7 1.18 0.94 1 1.61268210601637 1.93638852839189 1.61985097078041 -0.9776 0.5936 -1.116 0.00640000000000002 0.1748 1.1892 -0.9856 0.9868 0.776 0.6444 0.4352 0.46 1.1776 -0.8136 1.006 -0.2664 -0.1648 -1.0292 0.9256 -1.0868 -1.036 -0.7044 -0.5952 -0.57 -0.96 0.52 -1.05 0.05 0.06 1.06 -0.98 0.98 0.64 0.52 0.3 0.44
0.54 0.46 0.5 0.03 -1.83 2.05 -1.67 2.31 0.99 -0.82 -0.04 0.7 2.18 1.94 2 0.550491778970987 0.936992283752303 0.68571613395189 0.1024 -1.0264 1.044 -1.0736 1.2548 0.6492 -0.4456 -0.0932 0.236 1.1844 0.9752 1 0.1276 -1.0236 0.896 -0.8564 1.0652 0.5008 -0.4344 -0.0468 0.204 0.9356 0.8048 0.89 0.04 -0.98 0.95 -0.95 1.06 0.56 -0.48 -0.02 0.14 1.02 0.8 0.94
-0.46 -0.54 -0.5 2.03 2.17 0.05 -1.67 -1.69 -0.00999999999999979 2.18 -0.04 -2.3 2.18 1.94 1 -1.68656684462859 -0.0688456789249056 1.81577230723991 -0.8476 -1.0364 -0.086 0.5964 0.7848 0.1192 -1.0056 -0.0532 0.916 -0.9956 -0.9648 -0.54 -0.9824 -1.3536 -0.074 0.8136 0.9152 0.0508 -1.2344 -0.00680000000000002 1.124 -1.2444 -1.1352 -0.57 -0.99 -1.15 -0.1 0.72 0.75 0.07 -1.16 0.02 0.94 -1.16 -1.14 -0.56
0.54 0.46 -0.5 2.03 2.17 0.05 2.33 1.31 -0.00999999999999979 -1.82 0.96 0.7 -0.82 -1.06 0 1.67547195416575 2.22251476409188 0.86813485598637 1.1824 1.1336 -0.036 1.0864 0.7148 0.1092 -0.9856 0.4468 0.236 -0.4356 -0.6448 -0.08 1.0476 0.8164 -0.0239999999999999 0.9836 0.6052 0.0408 -0.8944 0.4132 0.204 -0.4444 -0.5752 -0.03 -0.99 -1.15 -0.1 -1.28 -0.75 0.07 0.84 -0.48 -0.56 0.34 0.36 -0.06
-0.46 -0.54 -0.5 0.03 -1.83 -1.95 -1.67 -1.69 -2.01 -0.82 -2.04 -2.3 -0.82 -2.06 1 -1.31230931888567 -0.833907796285506 -0.923901155218594 0.0724 0.8036 0.834 0.5964 0.7848 1.0392 0.3744 0.8668 0.916 0.3844 0.8752 -0.54 0.0976 0.8064 1.006 0.8136 0.9152 1.1308 0.3856 1.0732 1.124 0.3756 1.0248 -0.57 0.01 0.85 0.9 0.72 0.75 1.07 0.34 1.02 0.94 0.34 0.86 -0.56
0.54 0.46 0.5 -1.97 1.17 -1.95 -1.67 1.31 -2.01 0.18 -0.04 -1.3 -1.82 -2.06 -1 -0.0297652647908812 -0.998220134429535 -0.193121498777669 -0.9776 0.5936 -1.116 -1.0736 0.7148 -0.9708 0.0944 -0.0932 -0.844 -0.9756 -1.1848 -0.62 -0.7924 0.3564 -0.944 -0.8564 0.6052 -0.8792 0.0256 -0.0468 -0.716 -0.9044 -1.0352 -0.49 -0.96 0.52 -1.05 -0.95 0.56 -0.94 0.02 -0.02 -0.86 -0.98 -1.2 -0.56
-0.46 0.46 -0.5 -0.97 1.17 2.05 0.33 -1.69 -0.00999999999999979 -1.82 -1.04 -2.3 -0.82 -0.0600000000000001 2 0.524223187334009 1.58819650742529 2.16821872452972 0.5324 -0.5764 -1.006 -0.3236 0.7848 0.1192 0.8344 0.4068 0.916 0.3844 -0.0448 -1 -0.3324 0.3564 0.896 0.0636 -0.7748 0.0408 -0.8944 -0.5068 -1.176 -0.4444 -0.1152 0.89 0.51 -0.65 -1.1 -0.28 0.75 0.07 0.84 0.52 0.94 0.34 -0.14 -1.06
0.54 0.46 0.5 0.03 2.17 -1.95 1.33 -0.69 -0.00999999999999979 1.18 -2.04 1.7 1.18 1.94 2 2.08000569804527 1.89185533161029 4.51960243251729 0.1024 1.1336 -1.116 0.5464 -0.3652 0.1092 0.6344 -1.1732 0.776 0.6444 0.9752 1 0.1276 0.8164 -0.944 0.5236 -0.3148 0.0408 0.4856 -0.9668 0.664 0.4756 0.8048 0.89 0.04 1.02 -1.05 0.55 -0.44 0.06 0.52 -1.02 0.64 0.52 0.8 0.94
-0.46 -0.54 -0.5 1.03 -1.83 -1.95 0.33 -1.69 0.99 2.18 1.96 -2.3 -0.82 -1.06 -2 -0.383929834948334 -1.28159336915693 -0.0897534988856754 -0.3876 0.8036 0.834 -0.3236 0.7848 -0.3408 -1.0056 -0.9732 0.916 0.3844 0.4152 0.84 -0.4424 0.8064 1.006 -0.2664 0.9152 -0.4892 -1.2344 -1.0868 1.124 0.3756 0.4848 1.05 -0.49 0.85 0.9 -0.28 0.75 -0.43 -1.16 -0.98 0.94 0.34 0.36 0.94
-0.46 -0.54 -0.5 2.03 2.17 -1.95 -1.67 1.31 0.99 0.18 -0.04 -1.3 -0.82 -0.0600000000000001 -1 1.70659178543056 1.58144787132288 -0.104799064623795 -0.8476 -1.0364 0.834 0.5964 -0.5952 -0.3408 -0.0856 -0.0532 0.456 0.3844 -0.0448 0.38 -0.9824 -1.3536 1.006 0.8136 -0.7048 -0.4892 -0.1544 -0.00680000000000002 0.584 0.3756 -0.0552 0.51 -0.99 -1.15 0.9 0.72 -0.75 -0.43 -0.16 0.02 0.44 0.34 -0.14 0.44
-0.46 0.46 -0.5 2.03 -0.83 0.05 1.33 -0.69 -2.01 1.18 -0.04 0.7 -1.82 1.94 0 -0.988422192315764 2.00016454936678 1.31032135206702 -0.8476 0.3436 -0.086 -0.7836 0.3248 1.0392 -0.5456 -0.0532 -0.464 0.8444 -0.9648 -0.08 1.0476 -0.5636 -0.0239999999999999 0.5236 -0.3148 -0.8792 0.4856 -0.0468 0.204 -0.9044 0.8048 -0.03 -0.99 0.35 -0.1 -0.78 0.25 1.07 -0.66 0.02 -0.56 0.84 -1.14 -0.06
-0.46 0.46 0.5 -1.97 -1.83 0.05 1.33 2.31 1.99 2.18 1.96 1.7 2.18 1.94 2 0.349336161266202 1.58706372947042 2.2245302134339 0.9924 0.8036 -0.086 -0.7836 -1.0552 -0.8008 -1.0056 -0.9732 -0.924 -0.9956 -0.9648 -1 -0.7924 -1.0236 -0.0239999999999999 0.5236 1.0652 0.9608 0.9456 0.8732 0.664 0.9356 0.8048 0.89 -0.96 -0.98 -0.05 0.55 1.06 1.06 1.02 0.98 0.64 1.02 0.8 0.94
0.54 0.46 0.5 1.03 1.17 2.05 0.33 1.31 0.99 0.18 0.96 1.7 0.18 1.94 1 0.384866278594121 -0.00494050413101166 1.68783287759021 0.6424 0.5936 1.044 0.00640000000000002 0.7148 0.6492 0.0944 0.4468 0.776 0.1044 0.9752 0.46 0.5876 0.3564 0.896 0.0636 0.6052 0.5008 0.0256 0.4132 0.664 0.0156 0.8048 0.43 0.54 0.52 0.95 0.05 0.56 0.56 0.02 0.48 0.64 0.02 0.8 0.44
-0.46 -0.54 -0.5 -0.97 0.17 2.05 -1.67 -1.69 -2.01 1.18 -2.04 -2.3 -1.82 -1.06 0 0.150044138352914 1.04040170111485 2.08060462927244 0.5324 -0.1164 -1.006 0.5964 0.7848 1.0392 -0.5456 0.8668 0.916 0.8444 0.4152 -0.08 0.6376 -0.2736 -1.154 0.8136 0.9152 1.1308 -0.6944 1.0732 1.124 0.9156 0.4848 -0.03 0.51 -0.15 -1.1 0.72 0.75 1.07 -0.66 1.02 0.94 0.84 0.36 -0.06
0.54 0.46 -0.5 -1.97 2.17 -0.95 0.33 -1.69 0.99 -1.82 -2.04 -1.3 -0.82 -2.06 -2 -0.226611452258489 3.2726610368229 2.64921909279832 -0.9776 1.1336 -0.576 0.00640000000000002 -0.9052 0.6492 -0.9856 -1.1732 -0.844 -0.4356 -1.1848 -1.16 -0.7924 0.8164 -0.484 0.0636 -0.7748 0.5008 -0.8944 -0.9668 -0.716 -0.4444 -1.0352 -0.95 1.01 -1.15 0.4 -0.28 0.75 -0.43 0.84 1.02 0.44 0.34 0.86 0.94
-0.46 0.46 -0.5 1.03 2.17 2.05 2.33 2.31 0.99 -1.82 -0.04 1.7 2.18 0.94 2 -0.504982858453252 0.851390014694047 1.06672043239147 -0.3876 -1.0364 -1.006 -1.2436 -1.0552 -0.3408 0.8344 -0.0532 -0.924 -0.9956 -0.5048 -1 0.5876 0.8164 0.896 0.9836 1.0652 0.5008 -0.8944 -0.0468 0.664 0.9356 0.3448 0.89 -0.49 -1.15 -1.1 -1.28 -1.25 -0.43 0.84 0.02 -1.06 -1.16 -0.64 -1.06
-0.46 -0.54 -0.5 1.03 -1.83 -1.95 -1.67 0.31 -2.01 0.18 1.96 -1.3 2.18 -2.06 -1 -0.376842069065532 -0.261971608958533 0.380850130117704 -0.3876 0.8036 0.834 0.5964 -0.1352 1.0392 -0.0856 -0.9732 0.456 -0.9956 0.8752 0.38 -0.4424 0.8064 1.006 0.8136 -0.1648 1.1308 -0.1544 -1.0868 0.584 -1.2444 1.0248 0.51 -0.49 0.85 0.9 0.72 -0.25 1.07 -0.16 -0.98 0.44 -1.16 0.86 0.44
-0.46 0.46 0.5 1.03 -0.83 -0.95 -1.67 0.31 0.99 -1.82 -2.04 0.7 -1.82 1.94 -2 0.706252037236124 -0.506402387926604 0.729447251452304 -0.3876 0.3436 0.374 0.5964 -0.1352 -0.3408 0.8344 0.8668 -0.464 0.8444 -0.9648 0.84 0.5876 -0.5636 -0.484 -0.8564 0.1452 0.5008 -0.8944 -0.9668 0.204 -0.9044 0.8048 -0.95 0.54 -0.48 -0.55 -0.95 0.06 0.56 -0.98 -1.02 0.14 -0.98 0.8 -1.06
-0.46 0.46 0.5 -1.97 2.17 0.05 0.33 -1.69 1.99 1.18 -2.04 -1.3 -0.82 -2.06 -2 1.47172783639263 1.52807889848278 0.601741863586756 0.9924 -1.0364 -0.086 -0.3236 0.7848 -0.8008 -0.5456 0.8668 0.456 0.3844 0.8752 0.84 -0.7924 0.8164 -0.0239999999999999 0.0636 -0.7748 0.9608 0.4856 -0.9668 -0.716 -0.4444 -1.0352 -0.95 -0.96 1.02 -0.05 0.05 -0.94 1.06 0.52 -1.02 -0.86 -0.48 -1.2 -1.06
-0.46 0.46 0.5 -0.97 -1.83 1.05 -0.67 2.31 1.99 1.18 -1.04 1.7 1.18 -1.06 1 0.801709697106824 3.0488399795783 1.062083262455 0.5324 0.8036 -0.546 0.1364 -1.0552 -0.8008 -0.5456 0.4068 -0.924 -0.5356 0.4152 -0.54 -0.3324 -1.0236 0.436 -0.3964 1.0652 0.9608 0.4856 -0.5068 0.664 0.4756 -0.5752 0.43 -0.46 -0.98 0.45 -0.45 1.06 1.06 0.52 -0.52 0.64 0.52 -0.7 0.44
-0.46 -0.54 -0.5 -1.97 -0.83 -1.95 2.33 2.31 -0.00999999999999979 1.18 0.96 0.7 1.18 -0.0600000000000001 1 1.17677821699881 -0.218646681405722 -0.943229052006006 0.9924 0.3436 0.834 -1.2436 -1.0552 0.1192 -0.5456 -0.5132 -0.464 -0.5356 -0.0448 -0.54 1.1776 0.2664 1.006 -1.3464 -1.2448 0.0508 -0.6944 -0.5468 -0.496 -0.7044 -0.0552 -0.57 1.01 0.35 0.9 -1.28 -1.25 0.07 -0.66 -0.48 -0.56 -0.66 -0.14 -0.56
-0.46 -0.54 0.5 1.03 1.17 2.05 -1.67 -0.69 -1.01 -1.82 -2.04 -2.3 -1.82 -2.06 -2 -0.245396255164223 0.250593767155814 -1.22157263663651 -0.3876 -0.5764 -1.006 0.5964 0.3248 0.5792 0.8344 0.8668 0.916 0.8444 0.8752 0.84 -0.4424 -0.8136 -1.154 0.8136 0.3752 0.5908 0.9256 1.0732 1.124 0.9156 1.0248 1.05 0.54 0.52 0.95 -0.95 -0.44 -0.44 -0.98 -1.02 -1.36 -0.98 -1.2 -1.06
0.54 0.46 0.5 0.03 -1.83 -1.95 2.33 1.31 1.99 2.18 1.96 1.7 1.18 0.94 2 1.56706343591285 3.1037076975077 1.33187780596091 0.1024 -1.0264 -1.116 1.0864 0.7148 1.1892 1.1744 0.9868 0.776 0.6444 0.4352 1 0.1276 -1.0236 -0.944 0.9836 0.6052 0.9608 0.9456 0.8732 0.664 0.4756 0.3448 0.89 0.04 -0.98 -1.05 1.05 0.56 1.06 1.02 0.98 0.64 0.52 0.3 0.94
0.54 0.46 0.5 2.03 0.17 1.05 1.33 -0.69 -2.01 -0.82 1.96 -2.3 -0.82 0.94 2 0.654974538190344 2.43298961456571 1.76158678186596 1.1824 0.0536 0.504 0.5464 -0.3652 -0.9708 -0.4456 0.9868 -1.384 -0.4356 0.4352 1 1.0476 -0.1036 0.436 0.5236 -0.3148 -0.8792 -0.4344 0.8732 -1.176 -0.4444 0.3448 0.89 1.04 0.02 0.45 0.55 -0.44 -0.94 -0.48 0.98 -1.36 -0.48 0.3 0.94
0.54 -0.54 0.5 0.03 -0.83 -0.95 -0.67 -0.69 -2.01 2.18 -0.04 0.7 1.18 1.94 2 1.98565534968855 2.36149172978807 2.08646139149914 0.1024 -0.4864 -0.576 -0.5336 -0.3652 -0.9708 1.1744 -0.0932 0.236 0.6444 0.9752 1 0.0976 0.2664 0.466 0.2736 0.3752 1.1308 -1.2344 -0.00680000000000002 -0.496 -0.7044 -1.1352 -1.11 0.04 -0.48 -0.55 -0.45 -0.44 -0.94 1.02 -0.02 0.14 0.52 0.8 0.94
0.54 0.46 0.5 0.03 -1.83 2.05 0.33 2.31 -2.01 -0.82 1.96 -2.3 1.18 1.94 2 1.76116528695608 1.15417928305748 2.27102553597068 0.1024 -1.0264 1.044 0.00640000000000002 1.2548 -0.9708 -0.4456 0.9868 -1.384 0.6444 0.9752 1 0.1276 -1.0236 0.896 0.0636 1.0652 -0.8792 -0.4344 0.8732 -1.176 0.4756 0.8048 0.89 0.04 -0.98 0.95 0.05 1.06 -0.94 -0.48 0.98 -1.36 0.52 0.8 0.94
0.54 -0.54 0.5 -1.97 -0.83 -0.95 -1.67 -0.69 0.99 -0.82 -2.04 -2.3 0.18 -0.0600000000000001 1 -0.069162143669224 -0.586533125181054 -0.287880628055973 -0.9776 -0.4864 -0.576 -1.0736 -0.3652 0.6492 -0.4456 -1.1732 -1.384 0.1044 -0.1048 0.46 1.1776 0.2664 0.466 0.8136 0.3752 -0.4892 0.3856 1.0732 1.124 -0.1644 -0.0552 -0.57 -0.96 -0.48 -0.55 -0.95 -0.44 0.56 -0.48 -1.02 -1.36 0.02 -0.2 0.44
0.54 0.46 0.5 2.03 -0.83 2.05 1.33 -1.69 -2.01 -1.82 0.96 1.7 -1.82 1.94 -1 0.124984917257503 0.588309925579171 0.456193436767175 1.1824 -0.4864 1.044 0.5464 -0.9052 -0.9708 -0.9856 0.4468 0.776 -0.9756 0.9752 -0.62 1.0476 -0.5636 0.896 0.5236 -0.7748 -0.8792 -0.8944 0.4132 0.664 -0.9044 0.8048 -0.49 1.04 -0.48 0.95 0.55 -0.94 -0.94 -0.98 0.48 0.64 -0.98 0.8 -0.56
-0.46 0.46 -0.5 -1.97 -1.83 2.05 0.33 0.31 1.99 -0.82 1.96 -1.3 0.18 1.94 0 1.65612051300817 1.14608654438968 1.5538792317262 0.9924 0.8036 -1.006 -0.3236 -0.1352 -0.8008 0.3744 -0.9732 0.456 -0.0756 -0.9648 -0.08 -0.7924 -1.0236 0.896 0.0636 0.1452 0.9608 -0.4344 0.8732 -0.716 0.0156 0.8048 -0.03 1.01 0.85 -1.1 -0.28 -0.25 -0.93 0.34 -0.98 0.44 -0.16 -1.14 -0.06
-0.46 0.46 0.5 -1.97 2.17 1.05 0.33 1.31 -0.00999999999999979 -1.82 -2.04 -0.3 0.18 -0.0600000000000001 -2 -0.20223789143941 -0.595070630747486 1.3279821474391 0.9924 -1.0364 -0.546 -0.3236 -0.5952 0.1192 0.8344 0.8668 -0.004 -0.0756 -0.0448 0.84 -0.7924 0.8164 0.436 0.0636 0.6052 0.0408 -0.8944 -0.9668 -0.256 0.0156 -0.1152 -0.95 -0.96 1.02 0.45 0.05 0.56 0.06 -0.98 -1.02 -0.36 0.02 -0.2 -1.06
-0.46 -0.54 -0.5 -1.97 -1.83 -0.95 0.33 2.31 1.99 -0.82 -1.04 0.7 2.18 0.94 2 0.247114219063614 1.27090634200213 1.17735179269995 0.9924 0.8036 0.374 -0.3236 -1.0552 -0.8008 0.3744 0.4068 -0.464 -0.9956 -0.5048 -1 1.1776 0.8064 0.466 -0.2664 -1.2448 -1.0292 0.3856 0.5332 -0.496 -1.2444 -0.5952 -1.11 1.01 0.85 0.4 -0.28 -1.25 -0.93 0.34 0.52 -0.56 -1.16 -0.64 -1.06
0.54 -0.54 -0.5 0.03 -1.83 -1.95 -0.67 -1.69 -2.01 1.18 -2.04 -2.3 -1.82 -2.06 -2 0.227102355367802 1.52911268057171 0.0684217816139363 0.1024 -1.0264 -1.116 -0.5336 -0.9052 -0.9708 0.6344 -1.1732 -1.384 -0.9756 -1.1848 -1.16 0.0976 0.8064 1.006 0.2736 0.9152 1.1308 -0.6944 1.0732 1.124 0.9156 1.0248 1.05 0.01 0.85 0.9 0.22 0.75 1.07 -0.66 1.02 0.94 0.84 0.86 0.94
-0.46 -0.54 -0.5 2.03 0.17 -1.95 -1.67 0.31 -2.01 -1.82 0.96 -0.3 -1.82 -2.06 -2 -0.952451723545674 0.131316272102446 -1.01725926072701 -0.8476 -0.1164 0.834 0.5964 -0.1352 1.0392 0.8344 -0.5132 -0.004 0.8444 0.8752 0.84 -0.9824 -0.2736 1.006 0.8136 -0.1648 1.1308 0.9256 -0.5468 0.044 0.9156 1.0248 1.05 -0.99 -0.15 0.9 0.72 -0.25 1.07 0.84 -0.48 -0.06 0.84 0.86 0.94
-0.46 -0.54 -0.5 1.03 -0.83 1.05 2.33 -0.69 -0.00999999999999979 0.18 -0.04 1.7 -1.82 -2.06 -2 1.38578103999791 0.889325096685413 1.24543055624881 -0.3876 0.3436 -0.546 -1.2436 0.3248 0.1192 -0.0856 -0.0532 -0.924 0.8444 0.8752 0.84 -0.4424 0.2664 -0.614 -1.3464 0.3752 0.0508 -0.1544 -0.00680000000000002 -1.036 0.9156 1.0248 1.05 -0.49 0.35 -0.6 -1.28 0.25 0.07 -0.16 0.02 -1.06 0.84 0.86 0.94
0.54 -0.54 -0.5 1.03 -0.83 -0.95 1.33 -1.69 -1.01 -1.82 -2.04 1.7 -1.82 -2.06 0 -0.518830754225984 -0.81348510427884 -1.33889184054205 0.6424 -0.4864 -0.576 0.5464 -0.9052 -0.4308 -0.9856 -1.1732 0.776 -0.9756 -1.1848 -0.08 -0.4424 0.2664 0.466 -0.8064 0.9152 0.5908 0.9256 1.0732 -1.036 0.9156 1.0248 -0.03 -0.49 0.35 0.4 -0.78 0.75 0.57 0.84 1.02 -1.06 0.84 0.86 -0.06
0.54 0.46 -0.5 -1.97 2.17 2.05 -0.67 -0.69 -2.01 0.18 0.96 -2.3 -1.82 -0.0600000000000001 -2 1.29959448371655 0.238201539626264 -0.212609341820073 -0.9776 1.1336 1.044 -0.5336 -0.3652 -0.9708 0.0944 0.4468 -1.384 -0.9756 -0.1048 -1.16 -0.7924 0.8164 0.896 -0.3964 -0.3148 -0.8792 0.0256 0.4132 -1.176 -0.9044 -0.1152 -0.95 1.01 -1.15 -1.1 0.22 0.25 1.07 -0.16 -0.48 0.94 0.84 -0.14 0.94
0.54 0.46 0.5 2.03 -1.83 -1.95 -0.67 -1.69 -0.00999999999999979 1.18 0.96 1.7 -1.82 -0.0600000000000001 -2 0.556294833558303 0.37527644195631 2.02359863793876 1.1824 -1.0264 -1.116 -0.5336 -0.9052 0.1092 0.6344 0.4468 0.776 -0.9756 -0.1048 -1.16 1.0476 -1.0236 -0.944 -0.3964 -0.7748 0.0408 0.4856 0.4132 0.664 -0.9044 -0.1152 -0.95 1.04 -0.98 -1.05 -0.45 -0.94 0.06 0.52 0.48 0.64 -0.98 -0.2 -1.06
0.54 -0.54 0.5 2.03 2.17 -1.95 0.33 2.31 0.99 -1.82 1.96 -0.3 0.18 1.94 0 -0.0671545776881766 1.57937405210734 1.25703370689864 1.1824 1.1336 -1.116 0.00640000000000002 1.2548 0.6492 -0.9856 0.9868 -0.304 0.1044 0.9752 -0.08 -0.9824 -1.3536 1.006 -0.2664 -1.2448 -0.4892 0.9256 -1.0868 0.044 -0.1644 -1.1352 -0.03 1.04 1.02 -1.05 0.05 1.06 0.56 -0.98 0.98 -0.36 0.02 0.8 -0.06
0.54 0.46 0.5 -1.97 2.17 -1.95 2.33 -1.69 -2.01 -0.82 0.96 -0.3 -1.82 -1.06 -2 1.47227685290928 2.16282617290793 1.60394608492592 -0.9776 1.1336 -1.116 1.0864 -0.9052 -0.9708 -0.4456 0.4468 -0.304 -0.9756 -0.6448 -1.16 -0.7924 0.8164 -0.944 0.9836 -0.7748 -0.8792 -0.4344 0.4132 -0.256 -0.9044 -0.5752 -0.95 -0.96 1.02 -1.05 1.05 -0.94 -0.94 -0.48 0.48 -0.36 -0.98 -0.7 -1.06
0.54 -0.54 0.5 -1.97 1.17 1.05 2.33 0.31 1.99 -1.82 -1.04 0.7 -0.82 0.94 0 0.392149891467839 1.41122337493285 1.85148254222339 -0.9776 0.5936 0.504 1.0864 0.1748 1.1892 -0.9856 -0.6332 0.236 -0.4356 0.4352 -0.08 1.1776 -0.8136 -0.614 -1.3464 -0.1648 -1.0292 0.9256 0.5332 -0.496 0.3756 -0.5952 -0.03 -0.96 0.52 0.45 1.05 0.06 1.06 -0.98 -0.52 0.14 -0.48 0.3 -0.06
-0.46 0.46 -0.5 0.03 1.17 -0.95 -1.67 2.31 0.99 2.18 -0.04 1.7 1.18 1.94 2 1.87560140976264 1.26133286361709 1.35974196023834 0.0724 -0.5764 0.374 0.5964 -1.0552 -0.3408 -1.0056 -0.0532 -0.924 -0.5356 -0.9648 -1 0.1276 0.3564 -0.484 -0.8564 1.0652 0.5008 0.9456 -0.0468 0.664 0.4756 0.8048 0.89 0.01 -0.65 0.4 0.72 -1.25 -0.43 -1.16 0.02 -1.06 -0.66 -1.14 -1.06
-0.46 -0.54 -0.5 2.03 -0.83 -1.95 -1.67 2.31 -2.01 -0.82 -0.04 -2.3 -1.82 -2.06 0 1.04692300451665 1.26082914239091 1.1871336340956 -0.8476 0.3436 0.834 0.5964 -1.0552 1.0392 0.3744 -0.0532 0.916 0.8444 0.8752 -0.08 -0.9824 0.2664 1.006 0.8136 -1.2448 1.1308 0.3856 -0.00680000000000002 1.124 0.9156 1.0248 -0.03 -0.99 0.35 0.9 0.72 -1.25 1.07 0.34 0.02 0.94 0.84 0.86 -0.06
-0.46 0.46 -0.5 2.03 -0.83 -1.95 -1.67 1.31 -0.00999999999999979 0.18 1.96 1.7 0.18 -0.0600000000000001 0 1.38575152124462 0.368391120633483 1.65813948691286 -0.8476 0.3436 0.834 0.5964 -0.5952 0.1192 -0.0856 -0.9732 -0.924 -0.0756 -0.0448 -0.08 1.0476 -0.5636 -0.944 -0.8564 0.6052 0.0408 0.0256 0.8732 0.664 0.0156 -0.1152 -0.03 -0.99 0.35 0.9 0.72 -0.75 0.07 -0.16 -0.98 -1.06 -0.16 -0.14 -0.06
-0.46 0.46 0.5 0.03 -0.83 2.05 1.33 -1.69 -2.01 2.18 -0.04 0.7 1.18 1.94 -1 1.19713660517 0.969215555529149 1.71759499841553 0.0724 0.3436 -1.006 -0.7836 0.7848 1.0392 -1.0056 -0.0532 -0.464 -0.5356 -0.9648 0.38 0.1276 -0.5636 0.896 0.5236 -0.7748 -0.8792 0.9456 -0.0468 0.204 0.4756 0.8048 -0.49 0.04 -0.48 0.95 0.55 -0.94 -0.94 1.02 -0.02 0.14 0.52 0.8 -0.56
-0.46 0.46 0.5 2.03 -1.83 0.05 2.33 2.31 -2.01 2.18 -1.04 1.7 -0.82 -1.06 2 0.335724191445654 0.078889615625182 1.1739068168523 -0.8476 0.8036 -0.086 -1.2436 -1.0552 1.0392 -1.0056 0.4068 -0.924 0.3844 0.4152 -1 1.0476 -1.0236 -0.0239999999999999 0.9836 1.0652 -0.8792 0.9456 -0.5068 0.664 -0.4444 -0.5752 0.89 1.04 -0.98 -0.05 1.05 1.06 -0.94 1.02 -0.52 0.64 -0.48 -0.7 0.94
0.54 0.46 0.5 -0.97 2.17 -0.95 -1.67 2.31 -2.01 2.18 0.96 1.7 1.18 -1.06 0 0.707161587848537 0.880009134006183 1.18032348071392 -0.4376 1.1336 -0.576 -1.0736 1.2548 -0.9708 1.1744 0.4468 0.776 0.6444 -0.6448 -0.08 -0.3324 0.8164 -0.484 -0.8564 1.0652 -0.8792 0.9456 0.4132 0.664 0.4756 -0.5752 -0.03 -0.46 1.02 -0.55 -0.95 1.06 -0.94 1.02 0.48 0.64 0.52 -0.7 -0.06
-0.46 -0.54 -0.5 2.03 1.17 1.05 2.33 0.31 1.99 -0.82 -0.04 1.7 0.18 -0.0600000000000001 0 0.159545866144375 -0.257813768120842 0.514601719477893 -0.8476 -0.5764 -0.546 -1.2436 -0.1352 -0.8008 0.3744 -0.0532 -0.924 -0.0756 -0.0448 -0.08 -0.9824 -0.8136 -0.614 -1.3464 -0.1648 -1.0292 0.3856 -0.00680000000000002 -1.036 -0.1644 -0.0552 -0.03 -0.99 -0.65 -0.6 -1.28 -0.25 -0.93 0.34 0.02 -1.06 -0.16 -0.14 -0.06
0.54 -0.54 0.5 1.03 -1.83 -0.95 -0.67 1.31 1.99 -1.82 -1.04 0.7 1.18 -1.06 -2 1.00925209635214 0.34105048064184 2.02833580942287 0.6424 -1.0264 -0.576 -0.5336 0.7148 1.1892 -0.9856 -0.6332 0.236 0.6444 -0.6448 -1.16 -0.4424 0.8064 0.466 0.2736 -0.7048 -1.0292 0.9256 0.5332 -0.496 -0.7044 0.4848 1.05 0.54 -0.98 -0.55 -0.45 0.56 1.06 -0.98 -0.52 0.14 0.52 -0.7 -1.06
-0.46 0.46 -0.5 -0.97 -1.83 -1.95 -1.67 1.31 -1.01 -1.82 1.96 0.7 1.18 -2.06 -1 0.944400017495692 -0.358882879931675 0.476368578162648 0.5324 0.8036 0.834 0.5964 -0.5952 0.5792 0.8344 -0.9732 -0.464 -0.5356 0.8752 0.38 -0.3324 -1.0236 -0.944 -0.8564 0.6052 -0.4192 -0.8944 0.8732 0.204 0.4756 -1.0352 -0.49 0.51 0.85 0.9 0.72 -0.75 0.57 0.84 -0.98 -0.56 -0.66 0.86 0.44
-0.46 -0.54 -0.5 0.03 -1.83 -1.95 -0.67 -1.69 -2.01 1.18 1.96 -1.3 -0.82 -1.06 -1 1.66086160673095 1.78600747384518 0.9296188937814 0.0724 0.8036 0.834 0.1364 0.7848 1.0392 -0.5456 -0.9732 0.456 0.3844 0.4152 0.38 0.0976 0.8064 1.006 0.2736 0.9152 1.1308 -0.6944 -1.0868 0.584 0.3756 0.4848 0.51 0.01 0.85 0.9 0.22 0.75 1.07 -0.66 -0.98 0.44 0.34 0.36 0.44
-0.46 -0.54 -0.5 -1.97 2.17 2.05 2.33 -0.69 1.99 1.18 0.96 -0.3 2.18 1.94 -1 0.558731896407416 -0.958100170103575 -1.31390453302959 0.9924 -1.0364 -1.006 -1.2436 0.3248 -0.8008 -0.5456 -0.5132 -0.004 -0.9956 -0.9648 0.38 1.1776 -1.3536 -1.154 -1.3464 0.3752 -1.0292 -0.6944 -0.5468 0.044 -1.2444 -1.1352 0.51 1.01 -1.15 -1.1 -1.28 0.25 -0.93 -0.66 -0.48 -0.06 -1.16 -1.14 0.44
0.54 -0.54 0.5 1.03 2.17 2.05 -1.67 0.31 -1.01 -0.82 0.96 -1.3 1.18 1.94 0 0.617734652985648 0.560428796351939 0.42909062750785 0.6424 1.1336 1.044 -1.0736 0.1748 -0.4308 -0.4456 0.4468 -0.844 0.6444 0.9752 -0.08 -0.4424 -1.3536 -1.154 0.8136 -0.1648 0.5908 0.3856 -0.5468 0.584 -0.7044 -1.1352 -0.03 0.54 1.02 0.95 -0.95 0.06 -0.44 -0.48 0.48 -0.86 0.52 0.8 -0.06
-0.46 -0.54 -0.5 1.03 2.17 -0.95 -1.67 -1.69 0.99 -1.82 -0.04 -0.3 -1.82 0.94 -1 0.685986485751109 0.868347504836155 1.88710246136181 -0.3876 -1.0364 0.374 0.5964 0.7848 -0.3408 0.8344 -0.0532 -0.004 0.8444 -0.5048 0.38 -0.4424 -1.3536 0.466 0.8136 0.9152 -0.4892 0.9256 -0.00680000000000002 0.044 0.9156 -0.5952 0.51 -0.49 -1.15 0.4 0.72 0.75 -0.43 0.84 0.02 -0.06 0.84 -0.64 0.44
-0.46 0.46 0.5 2.03 2.17 2.05 2.33 1.31 1.99 0.18 0.96 1.7 2.18 1.94 2 -0.608297471958018 0.646915041991224 2.06078590706453 -0.8476 -1.0364 -1.006 -1.2436 -0.5952 -0.8008 -0.0856 -0.5132 -0.924 -0.9956 -0.9648 -1 1.0476 0.8164 0.896 0.9836 0.6052 0.9608 0.0256 0.4132 0.664 0.9356 0.8048 0.89 1.04 1.02 0.95 1.05 0.56 1.06 0.02 0.48 0.64 1.02 0.8 0.94
-0.46 -0.54 -0.5 -1.97 2.17 0.05 -1.67 1.31 1.99 -1.82 -2.04 0.7 -1.82 -0.0600000000000001 1 0.136852741637815 -1.66511493564374 -0.368454053673347 0.9924 -1.0364 -0.086 0.5964 -0.5952 -0.8008 0.8344 0.8668 -0.464 0.8444 -0.0448 -0.54 1.1776 -1.3536 -0.074 0.8136 -0.7048 -1.0292 0.9256 1.0732 -0.496 0.9156 -0.0552 -0.57 1.01 -1.15 -0.1 0.72 -0.75 -0.93 0.84 1.02 -0.56 0.84 -0.14 -0.56
0.54 -0.54 0.5 -1.97 -0.83 0.05 2.33 -0.69 -2.01 1.18 1.96 1.7 -1.82 -0.0600000000000001 -2 1.50353664672597 0.594346859424689 2.92481035889814 -0.9776 -0.4864 -0.036 1.0864 -0.3652 -0.9708 0.6344 0.9868 0.776 -0.9756 -0.1048 -1.16 1.1776 0.2664 -0.074 -1.3464 0.3752 1.1308 -0.6944 -1.0868 -1.036 0.9156 -0.0552 1.05 -0.96 -0.48 -0.05 1.05 -0.44 -0.94 0.52 0.98 0.64 -0.98 -0.2 -1.06
0.54 -0.54 -0.5 1.03 -1.83 1.05 1.33 -1.69 0.99 1.18 1.96 0.7 1.18 1.94 2 -0.339620955560969 -0.93351589601489 -2.01217915627827 0.6424 -1.0264 0.504 0.5464 -0.9052 0.6492 0.6344 0.9868 0.236 0.6444 0.9752 1 -0.4424 0.8064 -0.614 -0.8064 0.9152 -0.4892 -0.6944 -1.0868 -0.496 -0.7044 -1.1352 -1.11 -0.49 0.85 -0.6 -0.78 0.75 -0.43 -0.66 -0.98 -0.56 -0.66 -1.14 -1.06
-0.46 0.46 0.5 -0.97 -1.83 -1.95 0.33 -1.69 -0.00999999999999979 -0.82 -1.04 1.7 -1.82 1.94 1 1.92734343187142 0.949176239598436 0.775586523833281 0.5324 0.8036 0.834 -0.3236 0.7848 0.1192 0.3744 0.4068 -0.924 0.8444 -0.9648 -0.54 -0.3324 -1.0236 -0.944 0.0636 -0.7748 0.0408 -0.4344 -0.5068 0.664 -0.9044 0.8048 0.43 -0.46 -0.98 -1.05 0.05 -0.94 0.06 -0.48 -0.52 0.64 -0.98 0.8 0.44
-0.46 -0.54 0.5 2.03 1.17 2.05 -1.67 2.31 -2.01 1.18 -1.04 0.7 1.18 -2.06 -1 0.205957025729444 0.453421094293036 0.641172475524164 -0.8476 -0.5764 -1.006 0.5964 -1.0552 1.0392 -0.5456 0.4068 -0.464 -0.5356 0.8752 0.38 -0.9824 -0.8136 -1.154 0.8136 -1.2448 1.1308 -0.6944 0.5332 -0.496 -0.7044 1.0248 0.51 1.04 0.52 0.95 -0.95 1.06 -0.94 0.52 -0.52 0.14 0.52 -1.2 -0.56
-0.46 0.46 -0.5 -1.97 0.17 2.05 -1.67 -1.69 1.99 1.18 1.96 -1.3 -1.82 -0.0600000000000001 0 0.993048439381175 0.862451891335312 1.07858444467965 0.9924 -0.1164 -1.006 0.5964 0.7848 -0.8008 -0.5456 -0.9732 0.456 0.8444 -0.0448 -0.08 -0.7924 -0.1036 0.896 -0.8564 -0.7748 0.9608 0.4856 0.8732 -0.716 -0.9044 -0.1152 -0.03 1.01 -0.15 -1.1 0.72 0.75 -0.93 -0.66 -0.98 0.44 0.84 -0.14 -0.06
0.54 0.46 0.5 -0.97 -1.83 2.05 0.33 -0.69 -0.00999999999999979 0.18 -2.04 0.7 0.18 -0.0600000000000001 1 -1.31543074822271 0.172488538419691 0.204150853964875 -0.4376 -1.0264 1.044 0.00640000000000002 -0.3652 0.1092 0.0944 -1.1732 0.236 0.1044 -0.1048 0.46 -0.3324 -1.0236 0.896 0.0636 -0.3148 0.0408 0.0256 -0.9668 0.204 0.0156 -0.1152 0.43 -0.46 -0.98 0.95 0.05 -0.44 0.06 0.02 -1.02 0.14 0.02 -0.2 0.44
0.54 0.46 0.5 -0.97 2.17 0.05 0.33 1.31 1.99 1.18 -1.04 1.7 0.18 1.94 0 1.00633132643054 0.969018771167785 1.59069439581416 -0.4376 1.1336 -0.036 0.00640000000000002 0.7148 1.1892 0.6344 -0.6332 0.776 0.1044 0.9752 -0.08 -0.3324 0.8164 -0.0239999999999999 0.0636 0.6052 0.9608 0.4856 -0.5068 0.664 0.0156 0.8048 -0.03 -0.46 1.02 -0.05 0.05 0.56 1.06 0.52 -0.52 0.64 0.02 0.8 -0.06
-0.46 0.46 -0.5 -0.97 2.17 1.05 -0.67 -1.69 1.99 0.18 -0.04 1.7 1.18 1.94 0 1.17815004289631 1.55502654585973 2.0071298190676 0.5324 -1.0364 -0.546 0.1364 0.7848 -0.8008 -0.0856 -0.0532 -0.924 -0.5356 -0.9648 -0.08 -0.3324 0.8164 0.436 -0.3964 -0.7748 0.9608 0.0256 -0.0468 0.664 0.4756 0.8048 -0.03 0.51 -1.15 -0.6 0.22 0.75 -0.93 -0.16 0.02 -1.06 -0.66 -1.14 -0.06
0.54 0.46 0.5 -1.97 -0.83 -0.95 -1.67 -1.69 -0.00999999999999979 -1.82 -1.04 -1.3 -1.82 -2.06 -2 1.21614042433042 1.9549650137976 2.29397679090683 -0.9776 -0.4864 -0.576 -1.0736 -0.9052 0.1092 -0.9856 -0.6332 -0.844 -0.9756 -1.1848 -1.16 -0.7924 -0.5636 -0.484 -0.8564 -0.7748 0.0408 -0.8944 -0.5068 -0.716 -0.9044 -1.0352 -0.95 -0.96 -0.48 -0.55 -0.95 -0.94 0.06 -0.98 -0.52 -0.86 -0.98 -1.2 -1.06
0.54 0.46 0.5 -1.97 -0.83 -1.95 2.33 -0.69 -2.01 2.18 1.96 1.7 1.18 -0.0600000000000001 2 0.555961421052816 0.142115842129866 0.960730544924214 -0.9776 -0.4864 -1.116 1.0864 -0.3652 -0.9708 1.1744 0.9868 0.776 0.6444 -0.1048 1 -0.7924 -0.5636 -0.944 0.9836 -0.3148 -0.8792 0.9456 0.8732 0.664 0.4756 -0.1152 0.89 -0.96 -0.48 -1.05 1.05 -0.44 -0.94 1.02 0.98 0.64 0.52 -0.2 0.94
-0.46 -0.54 0.5 2.03 -1.83 2.05 -1.67 0.31 1.99 1.18 -1.04 1.7 -0.82 1.94 1 2.25648798449035 1.93903731851512 1.93124008775193 -0.8476 0.8036 -1.006 0.5964 -0.1352 -0.8008 -0.5456 0.4068 -0.924 0.3844 -0.9648 -0.54 -0.9824 0.8064 -1.154 0.8136 -0.1648 -1.0292 -0.6944 0.5332 -1.036 0.3756 -1.1352 -0.57 1.04 -0.98 0.95 -0.95 0.06 1.06 0.52 -0.52 0.64 -0.48 0.8 0.44
-0.46 -0.54 -0.5 -0.97 -1.83 -1.95 -0.67 -0.69 1.99 0.18 1.96 -2.3 0.18 0.94 2 0.125322825470589 0.519926534161713 0.410369042103483 0.5324 0.8036 0.834 0.1364 0.3248 -0.8008 -0.0856 -0.9732 0.916 -0.0756 -0.5048 -1 0.6376 0.8064 1.006 0.2736 0.3752 -1.0292 -0.1544 -1.0868 1.124 -0.1644 -0.5952 -1.11 0.51 0.85 0.9 0.22 0.25 -0.93 -0.16 -0.98 0.94 -0.16 -0.64 -1.06
0.54 -0.54 -0.5 0.03 -0.83 2.05 -0.67 -0.69 -2.01 1.18 -2.04 -1.3 -1.82 -2.06 2 1.67079250250169 1.12255977784373 2.03777286892676 0.1024 -0.4864 1.044 -0.5336 -0.3652 -0.9708 0.6344 -1.1732 -0.844 -0.9756 -1.1848 1 0.0976 0.2664 -1.154 0.2736 0.3752 1.1308 -0.6944 1.0732 0.584 0.9156 1.0248 -1.11 0.01 0.35 -1.1 0.22 0.25 1.07 -0.66 1.02 0.44 0.84 0.86 -1.06
-0.46 -0.54 -0.5 0.03 -1.83 1.05 -1.67 -0.69 -0.00999999999999979 1.18 0.96 -1.3 -1.82 -1.06 -1 -0.269119447051743 0.907213316914978 0.240075951300284 0.0724 0.8036 -0.546 0.5964 0.3248 0.1192 -0.5456 -0.5132 0.456 0.8444 0.4152 0.38 0.0976 0.8064 -0.614 0.8136 0.3752 0.0508 -0.6944 -0.5468 0.584 0.9156 0.4848 0.51 0.01 0.85 -0.6 0.72 0.25 0.07 -0.66 -0.48 0.44 0.84 0.36 0.44
0.54 0.46 0.5 -1.97 -1.83 2.05 0.33 -0.69 -0.00999999999999979 -1.82 -0.04 -0.3 -1.82 -2.06 -1 -0.611965964969297 -0.0471004296169293 0.57858696889031 -0.9776 -1.0264 1.044 0.00640000000000002 -0.3652 0.1092 -0.9856 -0.0932 -0.304 -0.9756 -1.1848 -0.62 -0.7924 -1.0236 0.896 0.0636 -0.3148 0.0408 -0.8944 -0.0468 -0.256 -0.9044 -1.0352 -0.49 -0.96 -0.98 0.95 0.05 -0.44 0.06 -0.98 -0.02 -0.36 -0.98 -1.2 -0.56
0.54 0.46 0.5 -0.97 1.17 -0.95 1.33 0.31 -2.01 1.18 0.96 1.7 1.18 -1.06 -1 1.08509686985127 1.1184248030733 0.825073919563738 -0.4376 0.5936 -0.576 0.5464 0.1748 -0.9708 0.6344 0.4468 0.776 0.6444 -0.6448 -0.62 -0.3324 0.3564 -0.484 0.5236 0.1452 -0.8792 0.4856 0.4132 0.664 0.4756 -0.5752 -0.49 -0.46 0.52 -0.55 0.55 0.06 -0.94 0.52 0.48 0.64 0.52 -0.7 -0.56
0.54 -0.54 0.5 2.03 -1.83 0.05 -0.67 1.31 -2.01 1.18 -1.04 1.7 -0.82 1.94 2 0.455346957535029 1.25625405080134 1.70509331310795 1.1824 -1.0264 -0.036 -0.5336 0.7148 -0.9708 0.6344 -0.6332 0.776 -0.4356 0.9752 1 -0.9824 0.8064 -0.074 0.2736 -0.7048 1.1308 -0.6944 0.5332 -1.036 0.3756 -1.1352 -1.11 1.04 -0.98 -0.05 -0.45 0.56 -0.94 0.52 -0.52 0.64 -0.48 0.8 0.94
0.54 0.46 -0.5 0.03 -1.83 0.05 0.33 0.31 1.99 2.18 0.96 1.7 2.18 -1.06 2 0.0820400758057815 1.25447151251041 2.61905682510104 0.1024 -1.0264 -0.036 0.00640000000000002 0.1748 1.1892 1.1744 0.4468 0.776 1.1844 -0.6448 1 0.1276 -1.0236 -0.0239999999999999 0.0636 0.1452 0.9608 0.9456 0.4132 0.664 0.9356 -0.5752 0.89 0.01 0.85 -0.1 -0.28 -0.25 -0.93 -1.16 -0.48 -1.06 -1.16 0.36 -1.06
-0.46 0.46 -0.5 -1.97 2.17 0.05 -1.67 -1.69 -2.01 -1.82 -2.04 -2.3 -1.82 -1.06 -2 1.0327456013527 1.62559204373908 1.74342586430506 0.9924 -1.0364 -0.086 0.5964 0.7848 1.0392 0.8344 0.8668 0.916 0.8444 0.4152 0.84 -0.7924 0.8164 -0.0239999999999999 -0.8564 -0.7748 -0.8792 -0.8944 -0.9668 -1.176 -0.9044 -0.5752 -0.95 1.01 -1.15 -0.1 0.72 0.75 1.07 0.84 1.02 0.94 0.84 0.36 0.94
-0.46 -0.54 -0.5 2.03 -1.83 1.05 -0.67 -0.69 -0.00999999999999979 1.18 -0.04 -0.3 -1.82 -1.06 -1 0.334275661089816 0.881524917713257 0.715373533534158 -0.8476 0.8036 -0.546 0.1364 0.3248 0.1192 -0.5456 -0.0532 -0.004 0.8444 0.4152 0.38 -0.9824 0.8064 -0.614 0.2736 0.3752 0.0508 -0.6944 -0.00680000000000002 0.044 0.9156 0.4848 0.51 -0.99 0.85 -0.6 0.22 0.25 0.07 -0.66 0.02 -0.06 0.84 0.36 0.44
-0.46 -0.54 -0.5 0.03 2.17 2.05 -1.67 -0.69 1.99 -1.82 -2.04 -1.3 -1.82 -1.06 -2 -0.349336642409645 -0.277366722808561 0.30443525370974 0.0724 -1.0364 -1.006 0.5964 0.3248 -0.8008 0.8344 0.8668 0.456 0.8444 0.4152 0.84 0.0976 -1.3536 -1.154 0.8136 0.3752 -1.0292 0.9256 1.0732 0.584 0.9156 0.4848 1.05 0.01 -1.15 -1.1 0.72 0.25 -0.93 0.84 1.02 0.44 0.84 0.36 0.94
-0.46 -0.54 -0.5 -0.97 -1.83 -1.95 -1.67 -1.69 1.99 0.18 0.96 0.7 0.18 -1.06 -1 0.702210015172668 -0.0421805792231875 1.16533989918821 0.5324 0.8036 0.834 0.5964 0.7848 -0.8008 -0.0856 -0.5132 -0.464 -0.0756 0.4152 0.38 0.6376 0.8064 1.006 0.8136 0.9152 -1.0292 -0.1544 -0.5468 -0.496 -0.1644 0.4848 0.51 0.51 0.85 0.9 0.72 0.75 -0.93 -0.16 -0.48 -0.56 -0.16 0.36 0.44
0.54 0.46 0.5 2.03 2.17 2.05 2.33 -1.69 1.99 2.18 -0.04 1.7 2.18 1.94 2 1.69291732277849 2.07555014972974 2.39762345276211 1.1824 1.1336 1.044 1.0864 -0.9052 1.1892 1.1744 -0.0932 0.776 1.1844 0.9752 1 1.0476 0.8164 0.896 0.9836 -0.7748 0.9608 0.9456 -0.0468 0.664 0.9356 0.8048 0.89 1.04 1.02 0.95 1.05 -0.94 1.06 1.02 -0.02 0.64 1.02 0.8 0.94
0.54 -0.54 -0.5 2.03 -1.83 2.05 2.33 2.31 1.99 0.18 1.96 0.7 1.18 1.94 2 -0.442042162854128 -0.0719751604005539 0.00442667351585491 1.1824 -1.0264 1.044 1.0864 1.2548 1.1892 0.0944 0.9868 0.236 0.6444 0.9752 1 -0.9824 0.8064 -1.154 -1.3464 -1.2448 -1.0292 -0.1544 -1.0868 -0.496 -0.7044 -1.1352 -1.11 -0.99 0.85 -1.1 -1.28 -1.25 -0.93 -0.16 -0.98 -0.56 -0.66 -1.14 -1.06
-0.46 0.46 -0.5 2.03 0.17 -1.95 0.33 2.31 -0.00999999999999979 2.18 0.96 -1.3 2.18 0.94 2 2.13465435991922 2.24608234313461 3.89284202365372 -0.8476 -0.1164 0.834 -0.3236 -1.0552 0.1192 -1.0056 -0.5132 0.456 -0.9956 -0.5048 -1 1.0476 -0.1036 -0.944 0.0636 1.0652 0.0408 0.9456 0.4132 -0.716 0.9356 0.3448 0.89 -0.99 -0.15 0.9 -0.28 -1.25 0.07 -1.16 -0.48 0.44 -1.16 -0.64 -1.06
-0.46 -0.54 -0.5 2.03 -1.83 -1.95 1.33 -1.69 -1.01 -1.82 -1.04 -0.3 2.18 -2.06 0 -0.198015724936347 -0.59818989416539 -0.162076673256715 -0.8476 0.8036 0.834 -0.7836 0.7848 0.5792 0.8344 0.4068 -0.004 -0.9956 0.8752 -0.08 -0.9824 0.8064 1.006 -0.8064 0.9152 0.5908 0.9256 0.5332 0.044 -1.2444 1.0248 -0.03 -0.99 0.85 0.9 -0.78 0.75 0.57 0.84 0.52 -0.06 -1.16 0.86 -0.06
0.54 0.46 0.5 -1.97 2.17 2.05 -1.67 -1.69 -0.00999999999999979 -1.82 1.96 1.7 0.18 1.94 2 1.07933308819193 1.33276375499722 2.24497178417532 -0.9776 1.1336 1.044 -1.0736 -0.9052 0.1092 -0.9856 0.9868 0.776 0.1044 0.9752 1 -0.7924 0.8164 0.896 -0.8564 -0.7748 0.0408 -0.8944 0.8732 0.664 0.0156 0.8048 0.89 -0.96 1.02 0.95 -0.95 -0.94 0.06 -0.98 0.98 0.64 0.02 0.8 0.94
0.54 0.46 0.5 2.03 2.17 -1.95 2.33 -0.69 1.99 -1.82 1.96 -1.3 0.18 -2.06 0 0.909140672159135 1.20301135254636 0.937828897723762 1.1824 1.1336 -1.116 1.0864 -0.3652 1.1892 -0.9856 0.9868 -0.844 0.1044 -1.1848 -0.08 1.0476 0.8164 -0.944 0.9836 -0.3148 0.9608 -0.8944 0.8732 -0.716 0.0156 -1.0352 -0.03 1.04 1.02 -1.05 1.05 -0.44 1.06 -0.98 0.98 -0.86 0.02 -1.2 -0.06
-0.46 -0.54 -0.5 1.03 0.17 -1.95 -1.67 2.31 -1.01 -1.82 -2.04 -2.3 -1.82 -2.06 -2 -0.602802364061097 -0.0441740469478412 -0.82519419907666 -0.3876 -0.1164 0.834 0.5964 -1.0552 0.5792 0.8344 0.8668 0.916 0.8444 0.8752 0.84 -0.4424 -0.2736 1.006 0.8136 -1.2448 0.5908 0.9256 1.0732 1.124 0.9156 1.0248 1.05 -0.49 -0.15 0.9 0.72 -1.25 0.57 0.84 1.02 0.94 0.84 0.86 0.94
0.54 0.46 0.5 -1.97 0.17 -1.95 -1.67 0.31 -2.01 1.18 -2.04 -2.3 -1.82 -2.06 -2 0.342528401756763 1.10156184588478 1.07036803469045 -0.9776 0.0536 -1.116 -1.0736 0.1748 -0.9708 0.6344 -1.1732 -1.384 -0.9756 -1.1848 -1.16 -0.7924 -0.1036 -0.944 -0.8564 0.1452 -0.8792 0.4856 -0.9668 -1.176 -0.9044 -1.0352 -0.95 -0.96 0.02 -1.05 -0.95 0.06 -0.94 0.52 -1.02 -1.36 -0.98 -1.2 -1.06
0.54 -0.54 0.5 -1.97 -1.83 1.05 2.33 2.31 1.99 2.18 1.96 1.7 1.18 -0.0600000000000001 2 1.58576232061664 1.89236258860862 2.71075777106265 -0.9776 -1.0264 0.504 1.0864 1.2548 1.1892 1.1744 0.9868 0.776 0.6444 -0.1048 1 1.1776 0.8064 -0.614 -1.3464 -1.2448 -1.0292 -1.2344 -1.0868 -1.036 -0.7044 -0.0552 -1.11 -0.96 -0.98 0.45 1.05 1.06 1.06 1.02 0.98 0.64 0.52 -0.2 0.94
-0.46 -0.54 -0.5 0.03 2.17 2.05 1.33 2.31 0.99 0.18 0.96 0.7 1.18 -0.0600000000000001 1 0.097337585659518 -1.34755189266424 -0.454381265672632 0.0724 -1.0364 -1.006 -0.7836 -1.0552 -0.3408 -0.0856 -0.5132 -0.464 -0.5356 -0.0448 -0.54 0.0976 -1.3536 -1.154 -0.8064 -1.2448 -0.4892 -0.1544 -0.5468 -0.496 -0.7044 -0.0552 -0.57 0.01 -1.15 -1.1 -0.78 -1.25 -0.43 -0.16 -0.48 -0.56 -0.66 -0.14 -0.56
-0.46 -0.54 -0.5 -1.97 -1.83 -0.95 -1.67 -1.69 1.99 -1.82 -2.04 -2.3 -0.82 -0.0600000000000001 -1 0.381972275604189 0.728870462398724 1.3533208009041 0.9924 0.8036 0.374 0.5964 0.7848 -0.8008 0.8344 0.8668 0.916 0.3844 -0.0448 0.38 1.1776 0.8064 0.466 0.8136 0.9152 -1.0292 0.9256 1.0732 1.124 0.3756 -0.0552 0.51 1.01 0.85 0.4 0.72 0.75 -0.93 0.84 1.02 0.94 0.34 -0.14 0.44
0.54 0.46 0.5 1.03 -0.83 2.05 -0.67 -1.69 -2.01 -0.82 -2.04 -2.3 -1.82 -2.06 -1 -0.113376371769474 0.046697115981864 0.584663483257482 0.6424 -0.4864 1.044 -0.5336 -0.9052 -0.9708 -0.4456 -1.1732 -1.384 -0.9756 -1.1848 -0.62 0.5876 -0.5636 0.896 -0.3964 -0.7748 -0.8792 -0.4344 -0.9668 -1.176 -0.9044 -1.0352 -0.49 0.54 -0.48 0.95 -0.45 -0.94 -0.94 -0.48 -1.02 -1.36 -0.98 -1.2 -0.56
-0.46 0.46 -0.5 -1.97 2.17 -1.95 -1.67 -1.69 -0.00999999999999979 1.18 -2.04 -2.3 -0.82 -2.06 -2 1.06482418095453 2.10463211401633 1.30098313649787 0.9924 -1.0364 0.834 0.5964 0.7848 0.1192 -0.5456 0.8668 0.916 0.3844 0.8752 0.84 -0.7924 0.8164 -0.944 -0.8564 -0.7748 0.0408 0.4856 -0.9668 -1.176 -0.4444 -1.0352 -0.95 1.01 -1.15 0.9 0.72 0.75 0.07 -0.66 1.02 0.94 0.34 0.86 0.94
-0.46 -0.54 -0.5 1.03 -1.83 2.05 2.33 0.31 -0.00999999999999979 -0.82 1.96 -0.3 0.18 0.94 1 1.61877348688605 1.13478226808548 2.64003589620708 -0.3876 0.8036 -1.006 -1.2436 -0.1352 0.1192 0.3744 -0.9732 -0.004 -0.0756 -0.5048 -0.54 -0.4424 0.8064 -1.154 -1.3464 -0.1648 0.0508 0.3856 -1.0868 0.044 -0.1644 -0.5952 -0.57 -0.49 0.85 -1.1 -1.28 -0.25 0.07 0.34 -0.98 -0.06 -0.16 -0.64 -0.56
