 0.43490940E-16 -0.89684318E-18 -0.40120328E-16 -0.22344012E-15 -0.25443801E-17  0.21411744E-16  0.57252141E-16  0.16010623E-16 -0.25150616E-15  0.10626669E-15
 0.84220459E-16  0.13953108E-15  0.13744106E-15  0.51921902E-16 -0.42375199E-16  0.69093424E+00  0.88572818E+00  0.10981438E+01 -0.14527762E-16  0.71055304E-16
 0.62237380E-16  0.10077293E-15  0.14781008E-15  0.18514672E-15  0.15246867E-15  0.18212897E-15  0.24307760E-15  0.23445163E-15  0.18668811E-15  0.29605644E-15
-0.51852634E-16  0.61437437E-16 -0.14110975E-16  0.25829552E-16  0.10371763E-16  0.31332837E-16 -0.77788250E-16  0.12884902E-17 -0.97806471E-16  0.17946894E-16
-0.57271306E-16  0.39148913E-16 -0.46776455E-16 -0.97441261E-16 -0.52426310E-16  0.25231029E-16 -0.42666443E-16  0.27227859E-16 -0.45939054E-16  0.39960804E-16
 0.81724174E-16 -0.36731233E-16 -0.19672521E-16 -0.21258044E-15  0.35256302E+00  0.34823489E+00  0.36217293E+00  0.18082650E+00  0.31288308E+00  0.30749449E+00
 0.28501675E+00  0.50277060E+00  0.43787596E+00  0.56604517E+00  0.86191010E+00  0.78007579E+00  0.81001979E+00  0.52472216E+00  0.81553781E+00  0.14975749E+01
 0.57126516E+00  0.13567387E+01  0.14977258E+01  0.16730024E+01  0.25818753E+01  0.20112536E+01  0.28075118E+01  0.42760782E+01  0.37590606E+01  0.38371449E+01
 0.48757720E+01 -0.71816051E+00  0.93250465E+00 -0.42132089E+00  0.78981787E+00 -0.24599071E+00  0.51911432E+00 -0.13471971E+01  0.19417593E+00 -0.19296870E+00
 0.21925732E+00 -0.65404826E+00  0.61108786E+00 -0.44810402E+00 -0.69677621E+00 -0.21517614E-01  0.57712197E+00  0.89086674E-01  0.88824093E+00 -0.92735104E-02
 0.96239841E+00  0.80327851E+00  0.30112147E+00  0.43575056E-01  0.22199707E+00  0.22351949E+00  0.44429246E-01  0.27039523E+01  0.23370118E+01  0.26448967E+01
 0.24856918E+01  0.23991013E+01  0.18240732E+01  0.17079262E+01  0.18383619E+01  0.13444264E+01  0.11490833E+01  0.10448855E+01  0.11584033E+01  0.60013646E+00
 0.27144888E+00  0.44808534E+00  0.64914858E+00  0.57322532E+00  0.64679301E+00  0.60178775E+00  0.57435995E+00  0.43267474E+00  0.42269766E+00  0.44417834E+00
 0.31076294E+00  0.26643929E+00  0.26905379E+00  0.25556496E+00  0.65367210E+00  0.57088065E+00  0.67268682E+00  0.64676565E+00  0.62202114E+00  0.52092892E+00
 0.44220442E+00  0.55504405E+00  0.56611854E+00  0.46322551E+00  0.45560983E+00  0.59624124E+00  0.70662570E+00  0.58070666E+00  0.68165892E+00  0.64342797E+00
 0.61679214E+00  0.49679026E+00  0.47918272E+00  0.53822660E+00  0.54557055E+00  0.48075804E+00  0.46190792E+00  0.55148143E+00  0.10981444E+00  0.36174256E+00
 0.94412029E+00  0.20517060E+00  0.17220676E+00  0.13146964E+01  0.69678926E+00 -0.72213626E-02 -0.44893723E-01  0.14783747E-01  0.86599857E+00  0.53451318E-01
 0.44571143E+00  0.52691317E+00
 0.49749371E-01  0.49839742E-01  0.49959984E-01  0.16959953E+00  0.15427248E+00  0.16654129E+00  0.16155495E+00  0.15830034E+00  0.14684686E+00  0.14000000E+00
 0.15031967E+00  0.15235157E+00  0.13961017E+00  0.13811228E+00  0.15726092E+00  0.91573730E-01  0.92055760E-01  0.11463350E+00  0.82601696E-01  0.76029599E-01
 0.82097866E-01  0.79683751E-01  0.78469038E-01  0.72885118E-01  0.69462217E-01  0.74880302E-01  0.76228671E-01  0.68944976E-01  0.69765680E-01  0.77911556E-01
 0.81320167E-01  0.76402619E-01  0.82177311E-01  0.80993086E-01  0.78925014E-01  0.72450876E-01  0.68486206E-01  0.74538678E-01  0.75277425E-01  0.68112865E-01
 0.67965724E-01  0.77573307E-01  0.84237419E-01  0.76673597E-01  0.82563050E-01  0.80520310E-01  0.78543581E-01  0.71305975E-01  0.69223121E-01  0.74291274E-01
 0.74505687E-01  0.69433317E-01  0.67965873E-01  0.75250581E-01  0.62556881E+00  0.88013160E+00  0.15570393E+00  0.15634540E+00  0.15937006E+00  0.15544827E+00
 0.16253722E+00  0.14266333E+00  0.14654782E+00  0.13951452E+00  0.13771805E+00  0.13271421E+00  0.13515444E+00  0.12434751E+00  0.15262009E+00  0.24163098E+01
 0.13002288E+01  0.21101124E+01  0.20057454E+01  0.25245655E+01  0.36792746E+01  0.31821229E+01  0.38075264E+01  0.62253366E+01  0.55976362E+01  0.60364985E+01
 0.68910441E+01  0.15911552E+01  0.15160198E+01  0.11843245E+01  0.12561104E+01  0.10130146E+01  0.11786957E+01  0.23837848E+01  0.11569990E+01  0.16250546E+01
 0.12653797E+01  0.18634516E+01  0.15250602E+01  0.14760464E+01  0.14981813E+01  0.90091807E+00  0.75014633E+00  0.88557816E+00  0.10727266E+01  0.10113807E+01
 0.78361338E+00  0.64435410E+00  0.91536367E+00  0.10867941E+01  0.40268119E-01  0.75025842E-01  0.42881125E+00  0.20667568E+00  0.18667519E+00  0.18902539E+00
 0.18738478E+00  0.18984675E+00  0.18797007E+00  0.20830572E+00  0.20738950E+00  0.21946624E+00  0.20161280E+00  0.18592863E+00  0.22185990E+00  0.10895094E+00
 0.91660559E-01  0.15467866E+00  0.61983023E-01  0.45309383E-01  0.51844243E-01  0.51368833E-01  0.48826262E-01  0.53472582E-01  0.62668547E-01  0.58986157E-01
 0.62119696E-01  0.52835349E-01  0.74829265E-01  0.79152681E-01  0.58112241E-01  0.49246471E-01  0.44627286E-01  0.46828203E-01  0.45328993E-01  0.45236334E-01
 0.54674942E-01  0.43972775E-01  0.43064594E-01  0.43034963E-01  0.54563027E-01  0.50703924E-01  0.43879528E-01  0.45811243E-01  0.42044222E-01  0.42360004E-01
 0.43913003E-01  0.49900141E-01  0.45074966E-01  0.51131953E-01  0.52983310E-01  0.44903036E-01  0.43536268E-01  0.59402410E-01  0.91132891E+00  0.17867766E+00
 0.16070702E+01  0.42864510E+00  0.82730927E-01  0.27283624E+00  0.17719758E+00  0.17875476E-01  0.64019345E-01  0.42128127E-01  0.23841451E+00  0.38828194E+00
 0.19545127E+00  0.10379329E+01
 0.16800000E+03 -0.66985993E+04  0.95842519E+00 -0.55523449E+04  0.10143514E+01  0.13733199E+05  0.14170867E+05  0.13640281E+05  0.22449065E+04  0.13710000E+04
 0.00000000E+00  0.10212046E+01  0.28991655E+00  0.25884069E+00  0.79838756E-01  0.73860842E-01  0.85736403E-01  0.00000000E+00  0.10382286E+00  0.22766020E-06
