-0.56 0.53 0.48 -1.62 1.96 2.01 1.13 1.02 0.22 0.19 1.91 -1.83 1.81 -1.15 1.13 -0.562379301759892 -1.42471140722474 -0.129513891459863 0.8244 -1.1852 -0.9112 -0.6756 -0.6524 -0.1464 -0.1128 -1.0692 1.0496 -0.9672 0.518 -0.6956 -0.8272 0.9576 1.1306 0.5978 0.4112 0.0332 0.1314 0.9346 -1.0298 0.9586 -0.759 0.4578 -0.7452 0.8916 0.9196 0.3948 0.4492 0.0112 0.1524 0.9036 -0.9968 0.8776 -0.674 0.4648
0.44 0.53 0.48 2.38 1.96 2.01 2.13 1.02 -1.78 -1.81 -1.09 2.17 -0.19 -0.15 1.13 0.404159890089714 0.335873799960591 -0.729729390149773 0.9644 0.7748 1.0988 0.8944 0.3676 -0.8064 -0.8028 -0.4792 0.9796 -0.0372 -0.192 0.4344 1.2928 0.9576 1.1306 1.1278 0.4112 -1.0268 -0.9286 -0.6554 1.0902 -0.1014 -0.229 0.4578 1.1748 0.8916 0.9196 0.8748 0.4492 -0.9488 -0.8076 -0.5364 0.9232 -0.0824 -0.194 0.4648
0.44 0.53 -0.52 -1.62 -1.04 -0.99 -1.87 2.02 -1.78 -0.81 -0.0899999999999999 0.17 1.81 -0.15 1.13 1.86115427387396 1.78132755697501 2.67173432714563 -0.7956 -0.5452 -0.2212 -0.8656 0.8076 -0.8064 -0.3628 -0.0392 0.0996 0.8428 -0.192 0.4344 -0.8272 -0.6324 -0.4594 -0.9922 0.9412 -1.0268 -0.3986 -0.1254 0.0302 0.9586 -0.229 0.4578 0.8748 0.4916 0.4696 0.8248 -1.0908 0.8312 0.4824 0.0336 -0.2068 -0.9324 -0.044 -0.6652
0.44 0.53 -0.52 -1.62 0.96 -1.99 -1.87 2.02 1.22 -1.81 0.91 0.17 1.81 -1.15 2.13 -0.700735666980981 0.0673476529945217 -1.67066564198788 -0.7956 0.3348 -0.6612 -0.8656 0.8076 0.5136 -0.8028 0.4008 0.0996 0.8428 -0.632 0.8744 -0.8272 0.4276 -0.9894 -0.9922 0.9412 0.5632 -0.9286 0.4046 0.0302 0.9586 -0.759 0.9878 0.8748 -0.5484 0.9896 0.8248 -1.0908 -0.7288 1.0024 -0.4864 -0.2068 -0.9324 0.476 -1.1852
0.44 -0.47 0.48 1.38 -1.04 -1.99 1.13 2.02 2.22 0.19 1.91 -0.83 1.81 -0.15 2.13 1.4859603062355 1.5416695688678 3.04575767491391 0.5244 -0.5452 -0.6612 0.4544 0.8076 0.9536 0.0772 0.8408 -0.3404 0.8428 -0.192 0.8744 -0.6172 0.4076 1.0006 -0.5322 -1.0788 -1.1268 -0.0586 -0.9754 0.3302 -0.8514 -0.0790000000000001 -1.1422 0.6948 -0.5484 -1.0004 0.3948 0.9292 0.9712 0.1524 0.9036 -0.5168 0.8776 -0.194 0.9448
0.44 0.53 0.48 0.38 -1.04 2.01 1.13 0.02 -1.78 2.19 1.91 0.17 -1.19 0.85 -0.87 -0.0626444978224424 1.10818601412668 0.756087419854079 0.0844 -0.5452 1.0988 0.4544 -0.0724 -0.8064 0.9572 0.8408 0.0996 -0.4772 0.248 -0.4456 0.2328 -0.6324 1.1306 0.5978 -0.1188 -1.0268 1.1914 0.9346 0.0302 -0.6314 0.301 -0.6022 0.2148 -0.5484 0.9196 0.3948 -0.0308 -0.9488 1.1124 0.9036 -0.0368 -0.5624 0.286 -0.4952
-0.56 -0.47 -0.52 0.38 -2.04 2.01 -1.87 -1.98 0.22 -1.81 -2.09 -1.83 -1.19 -2.15 -1.87 -0.10817914494974 -0.321095393732788 -1.20268544865428 -0.2956 1.0548 -0.9112 1.0044 1.0276 -0.1464 1.0072 1.1708 1.0496 0.7128 1.078 0.9844 -0.1472 0.8776 -0.8794 0.8778 0.8012 -0.1868 0.8814 0.9046 0.8002 0.5586 0.861 0.7378 -0.1652 1.0116 -1.0904 0.8248 0.9892 -0.2088 1.0024 1.0736 0.8332 0.6276 0.996 0.8948
0.44 -0.47 -0.52 0.38 1.96 -1.99 -0.87 -1.98 -1.78 0.19 1.91 -1.83 -2.19 -0.15 0.13 -1.22717216738506 1.44793030634812 0.579520449010202 0.0844 0.7748 -0.6612 -0.4256 -0.9524 -0.8064 0.0772 0.8408 -0.7804 -0.9172 -0.192 -0.00559999999999999 -0.1472 -1.0024 1.0006 0.4078 0.8012 0.7532 -0.0586 -0.9754 0.8002 1.0286 -0.0790000000000001 -0.2022 -0.1652 -1.0684 0.9896 0.3048 0.9892 0.8312 -0.0376 -1.0064 0.8332 1.1476 -0.044 -0.1452
0.44 -0.47 -0.52 0.38 -0.04 -1.99 -1.87 -1.98 0.22 2.19 -1.09 -1.83 0.81 -0.15 0.13 2.03948103960437 1.44677966463729 1.81016365546364 0.0844 -0.1052 -0.6612 -0.8656 -0.9524 0.0736 0.9572 -0.4792 -0.7804 0.4028 -0.192 -0.00559999999999999 -0.1472 -0.0624 1.0006 0.8778 0.8012 -0.1868 -0.9986 0.4346 0.8002 -0.3814 -0.0790000000000001 -0.2022 -0.1652 -0.0284 0.9896 0.8248 0.9892 -0.2088 -1.0776 0.5536 0.8332 -0.4124 -0.044 -0.1452
-0.56 0.53 -0.52 0.38 -1.04 0.01 2.13 0.02 -1.78 1.19 1.91 2.17 -0.19 0.85 -1.87 0.393514615429548 -0.303543726860852 -0.488683605627249 -0.2956 0.4948 0.2088 -1.2356 -0.0924 0.9736 -0.6728 -1.0692 -1.1904 0.1528 -0.602 0.9844 0.2328 -0.6324 0.0706 1.1278 -0.1188 -1.0268 0.6614 0.9346 1.0902 -0.1014 0.301 -1.1322 -0.1652 0.4916 -0.0504 -1.2552 -0.0508 0.8312 -0.5576 -1.0064 -1.2468 0.1076 -0.564 0.8948
-0.56 -0.47 0.48 1.38 1.96 2.01 -0.87 2.02 0.22 -1.81 0.91 2.17 -1.19 -2.15 0.13 0.405614329507178 0.971413159308379 -0.221007905537336 -0.8556 -1.1852 -0.9112 0.4444 -1.2124 -0.1464 1.0072 -0.5092 -1.1904 0.7128 1.078 -0.1356 -0.6172 -1.0024 -0.8794 0.4078 -1.0788 -0.1868 0.8814 -0.5054 -1.0798 0.5586 0.861 -0.2022 0.6948 0.8916 0.9196 -0.5652 0.9292 0.0112 -0.8076 0.4236 0.9232 -0.5624 -1.154 -0.0152
0.44 -0.47 -0.52 1.38 0.96 0.01 1.13 -1.98 -1.78 -1.81 -2.09 -1.83 -2.19 -2.15 -1.87 1.04449585736703 -1.36005059301551 0.536487828177681 0.5244 0.3348 0.2188 0.4544 -0.9524 -0.8064 -0.8028 -0.9192 -0.7804 -0.9172 -1.072 -0.8856 -0.6172 -0.5324 0.0606 -0.5322 0.8012 0.7532 0.8814 0.9046 0.8002 1.0286 0.861 0.7378 -0.6852 -0.5484 -0.0504 -0.7352 0.9892 0.8312 1.0024 1.0736 0.8332 1.1476 0.996 0.8948
-0.56 -0.47 -0.52 -0.62 1.96 -1.99 1.13 2.02 -1.78 -1.81 -0.0899999999999999 0.17 -0.19 -2.15 -1.87 -0.833017116360906 -0.953326028342275 -0.251353992630088 0.2644 -1.1852 1.3288 -0.6756 -1.2124 0.9736 1.0072 0.0508 -0.0704 0.1528 1.078 0.9844 0.3228 -1.0024 1.0006 -0.5322 -1.0788 0.7532 0.8814 -0.0354 -0.1398 0.0886 0.861 0.7378 0.3548 -1.0684 0.9896 -0.7352 -1.0908 0.8312 1.0024 0.0336 -0.2068 0.1076 0.996 0.8948
0.44 -0.47 -0.52 2.38 -1.04 2.01 0.13 0.02 -0.78 2.19 1.91 2.17 1.81 0.85 2.13 0.0148936328128708 0.321738628148765 -0.050117599247791 0.9644 -0.5452 1.0988 0.0144 -0.0724 -0.3664 0.9572 0.8408 0.9796 0.8428 0.248 0.8744 -1.0872 0.4076 -0.8794 -0.0622 -0.1388 0.2832 -0.9986 -0.9754 -1.0798 -0.8514 -0.549 -1.1422 -1.2052 0.4916 -1.0904 -0.2152 -0.0508 0.3112 -1.0776 -1.0064 -1.2468 -0.9324 -0.564 -1.1852
-0.56 -0.47 -0.52 -1.62 -2.04 2.01 -1.87 -0.98 2.22 -1.81 0.91 -1.83 -2.19 -1.15 0.13 0.326178338763622 1.77545397347696 1.76634958585694 0.8244 1.0548 -0.9112 1.0044 0.4676 -1.2664 1.0072 -0.5092 1.0496 1.2728 0.518 -0.1356 0.7928 0.8776 -0.8794 0.8778 0.3312 -1.1268 0.8814 -0.5054 0.8002 1.0286 0.391 -0.2022 0.8748 1.0116 -1.0904 0.8248 0.4692 -1.2488 1.0024 -0.4864 0.8332 1.1476 0.476 -0.1452
0.44 -0.47 -0.52 0.38 -1.04 -1.99 1.13 -1.98 1.22 1.19 0.91 -1.83 -2.19 1.85 -0.87 -0.0669994440362711 0.102115067285406 1.36170478948764 0.0844 -0.5452 -0.6612 0.4544 -0.9524 0.5136 0.5172 0.4008 -0.7804 -0.9172 0.688 -0.4456 -0.1472 0.4076 1.0006 -0.5322 0.8012 -0.6568 -0.5286 -0.5054 0.8002 1.0286 -1.019 0.2678 -0.1652 0.4916 0.9896 -0.7352 0.9892 -0.7288 -0.5576 -0.4864 0.8332 1.1476 -1.084 0.3748
0.44 0.53 0.48 2.38 -2.04 -1.99 -1.87 0.02 2.22 -1.81 0.91 2.17 -0.19 1.85 1.13 0.495174098327405 3.21865606125219 2.51540041804029 0.9644 -0.9852 -0.6612 -0.8656 -0.0724 0.9536 -0.8028 0.4008 0.9796 -0.0372 0.688 0.4344 1.2928 -1.1624 -0.9894 -0.9922 -0.1188 1.0932 -0.9286 0.4046 1.0902 -0.1014 0.831 0.4578 1.1748 -1.0284 -1.0004 -1.0452 -0.0308 0.9712 -0.8076 0.4236 0.9232 -0.0824 0.766 0.4648
-0.56 -0.47 -0.52 2.38 -2.04 -1.99 0.13 2.02 1.22 1.19 0.91 -1.83 -0.19 -2.15 0.13 0.195057300726299 -0.688463244755382 0.955341667440911 -1.4156 1.0548 1.3288 -0.1156 -1.2124 -0.7064 -0.6728 -0.5092 1.0496 0.1528 1.078 -0.1356 -1.0872 0.8776 1.0006 -0.0622 -1.0788 -0.6568 -0.5286 -0.5054 0.8002 0.0886 0.861 -0.2022 -1.2052 1.0116 0.9896 -0.2152 -1.0908 -0.7288 -0.5576 -0.4864 0.8332 0.1076 0.996 -0.1452
-0.56 0.53 0.48 -1.62 1.96 -1.99 2.13 0.02 -1.78 -1.81 -2.09 1.17 -1.19 -1.15 0.13 1.53782114544836 -1.9762842995228 1.1206348192448 0.8244 -1.1852 1.3288 -1.2356 -0.0924 0.9736 1.0072 1.1708 -0.6304 0.7128 0.518 -0.1356 -0.8272 0.9576 -0.9894 1.1278 -0.1188 -1.0268 -0.9286 -1.1854 0.5602 -0.6314 -0.759 -0.0722 -0.7452 0.8916 -1.0004 0.8748 -0.0308 -0.9488 -0.8076 -1.0164 0.4432 -0.5624 -0.674 -0.0152
0.44 0.53 0.48 1.38 1.96 2.01 0.13 1.02 -1.78 2.19 0.91 2.17 1.81 1.85 1.13 1.61499248102093 1.00116798863101 1.99035045920602 0.5244 0.7748 1.0988 0.0144 0.3676 -0.8064 0.9572 0.4008 0.9796 0.8428 0.688 0.4344 0.7628 0.9576 1.1306 0.0678 0.4112 -1.0268 1.1914 0.4046 1.0902 0.9586 0.831 0.4578 0.6948 0.8916 0.9196 -0.0852 0.4492 -0.9488 1.1124 0.4236 0.9232 0.8776 0.766 0.4648
0.44 0.53 0.48 -1.62 1.96 -1.99 -1.87 2.02 -1.78 0.19 -0.0899999999999999 0.17 -0.19 0.85 -0.87 0.0689575156335981 0.814983544777943 -0.197446525736462 -0.7956 0.7748 -0.6612 -0.8656 0.8076 -0.8064 0.0772 -0.0392 0.0996 -0.0372 0.248 -0.4456 -0.8272 0.9576 -0.9894 -0.9922 0.9412 -1.0268 0.1314 -0.1254 0.0302 -0.1014 0.301 -0.6022 -0.7452 0.8916 -1.0004 -1.0452 0.9292 -0.9488 0.1524 -0.0564 -0.0368 -0.0824 0.286 -0.4952
0.44 0.53 0.48 -1.62 1.96 0.01 -0.87 1.02 -1.78 1.19 -2.09 2.17 -1.19 -1.15 1.13 0.0728178217746115 1.33684985846901 0.383371298782174 -0.7956 0.7748 0.2188 -0.4256 0.3676 -0.8064 0.5172 -0.9192 0.9796 -0.4772 -0.632 0.4344 -0.8272 0.9576 0.0706 -0.4622 0.4112 -1.0268 0.6614 -1.1854 1.0902 -0.6314 -0.759 0.4578 -0.7452 0.8916 -0.0404 -0.5652 0.4492 -0.9488 0.6324 -1.0164 0.9232 -0.5624 -0.674 0.4648
0.44 -0.47 -0.52 2.38 -2.04 0.01 0.13 2.02 2.22 2.19 1.91 -1.83 1.81 1.85 0.13 1.80370107204401 -2.16026869194154 0.12381630333676 0.9644 -0.9852 0.2188 0.0144 0.8076 0.9536 0.9572 0.8408 -0.7804 0.8428 0.688 -0.00559999999999999 -1.0872 0.8776 0.0606 -0.0622 -1.0788 -1.1268 -0.9986 -0.9754 0.8002 -0.8514 -1.019 -0.2022 -1.2052 1.0116 -0.0504 -0.2152 -1.0908 -1.2488 -1.0776 -1.0064 0.8332 -0.9324 -1.084 -0.1452
-0.56 -0.47 -0.52 -0.62 -2.04 1.01 2.13 -1.98 2.22 1.19 -2.09 0.17 -0.19 -0.15 0.13 1.26144533098174 0.913145185777305 0.65149362935387 0.2644 1.0548 -0.3512 -1.2356 1.0276 -1.2664 -0.6728 1.1708 -0.0704 0.1528 -0.042 -0.1356 0.3228 0.8776 -0.4094 -1.0022 0.8012 -1.1268 -0.5286 0.9046 -0.1398 0.0886 -0.0790000000000001 -0.2022 0.3548 1.0116 -0.5704 -1.2552 0.9892 -1.2488 -0.5576 1.0736 -0.2068 0.1076 -0.044 -0.1452
0.44 0.53 0.48 -1.62 1.96 1.01 0.13 -1.98 2.22 0.19 -2.09 1.17 1.81 1.85 0.13 -0.315829528534524 0.127040468841041 1.21524451511413 -0.7956 0.7748 0.6588 0.0144 -0.9524 0.9536 0.0772 -0.9192 0.5396 0.8428 0.688 -0.00559999999999999 -0.8272 0.9576 0.6006 0.0678 -1.1788 1.0932 0.1314 -1.1854 0.5602 0.9586 0.831 -0.0722 -0.7452 0.8916 0.4396 -0.0852 -0.9908 0.9712 0.1524 -1.0164 0.4432 0.8776 0.766 -0.0152
0.44 0.53 0.48 2.38 1.96 -1.99 0.13 -0.98 1.22 -1.81 -2.09 1.17 -1.19 -0.15 -1.87 -0.0161622243221445 0.0892979384897865 1.42242979930083 0.9644 0.7748 -0.6612 0.0144 -0.5124 0.5136 -0.8028 -0.9192 0.5396 -0.4772 -0.192 -0.8856 1.2928 0.9576 -0.9894 0.0678 -0.6488 0.5632 -0.9286 -1.1854 0.5602 -0.6314 -0.229 -1.1322 1.1748 0.8916 -1.0004 -0.0852 -0.5108 0.4912 -0.8076 -1.0164 0.4432 -0.5624 -0.194 -0.9752
0.44 -0.47 0.48 -1.62 1.96 -0.99 1.13 2.02 1.22 1.19 -0.0899999999999999 -0.83 -1.19 0.85 -0.87 -0.764296556434462 0.606164289344912 0.724757007232628 -0.7956 0.7748 -0.2212 0.4544 0.8076 0.5136 0.5172 -0.0392 -0.3404 -0.4772 0.248 -0.4456 0.7928 -1.0024 0.5306 -0.5322 -1.0788 -0.6568 -0.5286 -0.0354 0.3302 0.5586 -0.549 0.2678 -0.7452 0.8916 -0.5204 0.3948 0.9292 0.4912 0.6324 -0.0564 -0.5168 -0.5624 0.286 -0.4952
-0.56 -0.47 -0.52 2.38 -2.04 0.01 -1.87 1.02 -1.78 1.19 0.91 -1.83 0.81 0.85 0.13 0.348643516053414 0.992433431799564 0.863416207533964 -1.4156 1.0548 0.2088 1.0044 -0.6524 0.9736 -0.6728 -0.5092 1.0496 -0.4072 -0.602 -0.1356 -1.0872 0.8776 0.0606 0.8778 -0.6088 0.7532 -0.5286 -0.5054 0.8002 -0.3814 -0.549 -0.2022 -1.2052 1.0116 -0.0504 0.8248 -0.5708 0.8312 -0.5576 -0.4864 0.8332 -0.4124 -0.564 -0.1452
0.44 -0.47 -0.52 -0.62 -2.04 2.01 -1.87 0.02 -1.78 -1.81 1.91 2.17 -2.19 0.85 1.13 3.05466348241853 0.805174770073852 3.08678157399631 -0.3556 -0.9852 1.0988 -0.8656 -0.0724 -0.8064 -0.8028 0.8408 0.9796 -0.9172 0.248 0.4344 0.3228 0.8776 -0.8794 0.8778 -0.1388 0.7532 0.8814 -0.9754 -1.0798 1.0286 -0.549 -0.6722 0.3548 1.0116 -1.0904 0.8248 -0.0508 0.8312 1.0024 -1.0064 -1.2468 1.1476 -0.564 -0.6652
-0.56 0.53 0.48 -1.62 1.96 2.01 -1.87 -1.98 -1.78 -1.81 1.91 -1.83 -1.19 -2.15 -0.87 -0.942472286460825 -1.56454107637971 0.578772801203447 0.8244 -1.1852 -0.9112 1.0044 1.0276 0.9736 1.0072 -1.0692 1.0496 0.7128 1.078 0.4244 -0.8272 0.9576 1.1306 -0.9922 -1.1788 -1.0268 -0.9286 0.9346 -1.0298 -0.6314 -1.289 -0.6022 -0.7452 0.8916 0.9196 -1.0452 -0.9908 -0.9488 -0.8076 0.9036 -0.9968 -0.5624 -1.154 -0.4952
0.44 -0.47 -0.52 -1.62 1.96 1.01 -0.87 1.02 -1.78 0.19 -0.0899999999999999 -1.83 -2.19 -2.15 -1.87 1.27423385228198 0.875277302226256 -0.282351259587963 -0.7956 0.7748 0.6588 -0.4256 0.3676 -0.8064 0.0772 -0.0392 -0.7804 -0.9172 -1.072 -0.8856 0.7928 -1.0024 -0.4094 0.4078 -0.6088 0.7532 -0.0586 -0.0354 0.8002 1.0286 0.861 0.7378 0.8748 -1.0684 -0.5704 0.3048 -0.5708 0.8312 -0.0376 0.0336 0.8332 1.1476 0.996 0.8948
-0.56 0.53 0.48 2.38 -2.04 0.01 2.13 1.02 0.22 1.19 -0.0899999999999999 2.17 1.81 1.85 2.13 2.33029230413159 3.8861214190771 3.48884776359473 -1.4156 1.0548 0.2088 -1.2356 -0.6524 -0.1464 -0.6728 0.0508 -1.1904 -0.9672 -1.162 -1.2556 1.2928 -1.1624 0.0706 1.1278 0.4112 0.0332 0.6614 -0.1254 1.0902 0.9586 0.831 0.9878 1.1748 -1.0284 -0.0404 0.8748 0.4492 0.0112 0.6324 -0.0564 0.9232 0.8776 0.766 0.9448
0.44 0.53 0.48 2.38 -2.04 -1.99 2.13 -0.98 2.22 2.19 1.91 2.17 1.81 1.85 2.13 -1.13495492111565 2.88463811022658 0.439377629250793 0.9644 -0.9852 -0.6612 0.8944 -0.5124 0.9536 0.9572 0.8408 0.9796 0.8428 0.688 0.8744 1.2928 -1.1624 -0.9894 1.1278 -0.6488 1.0932 1.1914 0.9346 1.0902 0.9586 0.831 0.9878 1.1748 -1.0284 -1.0004 0.8748 -0.5108 0.9712 1.1124 0.9036 0.9232 0.8776 0.766 0.9448
0.44 0.53 0.48 -1.62 -2.04 0.01 2.13 -1.98 0.22 1.19 -2.09 -0.83 1.81 -1.15 1.13 1.23836050854995 1.37519830666787 3.16223216293741 -0.7956 -0.9852 0.2188 0.8944 -0.9524 0.0736 0.5172 -0.9192 -0.3404 0.8428 -0.632 0.4344 -0.8272 -1.1624 0.0706 1.1278 -1.1788 0.0332 0.6614 -1.1854 -0.4998 0.9586 -0.759 0.4578 -0.7452 -1.0284 -0.0404 0.8748 -0.9908 0.0112 0.6324 -1.0164 -0.5168 0.8776 -0.674 0.4648
0.44 0.53 0.48 2.38 -2.04 -1.99 -1.87 -1.98 2.22 -1.81 -0.0899999999999999 2.17 0.81 -0.15 1.13 1.42504931589664 1.21686922607269 1.66254286589621 0.9644 -0.9852 -0.6612 -0.8656 -0.9524 0.9536 -0.8028 -0.0392 0.9796 0.4028 -0.192 0.4344 1.2928 -1.1624 -0.9894 -0.9922 -1.1788 1.0932 -0.9286 -0.1254 1.0902 0.4286 -0.229 0.4578 1.1748 -1.0284 -1.0004 -1.0452 -0.9908 0.9712 -0.8076 -0.0564 0.9232 0.3976 -0.194 0.4648
-0.56 -0.47 -0.52 -1.62 -0.04 0.01 -1.87 -1.98 -0.78 -1.81 -2.09 -1.83 -0.19 -2.15 2.13 -0.00140276989688784 0.190785590003774 1.21538775912906 0.8244 -0.0652 0.2088 1.0044 1.0276 0.4136 1.0072 1.1708 1.0496 0.1528 1.078 -1.2556 0.7928 -0.0624 0.0606 0.8778 0.8012 0.2832 0.8814 0.9046 0.8002 0.0886 0.861 -1.1422 0.8748 -0.0284 -0.0504 0.8248 0.9892 0.3112 1.0024 1.0736 0.8332 0.1076 0.996 -1.1852
-0.56 -0.47 -0.52 -0.62 -0.04 2.01 1.13 -1.98 2.22 1.19 1.91 2.17 1.81 0.85 -1.87 -0.306399895959789 1.13998282338167 1.25604138074961 0.2644 -0.0652 -0.9112 -0.6756 1.0276 -1.2664 -0.6728 -1.0692 -1.1904 -0.9672 -0.602 0.9844 0.3228 -0.0624 -0.8794 -0.5322 0.8012 -1.1268 -0.5286 -0.9754 -1.0798 -0.8514 -0.549 0.7378 0.3548 -0.0284 -1.0904 -0.7352 0.9892 -1.2488 -0.5576 -1.0064 -1.2468 -0.9324 -0.564 0.8948
-0.56 -0.47 -0.52 2.38 -2.04 2.01 1.13 1.02 1.22 -0.81 1.91 0.17 1.81 -2.15 0.13 -0.00954882874395613 1.49120499886034 1.14017177233595 -1.4156 1.0548 -0.9112 -0.6756 -0.6524 -0.7064 0.4472 -1.0692 -0.0704 -0.9672 1.078 -0.1356 -1.0872 0.8776 -0.8794 -0.5322 -0.6088 -0.6568 0.4114 -0.9754 -0.1398 -0.8514 0.861 -0.2022 -1.2052 1.0116 -1.0904 -0.7352 -0.5708 -0.7288 0.4824 -1.0064 -0.2068 -0.9324 0.996 -0.1452
0.44 0.53 0.48 -1.62 -2.04 0.01 -1.87 -1.98 0.22 -1.81 1.91 -0.83 1.81 -2.15 1.13 0.868234176045636 0.77264206227127 0.0463179390217284 -0.7956 -0.9852 0.2188 -0.8656 -0.9524 0.0736 -0.8028 0.8408 -0.3404 0.8428 -1.072 0.4344 -0.8272 -1.1624 0.0706 -0.9922 -1.1788 0.0332 -0.9286 0.9346 -0.4998 0.9586 -1.289 0.4578 -0.7452 -1.0284 -0.0404 -1.0452 -0.9908 0.0112 -0.8076 0.9036 -0.5168 0.8776 -1.154 0.4648
0.44 0.53 0.48 1.38 -1.04 -1.99 1.13 1.02 0.22 -0.81 -1.09 -1.83 -2.19 1.85 2.13 0.548435739432051 0.459981906338499 2.72315993895596 0.5244 -0.5452 -0.6612 0.4544 0.3676 0.0736 -0.3628 -0.4792 -0.7804 -0.9172 0.688 0.8744 0.7628 -0.6324 -0.9894 0.5978 0.4112 0.0332 -0.3986 -0.6554 -1.0298 -1.1614 0.831 0.9878 0.6948 -0.5484 -1.0004 0.3948 0.4492 0.0112 -0.3276 -0.5364 -0.9968 -1.0424 0.766 0.9448
-0.56 -0.47 0.48 1.38 1.96 2.01 -1.87 -1.98 -1.78 -1.81 -1.09 2.17 1.81 0.85 1.13 0.668110124722059 0.682083051202289 2.89999112568176 -0.8556 -1.1852 -0.9112 1.0044 1.0276 0.9736 1.0072 0.6108 -1.1904 -0.9672 -0.602 -0.6956 -0.6172 -1.0024 -0.8794 0.8778 0.8012 0.7532 0.8814 0.4346 -1.0798 -0.8514 -0.549 -0.6722 0.6948 0.8916 0.9196 -1.0452 -0.9908 -0.9488 -0.8076 -0.5364 0.9232 0.8776 0.286 0.4648
-0.56 -0.47 -0.52 0.38 -2.04 2.01 -1.87 -0.98 -0.78 -1.81 -1.09 -0.83 -1.19 -2.15 -1.87 -0.794452832571245 -0.699188573611405 1.44111608065709 -0.2956 1.0548 -0.9112 1.0044 0.4676 0.4136 1.0072 0.6108 0.4896 0.7128 1.078 0.9844 -0.1472 0.8776 -0.8794 0.8778 0.3312 0.2832 0.8814 0.4346 0.3302 0.5586 0.861 0.7378 -0.1652 1.0116 -1.0904 0.8248 0.4692 0.3112 1.0024 0.5536 0.3132 0.6276 0.996 0.8948
-0.56 0.53 -0.52 -1.62 -2.04 2.01 -1.87 1.02 2.22 -1.81 1.91 -1.83 -0.19 1.85 2.13 1.2742930798176 1.51699424258999 0.547525990044829 0.8244 1.0548 -0.9112 1.0044 -0.6524 -1.2664 1.0072 -1.0692 1.0496 0.1528 -1.162 -1.2556 -0.8272 -1.1624 1.1306 -0.9922 0.4112 1.0932 -0.9286 0.9346 -1.0298 -0.1014 0.831 0.9878 0.8748 1.0116 -1.0904 0.8248 -0.5708 -1.2488 1.0024 -1.0064 0.8332 0.1076 -1.084 -1.1852
0.44 -0.47 0.48 1.38 1.96 -1.99 -0.87 -0.98 2.22 -0.81 -2.09 -1.83 0.81 -2.15 -1.87 1.5374121199477 1.37408469461463 1.60203541935251 0.5244 0.7748 -0.6612 -0.4256 -0.5124 0.9536 -0.3628 -0.9192 -0.7804 0.4028 -1.072 -0.8856 -0.6172 -1.0024 1.0006 0.4078 0.3312 -1.1268 0.4114 0.9046 0.8002 -0.3814 0.861 0.7378 0.6948 0.8916 -1.0004 -0.5652 -0.5108 0.9712 -0.3276 -1.0164 -0.9968 0.3976 -1.154 -0.9752
0.44 0.53 0.48 -0.62 1.96 2.01 -1.87 0.02 -1.78 1.19 1.91 -1.83 -0.19 0.85 0.13 1.55878890100765 2.06192096742327 3.94611814672151 -0.3556 0.7748 1.0988 -0.8656 -0.0724 -0.8064 0.5172 0.8408 -0.7804 -0.0372 0.248 -0.00559999999999999 -0.2972 0.9576 1.1306 -0.9922 -0.1188 -1.0268 0.6614 0.9346 -1.0298 -0.1014 0.301 -0.0722 -0.2652 0.8916 0.9196 -1.0452 -0.0308 -0.9488 0.6324 0.9036 -0.9968 -0.0824 0.286 -0.0152
-0.56 -0.47 -0.52 -0.62 1.96 -1.99 0.13 -0.98 -0.78 2.19 1.91 0.17 0.81 -0.15 -0.87 1.13389786240923 -0.13075556931992 1.68578815022891 0.2644 -1.1852 1.3288 -0.1156 0.4676 0.4136 -1.2328 -1.0692 -0.0704 -0.4072 -0.042 0.4244 0.3228 -1.0024 1.0006 -0.0622 0.3312 0.2832 -0.9986 -0.9754 -0.1398 -0.3814 -0.0790000000000001 0.2678 0.3548 -1.0684 0.9896 -0.2152 0.4692 0.3112 -1.0776 -1.0064 -0.2068 -0.4124 -0.044 0.3748
0.44 -0.47 -0.52 -0.62 1.96 -1.99 0.13 -0.98 -1.78 0.19 -0.0899999999999999 -1.83 -2.19 0.85 -1.87 1.13228881858176 0.815453003393024 0.858811637426562 -0.3556 0.7748 -0.6612 0.0144 -0.5124 -0.8064 0.0772 -0.0392 -0.7804 -0.9172 0.248 -0.8856 0.3228 -1.0024 1.0006 -0.0622 0.3312 0.7532 -0.0586 -0.0354 0.8002 1.0286 -0.549 0.7378 0.3548 -1.0684 0.9896 -0.2152 0.4692 0.8312 -0.0376 0.0336 0.8332 1.1476 -0.564 0.8948
-0.56 0.53 -0.52 0.38 1.96 2.01 -1.87 2.02 2.22 2.19 1.91 0.17 1.81 0.85 2.13 1.33568758236215 1.12569949958151 0.210161681357428 -0.2956 -1.1852 -0.9112 1.0044 -1.2124 -1.2664 -1.2328 -1.0692 -0.0704 -0.9672 -0.602 -1.2556 0.2328 0.9576 1.1306 -0.9922 0.9412 1.0932 1.1914 0.9346 0.0302 0.9586 0.301 0.9878 -0.1652 -1.0684 -1.0904 0.8248 -1.0908 -1.2488 -1.0776 -1.0064 -0.2068 -0.9324 -0.564 -1.1852
0.44 0.53 -0.52 -1.62 1.96 -0.99 -1.87 -1.98 -1.78 -1.81 -2.09 -0.83 -1.19 -1.15 0.13 -0.389595883233243 -0.87282208710155 -0.672238985075893 -0.7956 0.7748 -0.2212 -0.8656 -0.9524 -0.8064 -0.8028 -0.9192 -0.3404 -0.4772 -0.632 -0.00559999999999999 -0.8272 0.9576 -0.4594 -0.9922 -1.1788 -1.0268 -0.9286 -1.1854 -0.4998 -0.6314 -0.759 -0.0722 0.8748 -1.0684 0.4696 0.8248 0.9892 0.8312 1.0024 1.0736 0.3132 0.6276 0.476 -0.1452
0.44 0.53 0.48 2.38 -2.04 -1.99 -1.87 -1.98 0.22 -1.81 -1.09 1.17 -2.19 -0.15 -1.87 -0.0730171305969225 1.39385875652897 1.82520156347847 0.9644 -0.9852 -0.6612 -0.8656 -0.9524 0.0736 -0.8028 -0.4792 0.5396 -0.9172 -0.192 -0.8856 1.2928 -1.1624 -0.9894 -0.9922 -1.1788 0.0332 -0.9286 -0.6554 0.5602 -1.1614 -0.229 -1.1322 1.1748 -1.0284 -1.0004 -1.0452 -0.9908 0.0112 -0.8076 -0.5364 0.4432 -1.0424 -0.194 -0.9752
0.44 0.53 0.48 -1.62 -2.04 -0.99 2.13 2.02 1.22 -1.81 1.91 1.17 -2.19 1.85 -0.87 0.811279541881608 1.53794349239345 0.751102382601421 -0.7956 -0.9852 -0.2212 0.8944 0.8076 0.5136 -0.8028 0.8408 0.5396 -0.9172 0.688 -0.4456 -0.8272 -1.1624 -0.4594 1.1278 0.9412 0.5632 -0.9286 0.9346 0.5602 -1.1614 0.831 -0.6022 -0.7452 -1.0284 -0.5204 0.8748 0.9292 0.4912 -0.8076 0.9036 0.4432 -1.0424 0.766 -0.4952
-0.56 -0.47 0.48 -1.62 1.96 2.01 2.13 -1.98 2.22 1.19 1.91 2.17 1.81 1.85 2.13 2.08026350693606 1.12328072693936 3.59942526151793 0.8244 -1.1852 -0.9112 -1.2356 1.0276 -1.2664 -0.6728 -1.0692 -1.1904 -0.9672 -1.162 -1.2556 0.7928 -1.0024 -0.8794 -1.0022 0.8012 -1.1268 -0.5286 -0.9754 -1.0798 -0.8514 -1.019 -1.1422 -0.7452 0.8916 0.9196 0.8748 -0.9908 0.9712 0.6324 0.9036 0.9232 0.8776 0.766 0.9448
0.44 0.53 0.48 0.38 -0.04 -1.99 0.13 0.02 -1.78 0.19 -0.0899999999999999 -1.83 -0.19 -2.15 -0.87 1.82595134522592 0.650486220790957 2.66768673694798 0.0844 -0.1052 -0.6612 0.0144 -0.0724 -0.8064 0.0772 -0.0392 -0.7804 -0.0372 -1.072 -0.4456 0.2328 -0.1024 -0.9894 0.0678 -0.1188 -1.0268 0.1314 -0.1254 -1.0298 -0.1014 -1.289 -0.6022 0.2148 -0.0684 -1.0004 -0.0852 -0.0308 -0.9488 0.1524 -0.0564 -0.9968 -0.0824 -1.154 -0.4952
0.44 0.53 0.48 0.38 0.96 -1.99 1.13 0.02 2.22 -1.81 -1.09 1.17 0.81 1.85 -0.87 0.694781413179115 0.651908214490766 0.484513399143601 0.0844 0.3348 -0.6612 0.4544 -0.0724 0.9536 -0.8028 -0.4792 0.5396 0.4028 0.688 -0.4456 0.2328 0.4276 -0.9894 0.5978 -0.1188 1.0932 -0.9286 -0.6554 0.5602 0.4286 0.831 -0.6022 0.2148 0.4116 -1.0004 0.3948 -0.0308 0.9712 -0.8076 -0.5364 0.4432 0.3976 0.766 -0.4952
-0.56 0.53 -0.52 0.38 1.96 0.01 -0.87 1.02 1.22 -0.81 -2.09 -1.83 -2.19 -1.15 1.13 -0.516281034286416 0.336705749990412 1.21505145876878 -0.2956 -1.1852 0.2088 0.4444 -0.6524 -0.7064 0.4472 1.1708 1.0496 1.2728 0.518 -0.6956 0.2328 0.9576 0.0706 -0.4622 0.4112 0.5632 -0.3986 -1.1854 -1.0298 -1.1614 -0.759 0.4578 -0.1652 -1.0684 -0.0504 0.3048 -0.5708 -0.7288 0.4824 1.0736 0.8332 1.1476 0.476 -0.6652
-0.56 -0.47 -0.52 -1.62 0.96 2.01 -1.87 0.02 -0.78 2.19 -1.09 1.17 1.81 1.85 2.13 0.923881132529786 1.18133768222479 1.66027100614729 0.8244 -0.6252 -0.9112 1.0044 -0.0924 0.4136 -1.2328 0.6108 -0.6304 -0.9672 -1.162 -1.2556 0.7928 -0.5324 -0.8794 0.8778 -0.1388 0.2832 -0.9986 0.4346 -0.6098 -0.8514 -1.019 -1.1422 0.8748 -0.5484 -1.0904 0.8248 -0.0508 0.3112 -1.0776 0.5536 -0.7268 -0.9324 -1.084 -1.1852
0.44 0.53 0.48 1.38 0.96 -1.99 2.13 2.02 2.22 -1.81 -1.09 -1.83 -2.19 1.85 -1.87 1.17368350194871 2.83329833915627 2.30062652045129 0.5244 0.3348 -0.6612 0.8944 0.8076 0.9536 -0.8028 -0.4792 -0.7804 -0.9172 0.688 -0.8856 0.7628 0.4276 -0.9894 1.1278 0.9412 1.0932 -0.9286 -0.6554 -1.0298 -1.1614 0.831 -1.1322 0.6948 0.4116 -1.0004 0.8748 0.9292 0.9712 -0.8076 -0.5364 -0.9968 -1.0424 0.766 -0.9752
-0.56 -0.47 0.48 -1.62 -2.04 0.01 -0.87 -1.98 -0.78 -1.81 -0.0899999999999999 1.17 -2.19 1.85 -1.87 -0.902693429109424 0.268237435810876 -1.21876062098418 0.8244 1.0548 0.2088 0.4444 1.0276 0.4136 1.0072 0.0508 -0.6304 1.2728 -1.162 0.9844 0.7928 0.8776 0.0606 0.4078 0.8012 0.2832 0.8814 -0.0354 -0.6098 1.0286 -1.019 0.7378 -0.7452 -1.0284 -0.0404 -0.5652 -0.9908 -0.4688 -0.8076 -0.0564 0.4432 -1.0424 0.766 -0.9752
0.44 -0.47 -0.52 -1.62 0.96 -1.99 -1.87 -1.98 -0.78 -0.81 1.91 0.17 1.81 0.85 -0.87 1.44135274225106 0.120605104966584 0.350675743102865 -0.7956 0.3348 -0.6612 -0.8656 -0.9524 -0.3664 -0.3628 0.8408 0.0996 0.8428 0.248 -0.4456 0.7928 -0.5324 1.0006 0.8778 0.8012 0.2832 0.4114 -0.9754 -0.1398 -0.8514 -0.549 0.2678 0.8748 -0.5484 0.9896 0.8248 0.9892 0.3112 0.4824 -1.0064 -0.2068 -0.9324 -0.564 0.3748
0.44 0.53 0.48 -0.62 1.96 2.01 2.13 2.02 0.22 2.19 1.91 0.17 -1.19 1.85 0.13 0.668049693754586 0.93849496470999 1.15269323233855 -0.3556 0.7748 1.0988 0.8944 0.8076 0.0736 0.9572 0.8408 0.0996 -0.4772 0.688 -0.00559999999999999 -0.2972 0.9576 1.1306 1.1278 0.9412 0.0332 1.1914 0.9346 0.0302 -0.6314 0.831 -0.0722 -0.2652 0.8916 0.9196 0.8748 0.9292 0.0112 1.1124 0.9036 -0.0368 -0.5624 0.766 -0.0152
-0.56 0.53 0.48 -0.62 -2.04 2.01 1.13 2.02 1.22 -0.81 1.91 1.17 1.81 1.85 0.13 1.72522324728883 1.68253505423866 2.09920468318368 0.2644 1.0548 -0.9112 -0.6756 -1.2124 -0.7064 0.4472 -1.0692 -0.6304 -0.9672 -1.162 -0.1356 -0.2972 -1.1624 1.1306 0.5978 0.9412 0.5632 -0.3986 0.9346 0.5602 0.9586 0.831 -0.0722 -0.2652 -1.0284 0.9196 0.3948 0.9292 0.4912 -0.3276 0.9036 0.4432 0.8776 0.766 -0.0152
0.44 0.53 0.48 1.38 -2.04 0.01 -1.87 2.02 2.22 2.19 1.91 -0.83 1.81 1.85 1.13 1.49202324282017 2.60806945028762 1.97653641742008 0.5244 -0.9852 0.2188 -0.8656 0.8076 0.9536 0.9572 0.8408 -0.3404 0.8428 0.688 0.4344 0.7628 -1.1624 0.0706 -0.9922 0.9412 1.0932 1.1914 0.9346 -0.4998 0.9586 0.831 0.4578 0.6948 -1.0284 -0.0404 -1.0452 0.9292 0.9712 1.1124 0.9036 -0.5168 0.8776 0.766 0.4648
-0.56 0.53 0.48 2.38 0.96 1.01 -0.87 2.02 0.22 1.19 0.91 2.17 1.81 1.85 2.13 -0.0118422837655884 0.727656533719303 1.03547190377722 -1.4156 -0.6252 -0.3512 0.4444 -1.2124 -0.1464 -0.6728 -0.5092 -1.1904 -0.9672 -1.162 -1.2556 1.2928 0.4276 0.6006 -0.4622 0.9412 0.0332 0.6614 0.4046 1.0902 0.9586 0.831 0.9878 1.1748 0.4116 0.4396 -0.5652 0.9292 0.0112 0.6324 0.4236 0.9232 0.8776 0.766 0.9448
-0.56 -0.47 -0.52 -1.62 -2.04 -0.99 1.13 1.02 0.22 2.19 -2.09 2.17 1.81 -0.15 0.13 0.227895502410215 0.718815019499402 0.923468424451729 0.8244 1.0548 0.7688 -0.6756 -0.6524 -0.1464 -1.2328 1.1708 -1.1904 -0.9672 -0.042 -0.1356 0.7928 0.8776 0.5306 -0.5322 -0.6088 -0.1868 -0.9986 0.9046 -1.0798 -0.8514 -0.0790000000000001 -0.2022 0.8748 1.0116 0.4696 -0.7352 -0.5708 -0.2088 -1.0776 1.0736 -1.2468 -0.9324 -0.044 -0.1452
-0.56 -0.47 0.48 -1.62 -2.04 -0.99 0.13 1.02 -0.78 -1.81 -1.09 -1.83 -0.19 -0.15 0.13 -0.18690911419939 1.82993594722116 2.37215481827344 0.8244 1.0548 0.7688 -0.1156 -0.6524 0.4136 1.0072 0.6108 1.0496 0.1528 -0.042 -0.1356 0.7928 0.8776 0.5306 -0.0622 -0.6088 0.2832 0.8814 0.4346 0.8002 0.0886 -0.0790000000000001 -0.2022 -0.7452 -1.0284 -0.5204 -0.0852 0.4492 -0.4688 -0.8076 -0.5364 -0.9968 -0.0824 -0.194 -0.0152
0.44 -0.47 -0.52 -0.62 1.96 2.01 0.13 0.02 -1.78 -1.81 -2.09 -1.83 -2.19 -0.15 -0.87 0.603626215379297 -0.275113410721848 0.854249088848805 -0.3556 0.7748 1.0988 0.0144 -0.0724 -0.8064 -0.8028 -0.9192 -0.7804 -0.9172 -0.192 -0.4456 0.3228 -1.0024 -0.8794 -0.0622 -0.1388 0.7532 0.8814 0.9046 0.8002 1.0286 -0.0790000000000001 0.2678 0.3548 -1.0684 -1.0904 -0.2152 -0.0508 0.8312 1.0024 1.0736 0.8332 1.1476 -0.044 0.3748
-0.56 0.53 0.48 -0.62 1.96 -1.99 0.13 0.02 0.22 2.19 1.91 -1.83 -2.19 -1.15 -0.87 1.23482111720675 1.40858497762638 2.17248303897118 0.2644 -1.1852 1.3288 -0.1156 -0.0924 -0.1464 -1.2328 -1.0692 1.0496 1.2728 0.518 0.4244 -0.2972 0.9576 -0.9894 0.0678 -0.1188 0.0332 1.1914 0.9346 -1.0298 -1.1614 -0.759 -0.6022 -0.2652 0.8916 -1.0004 -0.0852 -0.0308 0.0112 1.1124 0.9036 -0.9968 -1.0424 -0.674 -0.4952
0.44 -0.47 -0.52 2.38 -0.04 2.01 1.13 2.02 2.22 1.19 1.91 2.17 1.81 1.85 2.13 0.75947484570498 0.122689664096647 0.235794413258099 0.9644 -0.1052 1.0988 0.4544 0.8076 0.9536 0.5172 0.8408 0.9796 0.8428 0.688 0.8744 -1.0872 -0.0624 -0.8794 -0.5322 -1.0788 -1.1268 -0.5286 -0.9754 -1.0798 -0.8514 -1.019 -1.1422 -1.2052 -0.0284 -1.0904 -0.7352 -1.0908 -1.2488 -0.5576 -1.0064 -1.2468 -0.9324 -1.084 -1.1852
-0.56 -0.47 0.48 -1.62 1.96 2.01 2.13 2.02 -1.78 0.19 0.91 -0.83 1.81 0.85 -1.87 -0.0709571884609642 1.23071656036389 0.554531489319474 0.8244 -1.1852 -0.9112 -1.2356 -1.2124 0.9736 -0.1128 -0.5092 0.4896 -0.9672 -0.602 0.9844 0.7928 -1.0024 -0.8794 -1.0022 -1.0788 0.7532 -0.0586 -0.5054 0.3302 -0.8514 -0.549 0.7378 -0.7452 0.8916 0.9196 0.8748 0.9292 -0.9488 0.1524 0.4236 -0.5168 0.8776 0.286 -0.9752
0.44 -0.47 -0.52 -0.62 1.96 2.01 2.13 2.02 -1.78 -0.81 1.91 2.17 1.81 -1.15 1.13 0.856838663114531 1.88358014196268 1.26617415265141 -0.3556 0.7748 1.0988 0.8944 0.8076 -0.8064 -0.3628 0.8408 0.9796 0.8428 -0.632 0.4344 0.3228 -1.0024 -0.8794 -1.0022 -1.0788 0.7532 0.4114 -0.9754 -1.0798 -0.8514 0.391 -0.6722 0.3548 -1.0684 -1.0904 -1.2552 -1.0908 0.8312 0.4824 -1.0064 -1.2468 -0.9324 0.476 -0.6652
-0.56 -0.47 -0.52 2.38 0.96 0.01 -1.87 -1.98 -0.78 1.19 1.91 -1.83 0.81 -2.15 0.13 -1.02218628433598 -0.155472903131541 -1.08589901131209 -1.4156 -0.6252 0.2088 1.0044 1.0276 0.4136 -0.6728 -1.0692 1.0496 -0.4072 1.078 -0.1356 -1.0872 -0.5324 0.0606 0.8778 0.8012 0.2832 -0.5286 -0.9754 0.8002 -0.3814 0.861 -0.2022 -1.2052 -0.5484 -0.0504 0.8248 0.9892 0.3112 -0.5576 -1.0064 0.8332 -0.4124 0.996 -0.1452
-0.56 0.53 -0.52 -1.62 -2.04 1.01 -1.87 -1.98 -1.78 0.19 -1.09 -0.83 -0.19 0.85 -1.87 1.32782076003934 1.1685934974954 1.65061884782325 0.8244 1.0548 -0.3512 1.0044 1.0276 0.9736 -0.1128 0.6108 0.4896 0.1528 -0.602 0.9844 -0.8272 -1.1624 0.6006 -0.9922 -1.1788 -1.0268 0.1314 -0.6554 -0.4998 -0.1014 0.301 -1.1322 0.8748 1.0116 -0.5704 0.8248 0.9892 0.8312 -0.0376 0.5536 0.3132 0.1076 -0.564 0.8948
0.44 -0.47 -0.52 2.38 0.96 0.01 1.13 2.02 0.22 2.19 1.91 1.17 1.81 1.85 2.13 0.524950703939021 0.753434752814062 0.466037334382676 0.9644 0.3348 0.2188 0.4544 0.8076 0.0736 0.9572 0.8408 0.5396 0.8428 0.688 0.8744 -1.0872 -0.5324 0.0606 -0.5322 -1.0788 -0.1868 -0.9986 -0.9754 -0.6098 -0.8514 -1.019 -1.1422 -1.2052 -0.5484 -0.0504 -0.7352 -1.0908 -0.2088 -1.0776 -1.0064 -0.7268 -0.9324 -1.084 -1.1852
0.44 0.53 0.48 -1.62 1.96 -1.99 -1.87 -1.98 -1.78 -1.81 -2.09 -1.83 -1.19 -2.15 -1.87 0.640322746238965 1.61000837923734 0.677557568555571 -0.7956 0.7748 -0.6612 -0.8656 -0.9524 -0.8064 -0.8028 -0.9192 -0.7804 -0.4772 -1.072 -0.8856 -0.8272 0.9576 -0.9894 -0.9922 -1.1788 -1.0268 -0.9286 -1.1854 -1.0298 -0.6314 -1.289 -1.1322 -0.7452 0.8916 -1.0004 -1.0452 -0.9908 -0.9488 -0.8076 -1.0164 -0.9968 -0.5624 -1.154 -0.9752
-0.56 -0.47 -0.52 -1.62 1.96 0.01 -0.87 -0.98 1.22 1.19 -2.09 2.17 1.81 -2.15 -1.87 0.317975851270906 0.280464007890354 0.364661149912665 0.8244 -1.1852 0.2088 0.4444 0.4676 -0.7064 -0.6728 1.1708 -1.1904 -0.9672 1.078 0.9844 0.7928 -1.0024 0.0606 0.4078 0.3312 -0.6568 -0.5286 0.9046 -1.0798 -0.8514 0.861 0.7378 0.8748 -1.0684 -0.0504 0.3048 0.4692 -0.7288 -0.5576 1.0736 -1.2468 -0.9324 0.996 0.8948
0.44 0.53 0.48 -1.62 1.96 1.01 2.13 2.02 1.22 2.19 -0.0899999999999999 -1.83 1.81 1.85 0.13 1.77212474626517 1.90979111989618 2.55861988944751 -0.7956 0.7748 0.6588 0.8944 0.8076 0.5136 0.9572 -0.0392 -0.7804 0.8428 0.688 -0.00559999999999999 -0.8272 0.9576 0.6006 1.1278 0.9412 0.5632 1.1914 -0.1254 -1.0298 0.9586 0.831 -0.0722 -0.7452 0.8916 0.4396 0.8748 0.9292 0.4912 1.1124 -0.0564 -0.9968 0.8776 0.766 -0.0152
-0.56 0.53 0.48 -1.62 1.96 2.01 2.13 1.02 1.22 0.19 -0.0899999999999999 1.17 1.81 -2.15 0.13 0.874350211536072 2.80285085045368 2.43021568701478 0.8244 -1.1852 -0.9112 -1.2356 -0.6524 -0.7064 -0.1128 0.0508 -0.6304 -0.9672 1.078 -0.1356 -0.8272 0.9576 1.1306 1.1278 0.4112 0.5632 0.1314 -0.1254 0.5602 0.9586 -1.289 -0.0722 -0.7452 0.8916 0.9196 0.8748 0.4492 0.4912 0.1524 -0.0564 0.4432 0.8776 -1.154 -0.0152
0.44 0.53 0.48 -0.62 -2.04 1.01 0.13 2.02 -1.78 0.19 1.91 -0.83 -0.19 -0.15 2.13 0.536744133433907 0.245494965949301 0.252832640715288 -0.3556 -0.9852 0.6588 0.0144 0.8076 -0.8064 0.0772 0.8408 -0.3404 -0.0372 -0.192 0.8744 -0.2972 -1.1624 0.6006 0.0678 0.9412 -1.0268 0.1314 0.9346 -0.4998 -0.1014 -0.229 0.9878 -0.2652 -1.0284 0.4396 -0.0852 0.9292 -0.9488 0.1524 0.9036 -0.5168 -0.0824 -0.194 0.9448
-0.56 -0.47 -0.52 -0.62 -1.04 -1.99 2.13 2.02 -1.78 2.19 -0.0899999999999999 2.17 1.81 1.85 0.13 0.758393088049907 1.37629554766137 1.06929295151495 0.2644 0.4948 1.3288 -1.2356 -1.2124 0.9736 -1.2328 0.0508 -1.1904 -0.9672 -1.162 -0.1356 0.3228 0.4076 1.0006 -1.0022 -1.0788 0.7532 -0.9986 -0.0354 -1.0798 -0.8514 -1.019 -0.2022 0.3548 0.4916 0.9896 -1.2552 -1.0908 0.8312 -1.0776 0.0336 -1.2468 -0.9324 -1.084 -0.1452
0.44 0.53 -0.52 2.38 1.96 -1.99 2.13 1.02 2.22 2.19 -2.09 -0.83 -2.19 1.85 2.13 0.0651674310956669 -0.0718106357515722 0.184228262046297 0.9644 0.7748 -0.6612 0.8944 0.3676 0.9536 0.9572 -0.9192 -0.3404 -0.9172 0.688 0.8744 1.2928 0.9576 -0.9894 1.1278 0.4112 1.0932 1.1914 -1.1854 -0.4998 -1.1614 0.831 0.9878 -1.2052 -1.0684 0.9896 -1.2552 -0.5708 -1.2488 -1.0776 1.0736 0.3132 1.1476 -1.084 -1.1852
0.44 -0.47 0.48 -0.62 -2.04 1.01 2.13 0.02 -1.78 2.19 -2.09 0.17 1.81 -2.15 -1.87 1.10142243246018 1.42985416571683 2.14494539380306 -0.3556 -0.9852 0.6588 0.8944 -0.0724 -0.8064 0.9572 -0.9192 0.0996 0.8428 -1.072 -0.8856 0.3228 0.8776 -0.4094 -1.0022 -0.1388 0.7532 -0.9986 0.9046 -0.1398 -0.8514 0.861 0.7378 -0.2652 -1.0284 0.4396 0.8748 -0.0308 -0.9488 1.1124 -1.0164 -0.0368 0.8776 -1.154 -0.9752
-0.56 -0.47 0.48 1.38 -2.04 2.01 2.13 -1.98 0.22 -0.81 -1.09 -1.83 -2.19 1.85 -0.87 1.27865551726876 1.48716567556765 2.56148370920561 -0.8556 1.0548 -0.9112 -1.2356 1.0276 -0.1464 0.4472 0.6108 1.0496 1.2728 -1.162 0.4244 -0.6172 0.8776 -0.8794 -1.0022 0.8012 -0.1868 0.4114 0.4346 0.8002 1.0286 -1.019 0.2678 0.6948 -1.0284 0.9196 0.8748 -0.9908 0.0112 -0.3276 -0.5364 -0.9968 -1.0424 0.766 -0.4952
0.44 0.53 0.48 -1.62 -2.04 -1.99 2.13 -1.98 0.22 -1.81 -2.09 2.17 -1.19 -1.15 -1.87 0.728743325401741 0.971045717801286 1.32330019789301 -0.7956 -0.9852 -0.6612 0.8944 -0.9524 0.0736 -0.8028 -0.9192 0.9796 -0.4772 -0.632 -0.8856 -0.8272 -1.1624 -0.9894 1.1278 -1.1788 0.0332 -0.9286 -1.1854 1.0902 -0.6314 -0.759 -1.1322 -0.7452 -1.0284 -1.0004 0.8748 -0.9908 0.0112 -0.8076 -1.0164 0.9232 -0.5624 -0.674 -0.9752
-0.56 0.53 0.48 -1.62 -2.04 0.01 -1.87 0.02 1.22 1.19 -0.0899999999999999 1.17 -2.19 -1.15 -1.87 0.86745812185242 1.09466779379329 1.79972529660968 0.8244 1.0548 0.2088 1.0044 -0.0924 -0.7064 -0.6728 0.0508 -0.6304 1.2728 0.518 0.9844 -0.8272 -1.1624 0.0706 -0.9922 -0.1188 0.5632 0.6614 -0.1254 0.5602 -1.1614 -0.759 -1.1322 -0.7452 -1.0284 -0.0404 -1.0452 -0.0308 0.4912 0.6324 -0.0564 0.4432 -1.0424 -0.674 -0.9752
0.44 -0.47 0.48 2.38 -0.04 -0.99 2.13 -1.98 -0.78 0.19 1.91 -1.83 0.81 0.85 1.13 0.0792017402599413 0.401789085710397 1.03056244668623 0.9644 -0.1052 -0.2212 0.8944 -0.9524 -0.3664 0.0772 0.8408 -0.7804 0.4028 0.248 0.4344 -1.0872 -0.0624 0.5306 -1.0022 0.8012 0.2832 -0.0586 -0.9754 0.8002 -0.3814 -0.549 -0.6722 1.1748 -0.0684 -0.5204 0.8748 -0.9908 -0.4688 0.1524 0.9036 -0.9968 0.3976 0.286 0.4648
0.44 0.53 0.48 0.38 -0.04 -0.99 2.13 2.02 2.22 0.19 -1.09 -1.83 -0.19 1.85 2.13 0.71582390729064 1.02456972849926 1.5481664606848 0.0844 -0.1052 -0.2212 0.8944 0.8076 0.9536 0.0772 -0.4792 -0.7804 -0.0372 0.688 0.8744 0.2328 -0.1024 -0.4594 1.1278 0.9412 1.0932 0.1314 -0.6554 -1.0298 -0.1014 0.831 0.9878 0.2148 -0.0684 -0.5204 0.8748 0.9292 0.9712 0.1524 -0.5364 -0.9968 -0.0824 0.766 0.9448
-0.56 -0.47 -0.52 0.38 0.96 2.01 0.13 2.02 0.22 -1.81 1.91 2.17 1.81 0.85 1.13 1.12993320891472 1.32961003751095 2.26885128773714 -0.2956 -0.6252 -0.9112 -0.1156 -1.2124 -0.1464 1.0072 -1.0692 -1.1904 -0.9672 -0.602 -0.6956 -0.1472 -0.5324 -0.8794 -0.0622 -1.0788 -0.1868 0.8814 -0.9754 -1.0798 -0.8514 -0.549 -0.6722 -0.1652 -0.5484 -1.0904 -0.2152 -1.0908 -0.2088 1.0024 -1.0064 -1.2468 -0.9324 -0.564 -0.6652
0.44 -0.47 0.48 -1.62 -2.04 1.01 0.13 -1.98 2.22 -1.81 -2.09 2.17 -2.19 -0.15 -0.87 0.241823589996275 0.32259886751106 1.5383733025803 -0.7956 -0.9852 0.6588 0.0144 -0.9524 0.9536 -0.8028 -0.9192 0.9796 -0.9172 -0.192 -0.4456 0.7928 0.8776 -0.4094 -0.0622 0.8012 -1.1268 0.8814 0.9046 -1.0798 1.0286 -0.0790000000000001 0.2678 -0.7452 -1.0284 0.4396 -0.0852 -0.9908 0.9712 -0.8076 -1.0164 0.9232 -1.0424 -0.194 -0.4952
-0.56 -0.47 0.48 -0.62 -2.04 1.01 -1.87 -1.98 -1.78 2.19 -2.09 2.17 -1.19 0.85 2.13 1.51578455221388 1.28503573520169 2.28401614884209 0.2644 1.0548 -0.3512 1.0044 1.0276 0.9736 -1.2328 1.1708 -1.1904 0.7128 -0.602 -1.2556 0.3228 0.8776 -0.4094 0.8778 0.8012 0.7532 -0.9986 0.9046 -1.0798 0.5586 -0.549 -1.1422 -0.2652 -1.0284 0.4396 -1.0452 -0.9908 -0.9488 1.1124 -1.0164 0.9232 -0.5624 0.286 0.9448
0.44 -0.47 -0.52 -1.62 -2.04 -1.99 -1.87 2.02 1.22 -0.81 -2.09 2.17 -2.19 -2.15 -0.87 -0.035260255435283 0.0537087121382689 0.805367409091246 -0.7956 -0.9852 -0.6612 -0.8656 0.8076 0.5136 -0.3628 -0.9192 0.9796 -0.9172 -1.072 -0.4456 0.7928 0.8776 1.0006 0.8778 -1.0788 -0.6568 0.4114 0.9046 -1.0798 1.0286 0.861 0.2678 0.8748 1.0116 0.9896 0.8248 -1.0908 -0.7288 0.4824 1.0736 -1.2468 1.1476 0.996 0.3748
0.44 -0.47 -0.52 2.38 -2.04 -1.99 -0.87 2.02 -1.78 1.19 -1.09 -1.83 1.81 1.85 -1.87 0.109398496728049 0.647045359357178 2.27581282001784 0.9644 -0.9852 -0.6612 -0.4256 0.8076 -0.8064 0.5172 -0.4792 -0.7804 0.8428 0.688 -0.8856 -1.0872 0.8776 1.0006 0.4078 -1.0788 0.7532 -0.5286 0.4346 0.8002 -0.8514 -1.019 0.7378 -1.2052 1.0116 0.9896 0.3048 -1.0908 0.8312 -0.5576 0.5536 0.8332 -0.9324 -1.084 0.8948
-0.56 -0.47 -0.52 1.38 0.96 -1.99 2.13 -0.98 1.22 0.19 -2.09 -1.83 -2.19 -2.15 -1.87 0.503046084394101 -0.0537614469698472 0.9021862898809 -0.8556 -0.6252 1.3288 -1.2356 0.4676 -0.7064 -0.1128 1.1708 1.0496 1.2728 1.078 0.9844 -0.6172 -0.5324 1.0006 -1.0022 0.3312 -0.6568 -0.0586 0.9046 0.8002 1.0286 0.861 0.7378 -0.6852 -0.5484 0.9896 -1.2552 0.4692 -0.7288 -0.0376 1.0736 0.8332 1.1476 0.996 0.8948
0.44 -0.47 -0.52 -0.62 1.96 -1.99 1.13 -0.98 -1.78 1.19 -1.09 0.17 0.81 -1.15 -1.87 -0.567157521490152 -0.0231492679686908 -0.330679026170575 -0.3556 0.7748 -0.6612 0.4544 -0.5124 -0.8064 0.5172 -0.4792 0.0996 0.4028 -0.632 -0.8856 0.3228 -1.0024 1.0006 -0.5322 0.3312 0.7532 -0.5286 0.4346 -0.1398 -0.3814 0.391 0.7378 0.3548 -1.0684 0.9896 -0.7352 0.4692 0.8312 -0.5576 0.5536 -0.2068 -0.4124 0.476 0.8948
-0.56 0.53 -0.52 1.38 -0.04 -1.99 -1.87 -0.98 -1.78 -0.81 0.91 0.17 1.81 0.85 -1.87 0.288960273751263 0.353234721333885 -0.0239644847794463 -0.8556 -0.0652 1.3288 1.0044 0.4676 0.9736 0.4472 -0.5092 -0.0704 -0.9672 -0.602 0.9844 0.7628 -0.1024 -0.9894 -0.9922 -0.6488 -1.0268 -0.3986 0.4046 0.0302 0.9586 0.301 -1.1322 -0.6852 -0.0284 0.9896 0.8248 0.4692 0.8312 0.4824 -0.4864 -0.2068 -0.9324 -0.564 0.8948
0.44 0.53 0.48 -0.62 1.96 2.01 0.13 0.02 2.22 2.19 1.91 1.17 -1.19 0.85 2.13 0.481024806598234 1.50894154551943 1.40611857175078 -0.3556 0.7748 1.0988 0.0144 -0.0724 0.9536 0.9572 0.8408 0.5396 -0.4772 0.248 0.8744 -0.2972 0.9576 1.1306 0.0678 -0.1188 1.0932 1.1914 0.9346 0.5602 -0.6314 0.301 0.9878 -0.2652 0.8916 0.9196 -0.0852 -0.0308 0.9712 1.1124 0.9036 0.4432 -0.5624 0.286 0.9448
0.44 -0.47 0.48 -1.62 0.96 2.01 -1.87 1.02 0.22 -1.81 -2.09 0.17 -0.19 -2.15 0.13 0.337899914559885 0.481770115424444 1.15244897166679 -0.7956 0.3348 1.0988 -0.8656 0.3676 0.0736 -0.8028 -0.9192 0.0996 -0.0372 -1.072 -0.00559999999999999 0.7928 -0.5324 -0.8794 0.8778 -0.6088 -0.1868 0.8814 0.9046 -0.1398 0.0886 0.861 -0.2022 -0.7452 0.4116 0.9196 -1.0452 0.4492 0.0112 -0.8076 -1.0164 -0.0368 -0.0824 -1.154 -0.0152
0.44 0.53 0.48 0.38 -0.04 2.01 -1.87 -0.98 -1.78 -1.81 1.91 -0.83 0.81 -0.15 0.13 0.621656123725291 1.01889952236074 0.888722990350253 0.0844 -0.1052 1.0988 -0.8656 -0.5124 -0.8064 -0.8028 0.8408 -0.3404 0.4028 -0.192 -0.00559999999999999 0.2328 -0.1024 1.1306 -0.9922 -0.6488 -1.0268 -0.9286 0.9346 -0.4998 0.4286 -0.229 -0.0722 0.2148 -0.0684 0.9196 -1.0452 -0.5108 -0.9488 -0.8076 0.9036 -0.5168 0.3976 -0.194 -0.0152
-0.56 -0.47 -0.52 -1.62 -0.04 -1.99 -1.87 -1.98 -1.78 -1.81 -1.09 -1.83 -2.19 -0.15 -1.87 -0.408610422325594 -0.747617136061973 -0.43836538226568 0.8244 -0.0652 1.3288 1.0044 1.0276 0.9736 1.0072 0.6108 1.0496 1.2728 -0.042 0.9844 0.7928 -0.0624 1.0006 0.8778 0.8012 0.7532 0.8814 0.4346 0.8002 1.0286 -0.0790000000000001 0.7378 0.8748 -0.0284 0.9896 0.8248 0.9892 0.8312 1.0024 0.5536 0.8332 1.1476 -0.044 0.8948
-0.56 -0.47 -0.52 1.38 -2.04 0.01 2.13 -1.98 1.22 1.19 -2.09 -1.83 -2.19 -2.15 -1.87 1.13651880441245 1.57430948479748 -0.304477348088654 -0.8556 1.0548 0.2088 -1.2356 1.0276 -0.7064 -0.6728 1.1708 1.0496 1.2728 1.078 0.9844 -0.6172 0.8776 0.0606 -1.0022 0.8012 -0.6568 -0.5286 0.9046 0.8002 1.0286 0.861 0.7378 -0.6852 1.0116 -0.0504 -1.2552 0.9892 -0.7288 -0.5576 1.0736 0.8332 1.1476 0.996 0.8948
-0.56 -0.47 -0.52 -0.62 -2.04 1.01 -0.87 -1.98 -1.78 -1.81 -2.09 0.17 -0.19 -2.15 0.13 -0.176682684618903 0.462522279447094 0.502134243007891 0.2644 1.0548 -0.3512 0.4444 1.0276 0.9736 1.0072 1.1708 -0.0704 0.1528 1.078 -0.1356 0.3228 0.8776 -0.4094 0.4078 0.8012 0.7532 0.8814 0.9046 -0.1398 0.0886 0.861 -0.2022 0.3548 1.0116 -0.5704 0.3048 0.9892 0.8312 1.0024 1.0736 -0.2068 0.1076 0.996 -0.1452
