-0.54 -0.49 -0.52 0.1 -1.94 -0.0699999999999998 -1 1.93 -1.93 1.04 -1.92 -2.01 -2.18 -1.95 0.0600000000000001 0.450444934419333 1.77078642159444 0.704996137618085 -0.088 1.0252 -0.0644 0.61 -1.1244 0.9444 -0.6432 0.9936 0.9608 0.9744 0.986 -0.1948 -0.038 1.0212 -0.1514 0.49 -1.0614 0.8814 -0.5592 0.9116 0.8798 1.0564 0.891 -0.1888 -0.164 1.1176 -0.0372 0.57 -0.9872 0.8772 -0.6916 0.9668 0.9604 0.9872 0.848 -0.2624
0.46 -0.49 -0.52 1.1 2.06 -2.07 0 -1.07 -1.93 2.04 2.08 -0.00999999999999979 1.82 0.05 -0.94 0.39562372571401 1.40993702240074 1.33527296669846 0.472 0.9252 -1.0544 0.07 -0.5744 -0.9856 0.8568 0.9136 -0.1292 0.6344 -0.044 -0.5948 -0.528 -0.9388 0.8286 0 0.4086 0.8814 -1.0492 -1.0484 -0.1002 -0.9036 -0.089 0.3012 -0.684 -0.9624 1.0028 0.05 0.5728 0.8772 -1.2116 -1.1132 -0.0796 -1.0928 -0.192 0.2576
-0.54 -0.49 0.48 2.1 0.0600000000000001 -2.07 1 -2.07 0.0700000000000001 2.04 0.0800000000000001 -1.01 -0.18 1.05 0.0600000000000001 0.804337907310332 1.5345522105083 0.121854236349397 -1.168 -0.0548 1.0156 -0.47 1.0356 -0.1356 -1.1832 -0.0864 0.4208 -0.1056 -0.634 -0.1948 -1.018 0.0412 0.8286 -0.49 0.8986 -0.0986 -1.0492 -0.0684 0.3898 0.0764 -0.579 -0.1888 0.896 0.1376 -1.0672 0.53 -0.9772 -0.0928 0.8284 0.00680000000000003 -0.5696 -0.2328 0.338 -0.2024
0.46 0.51 0.48 -1.9 -0.94 -2.07 2 -2.07 1.07 2.04 1.08 0.99 1.82 -0.95 2.06 0.792323842867431 -0.110549659975574 1.13354768325758 -0.908 -0.4548 -1.0544 0.99 -1.0344 0.3944 0.8568 0.4536 0.3308 0.6344 -0.504 0.7852 -0.958 -0.4088 -1.2414 1.02 -1.1714 0.4814 0.9908 0.5216 0.3998 0.9164 -0.549 0.8912 -1.024 -0.3424 -1.0672 1.01 -0.9772 0.3872 0.8284 0.4868 0.3904 0.7272 -0.622 0.7576
-0.54 0.51 -0.52 -1.9 -0.94 -0.0699999999999998 1 -0.0699999999999998 -1.93 -0.96 -1.92 -1.01 -0.18 0.05 -0.94 -0.663459405864623 0.235350523934939 -0.187181661484315 0.992 0.4852 -0.0644 -0.47 -0.0444 0.9444 0.4368 0.9936 0.4208 -0.1056 -0.094 0.3452 -0.958 -0.4088 -0.2214 0.51 -0.1514 -1.0486 -0.5392 -1.0084 -0.6202 -0.1036 -0.039 -0.6388 0.876 0.5976 -0.0372 -0.47 0.0528 0.8772 0.3484 0.9668 0.4404 -0.0528 -0.192 0.2576
-0.54 0.51 -0.52 -1.9 2.06 -2.07 -1 0.93 2.07 -1.96 2.08 -2.01 -2.18 -1.95 -0.94 0.0936510525990594 1.3669697286717 2.08396515413677 0.992 -1.1348 1.0156 0.61 -0.5844 -1.2156 0.9768 -1.1664 0.9608 0.9744 0.986 0.3452 -0.958 1.1212 -1.2414 -0.51 0.3586 0.9914 -1.0492 1.0316 -1.1302 -1.1236 -1.059 -0.6388 0.876 -0.9624 1.0028 0.57 -0.4672 -1.2028 0.8684 -1.1132 0.9604 0.9872 0.848 0.2576
-0.54 -0.49 0.48 -1.9 -0.94 -2.07 0 -2.07 2.07 -1.96 -1.92 -2.01 0.82 2.05 1.06 1.05319434793846 1.7482498869171 3.47292766646031 0.992 0.4852 1.0156 0.07 1.0356 -1.2156 0.9768 0.9936 0.9608 -0.6456 -1.174 -0.7348 0.942 0.5312 0.8286 0 0.8986 -1.0786 0.9108 0.9116 0.8798 -0.4136 -1.069 -0.6788 -1.024 -0.3424 -1.0672 0.05 -0.9772 0.8672 -1.0916 -0.9532 -1.0496 0.2472 0.818 0.2776
-0.54 -0.49 -0.52 0.1 -1.94 -1.07 1 -2.07 -1.93 2.04 1.08 0.99 1.82 -1.95 -1.94 0.720916168187659 2.89521571969251 3.19802376416879 -0.088 1.0252 0.4756 -0.47 1.0356 0.9444 -1.1832 -0.6264 -0.6592 -1.1856 0.986 0.8852 -0.038 1.0212 0.3386 -0.49 0.8986 0.8814 -1.0492 -0.5584 -0.5902 -0.9036 0.891 0.7912 -0.164 1.1176 0.4828 -0.47 1.0928 0.8772 -1.2116 -0.5932 -0.5996 -1.0928 0.848 0.7776
0.46 0.51 0.48 -1.9 0.0600000000000001 1.93 -2 1.93 0.0700000000000001 -1.96 0.0800000000000001 -1.01 1.82 1.05 1.06 -1.01222562203961 -0.79716237908955 1.93995947212066 -0.908 0.00519999999999997 0.7856 -0.85 0.8056 -0.0656 -0.9832 -0.00639999999999999 -0.5892 0.6344 0.416 0.3252 -0.958 0.1012 0.7986 -1.02 0.8686 -0.0286 -1.0492 0.0116 -0.6202 0.9164 0.471 0.3812 -1.024 0.1376 0.8528 -0.91 0.9428 -0.0928 -1.0916 0.00680000000000003 -0.5696 0.7272 0.338 0.2776
-0.54 -0.49 -0.52 2.1 2.06 -0.0699999999999998 2 -2.07 2.07 -1.96 2.08 -0.00999999999999979 -2.18 1.05 -1.94 0.612242819321514 0.199517273476085 0.491014348425119 -1.168 -1.1348 -0.0644 -1.01 1.0356 -1.2156 0.9768 -1.1664 -0.1192 0.9744 -0.634 0.8852 -1.018 -0.9388 -0.1514 -0.98 0.8986 -1.0786 0.9108 -1.0484 -0.1002 1.0564 -0.579 0.7912 -1.204 -0.9624 -0.0372 -0.99 1.0928 -1.2028 0.8684 -1.1132 -0.0796 0.9872 -0.712 0.7776
-0.54 0.51 0.48 -0.9 -1.94 1.93 2 -1.07 0.0700000000000001 2.04 2.08 1.99 1.82 2.05 2.06 2.61784320625315 2.3428647089612 2.89841926738069 0.452 1.0252 -1.1444 -1.01 0.4956 -0.1356 -1.1832 -1.1664 -1.1992 -1.1856 -1.174 -1.2748 -0.448 -0.9188 0.7986 1.02 -0.6614 -0.0286 0.9908 1.0316 0.9098 0.9164 0.981 0.8912 -0.544 -0.8224 0.8528 1.01 -0.4972 -0.0928 0.8284 0.9668 0.8704 0.7272 0.818 0.7576
-0.54 -0.49 -0.52 2.1 -0.94 0.93 0 -1.07 0.0700000000000001 1.04 2.08 -2.01 -2.18 0.05 0.0600000000000001 -0.14057183846666 0.245111315941098 -0.937617783634479 -1.168 0.4852 -0.6044 0.07 0.4956 -0.1356 -0.6432 -1.1664 0.9608 0.9744 -0.094 -0.1948 -1.018 0.5312 -0.6414 0 0.4086 -0.0986 -0.5592 -1.0484 0.8798 1.0564 -0.089 -0.1888 -1.204 0.5976 -0.5572 0.05 0.5728 -0.1628 -0.6916 -1.1132 0.9604 0.9872 -0.192 -0.2624
-0.54 -0.49 -0.52 1.1 -1.94 -0.0699999999999998 -2 -1.07 1.07 2.04 2.08 -0.00999999999999979 1.82 -0.95 -1.94 0.308167562494837 1.40438342213603 1.22019037590863 -0.628 1.0252 -0.0644 1.15 0.4956 -0.6756 -1.1832 -1.1664 -0.1192 -1.1856 0.446 0.8852 -0.528 1.0212 -0.1514 0.98 0.4086 -0.5886 -1.0492 -1.0484 -0.1002 -0.9036 0.401 0.7912 -0.684 1.1176 -0.0372 1.09 0.5728 -0.6828 -1.2116 -1.1132 -0.0796 -1.0928 0.328 0.7776
-0.54 0.51 0.48 -0.9 2.06 -1.07 -2 0.93 -0.93 2.04 0.0800000000000001 0.99 -2.18 -1.95 -1.94 -1.2291277430119 -2.5746131496363 -1.62303797121078 0.452 -1.1348 0.4756 1.15 -0.5844 0.4044 -1.1832 -0.0864 -0.6592 0.9744 0.986 0.8852 -0.448 1.1212 -0.7314 -1.02 0.3586 -0.5386 0.9908 0.0116 0.3998 -1.1236 -1.059 -1.1488 -0.544 1.0976 -0.5872 -0.91 0.4628 -0.5728 0.8284 0.00680000000000003 0.3904 -1.1928 -1.102 -1.1624
0.46 -0.49 -0.52 -1.9 0.0600000000000001 1.93 1 0.93 -0.93 1.04 -1.92 1.99 -1.18 2.05 -0.94 2.02056020370801 0.457286942957224 1.52561293080425 -0.908 0.00519999999999997 0.7856 0.53 0.3456 -0.5256 0.3968 -0.9264 0.7908 -0.7456 0.876 -0.5948 0.942 0.0412 -1.1314 -0.49 -0.5714 0.3914 -0.5592 0.9116 -1.0802 0.5664 -1.069 0.3012 0.876 0.0776 -1.0772 -0.47 -0.4672 0.3572 -0.6916 0.9668 -1.1196 0.4672 -1.232 0.2576
0.46 0.51 0.48 1.1 2.06 0.93 -2 0.93 0.0700000000000001 -1.96 0.0800000000000001 0.99 -1.18 2.05 2.06 1.31257899951882 1.64900602093967 1.30770133533665 0.472 0.9252 0.3256 -0.85 0.3456 -0.0656 -0.9832 -0.00639999999999999 0.3308 -0.7456 0.876 0.7852 0.572 1.1212 0.2886 -1.02 0.3586 -0.0286 -1.0492 0.0116 0.3998 -0.6136 0.981 0.8912 0.416 1.0976 0.3728 -0.91 0.4628 -0.0928 -1.0916 0.00680000000000003 0.3904 -0.7128 0.818 0.7576
-0.54 -0.49 -0.52 0.1 -0.94 -2.07 2 -2.07 -1.93 -1.96 2.08 1.99 -0.18 0.05 -0.94 -0.0602896058211773 -0.665702359292599 -2.17040277763629 -0.088 0.4852 1.0156 -1.01 1.0356 0.9444 0.9768 -1.1664 -1.1992 -0.1056 -0.094 0.3452 -0.038 0.5312 0.8286 -0.98 0.8986 0.8814 0.9108 -1.0484 -1.0802 0.0764 -0.089 0.3012 -0.164 0.5976 1.0028 -0.99 1.0928 0.8772 0.8684 -1.1132 -1.1196 -0.0528 -0.192 0.2576
0.46 0.51 -0.52 0.1 -0.94 -2.07 0 0.93 -0.93 -1.96 -0.92 -1.01 -2.18 -1.95 -0.94 -0.993682413265031 1.07482074014397 0.455941912742987 0.012 -0.4548 -1.0544 0.07 0.3456 -0.5256 -0.9832 -0.4664 -0.5892 -1.2056 -0.964 -0.5948 0.062 -0.4088 -1.2414 0 0.3586 -0.5386 -1.0492 -0.4984 -0.6202 -1.1236 -1.059 -0.6388 -0.164 0.5976 1.0028 0.05 -0.4672 0.3572 0.8684 0.4468 0.4404 0.9872 0.848 0.2576
0.46 0.51 -0.52 0.1 -1.94 1.93 2 -2.07 2.07 -1.96 -1.92 -2.01 -0.18 1.05 2.06 1.55582811741861 0.677135309898956 0.747331226796006 0.012 -0.9148 0.7856 0.99 -1.0344 0.8544 -0.9832 -0.9264 -1.0492 -0.2856 0.416 0.7852 0.062 -0.9188 0.7986 1.02 -1.1714 0.9914 -1.0492 -1.0084 -1.1302 -0.1036 0.471 0.8912 -0.164 1.1176 -1.0772 -0.99 1.0928 -1.2028 0.8684 0.9668 0.9604 -0.0528 -0.712 -1.3024
0.46 -0.49 0.48 2.1 2.06 1.93 -2 -0.0699999999999998 2.07 0.04 2.08 -1.01 1.82 2.05 2.06 1.80612943196951 1.44685637363332 1.43263553793681 0.932 0.9252 0.7856 -0.85 -0.1144 0.8544 -0.0632 0.9136 -0.5892 0.6344 0.876 0.7852 -1.018 -0.9388 -1.1314 0.98 -0.0814 -1.0786 -0.0692 -1.0484 0.3898 -0.9036 -1.069 -1.1688 0.896 1.0976 0.8528 -0.91 -0.0172 0.8672 -0.1316 0.9668 -0.5696 0.7272 0.818 0.7576
0.46 0.51 -0.52 2.1 -1.94 1.93 -2 1.93 0.0700000000000001 -1.96 -1.92 -1.01 -0.18 1.05 -1.94 -0.185427778706988 1.60697481811058 1.05012784984261 0.932 -0.9148 0.7856 -0.85 0.8056 -0.0656 -0.9832 -0.9264 -0.5892 -0.2856 0.416 -1.0548 1.082 -0.9188 0.7986 -1.02 0.8686 -0.0286 -1.0492 -1.0084 -0.6202 -0.1036 0.471 -1.1488 -1.204 1.1176 -1.0772 1.09 -0.9872 -0.1628 0.8684 0.9668 0.4404 -0.0528 -0.712 0.7776
0.46 -0.49 0.48 2.1 -0.94 1.93 0 -1.07 0.0700000000000001 2.04 1.08 0.99 1.82 1.05 1.06 2.74535269938788 0.950062948495955 3.31779089336774 0.932 -0.4548 0.7856 0.07 -0.5744 -0.0656 0.8568 0.4536 0.3308 0.6344 0.416 0.3252 -1.018 0.5312 -1.1314 0 0.4086 -0.0986 -1.0492 -0.5584 -0.5902 -0.9036 -0.579 -0.6788 0.896 -0.3424 0.8528 0.05 -0.4972 -0.0928 0.8284 0.4868 0.3904 0.7272 0.338 0.2776
-0.54 -0.49 -0.52 -0.9 0.0600000000000001 1.93 -2 0.93 -1.93 -0.96 -0.92 0.99 1.82 -1.95 1.06 1.19675381708896 1.4569621214198 0.921280606511704 0.452 -0.0548 -1.1444 1.15 -0.5844 0.9444 0.4368 0.4536 -0.6592 -1.1856 0.986 -0.7348 0.452 0.0412 -1.1314 0.98 -0.5714 0.8814 0.4208 0.4216 -0.5902 -0.9036 0.891 -0.6788 0.356 0.0776 -1.0772 1.09 -0.4672 0.8772 0.3484 0.4468 -0.5996 -1.0928 0.848 -0.7824
0.46 0.51 0.48 0.1 -1.94 -0.0699999999999998 1 -1.07 -0.93 -1.96 0.0800000000000001 1.99 -0.18 -0.95 0.0600000000000001 0.936101585916766 -0.733047563881486 1.10328518034991 0.012 -0.9148 -0.1344 0.53 -0.5744 -0.5256 -0.9832 -0.00639999999999999 0.7908 -0.2856 -0.504 -0.1348 0.062 -0.9188 -0.2214 0.51 -0.6614 -0.5386 -1.0492 0.0116 0.9098 -0.1036 -0.549 -0.1288 -0.064 -0.8224 -0.1072 0.53 -0.4972 -0.5728 -1.0916 0.00680000000000003 0.8704 -0.2328 -0.622 -0.2024
-0.54 -0.49 -0.52 -0.9 -0.94 -2.07 -2 -2.07 -0.93 -0.96 -1.92 -2.01 0.82 -0.95 0.0600000000000001 0.939446079207301 -0.601715498091293 -0.222357167040359 0.452 0.4852 1.0156 1.15 1.0356 0.4044 0.4368 0.9936 0.9608 -0.6456 0.446 -0.1948 0.452 0.5312 0.8286 0.98 0.8986 0.3914 0.4208 0.9116 0.8798 -0.4136 0.401 -0.1888 0.356 0.5976 1.0028 1.09 1.0928 0.3572 0.3484 0.9668 0.9604 -0.5728 0.328 -0.2624
-0.54 -0.49 -0.52 -1.9 2.06 -0.0699999999999998 2 1.93 -0.93 1.04 -1.92 -2.01 -0.18 -1.95 0.0600000000000001 1.07488461371055 0.865162694377445 1.12935743125738 0.992 -1.1348 -0.0644 -1.01 -1.1244 0.4044 -0.6432 0.9936 0.9608 -0.1056 0.986 -0.1948 0.942 -0.9388 -0.1514 -0.98 -1.0614 0.3914 -0.5592 0.9116 0.8798 0.0764 0.891 -0.1888 0.876 -0.9624 -0.0372 -0.99 -0.9872 0.3572 -0.6916 0.9668 0.9604 -0.0528 0.848 -0.2624
0.46 0.51 0.48 2.1 -0.94 1.93 -2 0.93 2.07 1.04 -1.92 1.99 0.82 -0.95 2.06 -0.079333593094457 0.958979712755082 3.43252941519726 0.932 -0.4548 0.7856 -0.85 0.3456 0.8544 0.3968 -0.9264 0.7908 0.1744 -0.504 0.7852 1.082 -0.4088 0.7986 -1.02 0.3586 0.9914 0.4808 -1.0084 0.9098 0.4064 -0.549 0.8912 0.896 -0.3424 0.8528 -0.91 0.4628 0.8672 0.3484 -0.9532 0.8704 0.2472 -0.622 0.7576
0.46 0.51 0.48 2.1 0.0600000000000001 1.93 -2 0.93 2.07 1.04 1.08 -0.00999999999999979 1.82 2.05 2.06 2.28295622705916 2.922242773625 2.55471926542965 0.932 0.00519999999999997 0.7856 -0.85 0.3456 0.8544 0.3968 0.4536 -0.1292 0.6344 0.876 0.7852 1.082 0.1012 0.7986 -1.02 0.3586 0.9914 0.4808 0.5216 -0.1102 0.9164 0.981 0.8912 0.896 0.1376 0.8528 -0.91 0.4628 0.8672 0.3484 0.4868 -0.0896 0.7272 0.818 0.7576
-0.54 -0.49 -0.52 -1.9 0.0600000000000001 -1.07 2 -2.07 -1.93 0.04 1.08 -1.01 -2.18 -1.95 -1.94 -0.992028374040386 0.985775384378086 0.424658066600368 0.992 -0.0548 0.4756 -1.01 1.0356 0.9444 -0.1032 -0.6264 0.4208 0.9744 0.986 0.8852 0.942 0.0412 0.3386 -0.98 0.8986 0.8814 -0.0692 -0.5584 0.3898 1.0564 0.891 0.7912 0.876 0.0776 0.4828 -0.99 1.0928 0.8772 -0.1716 -0.5932 0.4404 0.9872 0.848 0.7776
0.46 -0.49 -0.52 2.1 0.0600000000000001 -1.07 -1 -0.0699999999999998 -1.93 -1.96 -1.92 -2.01 0.82 1.05 -0.94 0.469449279983288 -0.393462047571848 0.442701224125346 0.932 0.00519999999999997 -0.5944 -0.39 -0.1144 -0.9856 -0.9832 -0.9264 -1.0492 0.1744 0.416 -0.5948 -1.018 0.0412 0.3386 0.49 -0.0814 0.8814 0.9108 0.9116 0.8798 -0.4136 -0.579 0.3012 -1.204 0.0776 0.4828 0.57 0.0528 0.8772 0.8684 0.9668 0.9604 -0.5728 -0.712 0.2576
0.46 -0.49 0.48 2.1 -0.94 -2.07 -2 -2.07 1.07 -0.96 0.0800000000000001 -1.01 -0.18 -0.95 -1.94 0.495468409787139 0.321340957715226 1.01986581675712 0.932 -0.4548 -1.0544 -0.85 -1.0344 0.3944 -0.5232 -0.00639999999999999 -0.5892 -0.2856 -0.504 -1.0548 -1.018 0.5312 0.8286 0.98 0.8986 -0.5886 0.4208 -0.0684 0.3898 0.0764 0.401 0.7912 0.896 -0.3424 -1.0672 -0.91 -0.9772 0.3872 -0.6116 0.00680000000000003 -0.5696 -0.2328 -0.622 -1.1624
-0.54 -0.49 -0.52 -1.9 0.0600000000000001 -1.07 2 -1.07 2.07 1.04 -1.92 -2.01 -2.18 1.05 -1.94 -0.084296619776427 0.00792491680162744 0.972238922921928 0.992 -0.0548 0.4756 -1.01 0.4956 -1.2156 -0.6432 0.9936 0.9608 0.9744 -0.634 0.8852 0.942 0.0412 0.3386 -0.98 0.4086 -1.0786 -0.5592 0.9116 0.8798 1.0564 -0.579 0.7912 0.876 0.0776 0.4828 -0.99 0.5728 -1.2028 -0.6916 0.9668 0.9604 0.9872 -0.712 0.7776
-0.54 0.51 0.48 0.1 -0.94 -2.07 0 -2.07 0.0700000000000001 2.04 0.0800000000000001 1.99 0.82 2.05 -0.94 1.35003770755512 3.60607862336367 2.71608945001865 -0.088 0.4852 1.0156 0.07 1.0356 -0.1356 -1.1832 -0.0864 -1.1992 -0.6456 -1.174 0.3452 0.062 -0.4088 -1.2414 0 -1.1714 -0.0286 0.9908 0.0116 0.9098 0.4064 0.981 -0.6388 -0.064 -0.3424 -1.0672 0.05 -0.9772 -0.0928 0.8284 0.00680000000000003 0.8704 0.2472 0.818 -0.6824
0.46 -0.49 0.48 1.1 -1.94 -2.07 -1 -2.07 0.0700000000000001 2.04 -1.92 -2.01 -2.18 0.05 -0.94 -0.520679371267386 0.0319979182373564 -0.367056916748406 0.472 -0.9148 -1.0544 -0.39 -1.0344 -0.0656 0.8568 -0.9264 -1.0492 -1.2056 -0.044 -0.5948 -0.528 1.0212 0.8286 0.49 0.8986 -0.0986 -1.0492 0.9116 0.8798 1.0564 -0.089 0.3012 0.416 -0.8224 -1.0672 -0.43 -0.9772 -0.0928 0.8284 -0.9532 -1.0496 -1.1928 -0.142 -0.6824
0.46 0.51 -0.52 2.1 0.0600000000000001 -0.0699999999999998 -2 1.93 2.07 1.04 1.08 -1.01 0.82 -1.95 1.06 -0.469169689990473 -0.747594421030869 2.30862413398011 0.932 0.00519999999999997 -0.1344 -0.85 0.8056 0.8544 0.3968 0.4536 -0.5892 0.1744 -0.964 0.3252 1.082 0.1012 -0.2214 -1.02 0.8686 0.9914 0.4808 0.5216 -0.6202 0.4064 -1.059 0.3812 -1.204 0.0776 -0.0372 1.09 -0.9872 -1.2028 -0.6916 -0.5932 0.4404 -0.5728 0.848 -0.7824
0.46 -0.49 -0.52 -1.9 -1.94 1.93 -2 1.93 -0.93 1.04 1.08 0.99 1.82 0.05 0.0600000000000001 2.03312150871778 2.19549258807835 1.71708091081621 -0.908 -0.9148 0.7856 -0.85 0.8056 -0.5256 0.3968 0.4536 0.3308 0.6344 -0.044 -0.1348 0.942 1.0212 -1.1314 0.98 -1.0614 0.3914 -0.5592 -0.5584 -0.5902 -0.9036 -0.089 -0.1888 0.876 1.1176 -1.0772 1.09 -0.9872 0.3572 -0.6916 -0.5932 -0.5996 -1.0928 -0.192 -0.2624
0.46 0.51 0.48 -0.9 -0.94 -2.07 -1 1.93 -1.93 -1.96 -1.92 1.99 0.82 -0.95 2.06 0.216437258187801 1.54630377149523 2.32802314528893 -0.448 -0.4548 -1.0544 -0.39 0.8056 -0.9856 -0.9832 -0.9264 0.7908 0.1744 -0.504 0.7852 -0.448 -0.4088 -1.2414 -0.51 0.8686 -1.0486 -1.0492 -1.0084 0.9098 0.4064 -0.549 0.8912 -0.544 -0.3424 -1.0672 -0.43 0.9428 -1.0528 -1.0916 -0.9532 0.8704 0.2472 -0.622 0.7576
-0.54 -0.49 0.48 -1.9 -1.94 0.93 2 0.93 2.07 2.04 0.0800000000000001 -2.01 -2.18 2.05 0.0600000000000001 1.078617430181 2.34296051680559 2.88409528518906 0.992 1.0252 -0.6044 -1.01 -0.5844 -1.2156 -1.1832 -0.0864 0.9608 0.9744 -1.174 -0.1948 0.942 1.0212 -0.6414 -0.98 -0.5714 -1.0786 -1.0492 -0.0684 0.8798 1.0564 -1.069 -0.1888 -1.024 -0.8224 0.3728 1.01 0.4628 0.8672 0.8284 0.00680000000000003 -1.0496 -1.1928 0.818 -0.2024
-0.54 0.51 0.48 2.1 -0.94 -2.07 -2 -2.07 2.07 0.04 2.08 -2.01 1.82 2.05 2.06 2.65851664074146 1.37420553716608 2.80808829965413 -1.168 0.4852 1.0156 1.15 1.0356 -1.2156 -0.1032 -1.1664 0.9608 -1.1856 -1.174 -1.2748 1.082 -0.4088 -1.2414 -1.02 -1.1714 0.9914 -0.0292 1.0316 -1.1302 0.9164 0.981 0.8912 0.896 -0.3424 -1.0672 -0.91 -0.9772 0.8672 -0.1316 0.9668 -1.0496 0.7272 0.818 0.7576
0.46 0.51 0.48 0.1 -1.94 -2.07 -2 -2.07 1.07 0.04 -0.92 1.99 1.82 -0.95 -1.94 -0.524253074150525 -0.243832111534252 1.23014305024686 0.012 -0.9148 -1.0544 -0.85 -1.0344 0.3944 -0.0632 -0.4664 0.7908 0.6344 -0.504 -1.0548 0.062 -0.9188 -1.2414 -1.02 -1.1714 0.4814 -0.0292 -0.4984 0.9098 0.9164 -0.549 -1.1488 -0.064 -0.8224 -1.0672 -0.91 -0.9772 0.3872 -0.1316 -0.4732 0.8704 0.7272 -0.622 -1.1624
0.46 -0.49 -0.52 -0.9 2.06 -2.07 -2 -1.07 0.0700000000000001 -1.96 0.0800000000000001 1.99 0.82 -0.95 0.0600000000000001 -0.129206192523829 0.0124034943919574 -0.430236251949404 -0.448 0.9252 -1.0544 -0.85 -0.5744 -0.0656 -0.9832 -0.00639999999999999 0.7908 0.1744 -0.504 -0.1348 0.452 -0.9388 0.8286 0.98 0.4086 -0.0986 0.9108 -0.0684 -1.0802 -0.4136 0.401 -0.1888 0.356 -0.9624 1.0028 1.09 0.5728 -0.1628 0.8684 -0.0732 -1.1196 -0.5728 0.328 -0.2624
0.46 -0.49 -0.52 -0.9 2.06 1.93 2 1.93 2.07 1.04 2.08 1.99 0.82 -1.95 2.06 0.430825290856318 2.14380782663177 1.45871932024681 -0.448 0.9252 0.7856 0.99 0.8056 0.8544 0.3968 0.9136 0.7908 0.1744 -0.964 0.7852 0.452 -0.9388 -1.1314 -0.98 -1.0614 -1.0786 -0.5592 -1.0484 -1.0802 -0.4136 0.891 -1.1688 0.356 -0.9624 -1.0772 -0.99 -0.9872 -1.2028 -0.6916 -1.1132 -1.1196 -0.5728 0.848 -1.3024
-0.54 -0.49 -0.52 0.1 -0.94 -0.0699999999999998 2 1.93 0.0700000000000001 0.04 1.08 -0.00999999999999979 1.82 -0.95 -1.94 1.20027836208321 0.32983189295552 2.90401879703281 -0.088 0.4852 -0.0644 -1.01 -1.1244 -0.1356 -0.1032 -0.6264 -0.1192 -1.1856 0.446 0.8852 -0.038 0.5312 -0.1514 -0.98 -1.0614 -0.0986 -0.0692 -0.5584 -0.1002 -0.9036 0.401 0.7912 -0.164 0.5976 -0.0372 -0.99 -0.9872 -0.1628 -0.1716 -0.5932 -0.0796 -1.0928 0.328 0.7776
-0.54 0.51 -0.52 -1.9 0.0600000000000001 1.93 2 0.93 1.07 0.04 0.0800000000000001 0.99 -0.18 -0.95 0.0600000000000001 1.91133326075674 0.968167529357084 0.990925692536356 0.992 -0.0548 -1.1444 -1.01 -0.5844 -0.6756 -0.1032 -0.0864 -0.6592 -0.1056 0.446 -0.1948 -0.958 0.1012 0.7986 1.02 0.3586 0.4814 -0.0292 0.0116 0.3998 -0.1036 -0.549 -0.1288 0.876 0.0776 -1.0772 -0.99 -0.4672 -0.6828 -0.1716 -0.0732 -0.5996 -0.0528 0.328 -0.2624
-0.54 -0.49 -0.52 -1.9 0.0600000000000001 -2.07 -2 -2.07 -0.93 -1.96 -0.92 -0.00999999999999979 -2.18 -1.95 -1.94 1.58852245523065 0.801631350240904 2.03719428111842 0.992 -0.0548 1.0156 1.15 1.0356 0.4044 0.9768 0.4536 -0.1192 0.9744 0.986 0.8852 0.942 0.0412 0.8286 0.98 0.8986 0.3914 0.9108 0.4216 -0.1002 1.0564 0.891 0.7912 0.876 0.0776 1.0028 1.09 1.0928 0.3572 0.8684 0.4468 -0.0796 0.9872 0.848 0.7776
-0.54 -0.49 0.48 0.1 2.06 0.93 0 -0.0699999999999998 1.07 0.04 0.0800000000000001 1.99 1.82 1.05 1.06 -1.52824112446754 0.174927004985273 0.84950928994129 -0.088 -1.1348 -0.6044 0.07 -0.0444 -0.6756 -0.1032 -0.0864 -1.1992 -1.1856 -0.634 -0.7348 -0.038 -0.9388 -0.6414 0 -0.0814 -0.5886 -0.0692 -0.0684 -1.0802 -0.9036 -0.579 -0.6788 -0.064 1.0976 0.3728 0.05 -0.0172 0.3872 -0.1316 0.00680000000000003 0.8704 0.7272 0.338 0.2776
0.46 0.51 -0.52 -1.9 1.06 -1.07 0 0.93 -1.93 2.04 2.08 1.99 -0.18 2.05 0.0600000000000001 -0.024276729114853 1.31393092219562 1.29213024198442 -0.908 0.4652 -0.5944 0.07 0.3456 -0.9856 0.8568 0.9136 0.7908 -0.2856 0.876 -0.1348 -0.958 0.6112 -0.7314 0 0.3586 -1.0486 0.9908 1.0316 0.9098 -0.1036 0.981 -0.1288 0.876 -0.4424 0.4828 0.05 -0.4672 0.8772 -1.2116 -1.1132 -1.1196 -0.0528 -1.232 -0.2624
0.46 0.51 0.48 1.1 2.06 1.93 -2 0.93 0.0700000000000001 2.04 1.08 0.99 -0.18 -0.95 0.0600000000000001 -0.0982029993355655 0.971508652732222 1.74305996624569 0.472 0.9252 0.7856 -0.85 0.3456 -0.0656 0.8568 0.4536 0.3308 -0.2856 -0.504 -0.1348 0.572 1.1212 0.7986 -1.02 0.3586 -0.0286 0.9908 0.5216 0.3998 -0.1036 -0.549 -0.1288 0.416 1.0976 0.8528 -0.91 0.4628 -0.0928 0.8284 0.4868 0.3904 -0.2328 -0.622 -0.2024
-0.54 -0.49 -0.52 2.1 2.06 0.93 1 -2.07 1.07 -1.96 -1.92 -0.00999999999999979 -1.18 -1.95 0.0600000000000001 -0.259572314172474 1.36799958587069 1.27460620094081 -1.168 -1.1348 -0.6044 -0.47 1.0356 -0.6756 0.9768 0.9936 -0.1192 0.4344 0.986 -0.1948 -1.018 -0.9388 -0.6414 -0.49 0.8986 -0.5886 0.9108 0.9116 -0.1002 0.5664 0.891 -0.1888 -1.204 -0.9624 -0.5572 -0.47 1.0928 -0.6828 0.8684 0.9668 -0.0796 0.4672 0.848 -0.2624
0.46 -0.49 -0.52 -0.9 1.06 1.93 0 1.93 2.07 -0.96 -1.92 1.99 1.82 2.05 2.06 0.281208375861969 0.276131466639304 0.924647196406874 -0.448 0.4652 0.7856 0.07 0.8056 0.8544 -0.5232 -0.9264 0.7908 0.6344 0.876 0.7852 0.452 -0.4488 -1.1314 0 -1.0614 -1.0786 0.4208 0.9116 -1.0802 -0.9036 -1.069 -1.1688 0.356 -0.4424 -1.0772 0.05 -0.9872 -1.2028 0.3484 0.9668 -1.1196 -1.0928 -1.232 -1.3024
-0.54 -0.49 -0.52 -0.9 2.06 1.93 2 1.93 0.0700000000000001 0.04 2.08 -1.01 -1.18 2.05 0.0600000000000001 -0.858582268002275 -0.00658106023885685 -0.75620138012696 0.452 -1.1348 -1.1444 -1.01 -1.1244 -0.1356 -0.1032 -1.1664 0.4208 0.4344 -1.174 -0.1948 0.452 -0.9388 -1.1314 -0.98 -1.0614 -0.0986 -0.0692 -1.0484 0.3898 0.5664 -1.069 -0.1888 0.356 -0.9624 -1.0772 -0.99 -0.9872 -0.1628 -0.1716 -1.1132 0.4404 0.4672 -1.232 -0.2624
-0.54 -0.49 0.48 -0.9 -1.94 -2.07 -2 1.93 -0.93 -1.96 -1.92 -1.01 1.82 -0.95 -1.94 1.37640790039843 2.10190012677915 1.21123530583971 0.452 1.0252 1.0156 1.15 -1.1244 0.4044 0.9768 0.9936 0.4208 -1.1856 0.446 0.8852 0.452 1.0212 0.8286 0.98 -1.0614 0.3914 0.9108 0.9116 0.3898 -0.9036 0.401 0.7912 -0.544 -0.8224 -1.0672 -0.91 0.9428 -0.5728 -1.0916 -0.9532 -0.5696 0.7272 -0.622 -1.1624
0.46 -0.49 -0.52 0.1 -1.94 -2.07 -2 -1.07 0.0700000000000001 0.04 -1.92 -2.01 -2.18 -1.95 -1.94 -0.0967483773730799 -1.49752974073963 -0.164488042999121 0.012 -0.9148 -1.0544 -0.85 -0.5744 -0.0656 -0.0632 -0.9264 -1.0492 -1.2056 -0.964 -1.0548 -0.038 1.0212 0.8286 0.98 0.4086 -0.0986 -0.0692 0.9116 0.8798 1.0564 0.891 0.7912 -0.164 1.1176 1.0028 1.09 0.5728 -0.1628 -0.1716 0.9668 0.9604 0.9872 0.848 0.7776
-0.54 0.51 0.48 2.1 0.0600000000000001 1.93 2 0.93 -1.93 1.04 0.0800000000000001 -2.01 -1.18 -1.95 0.0600000000000001 0.911372116405759 0.766703606196601 2.12204851487439 -1.168 -0.0548 -1.1444 -1.01 -0.5844 0.9444 -0.6432 -0.0864 0.9608 0.4344 0.986 -0.1948 1.082 0.1012 0.7986 1.02 0.3586 -1.0486 0.4808 0.0116 -1.1302 -0.6136 -1.059 -0.1288 0.896 0.1376 0.8528 1.01 0.4628 -1.0528 0.3484 0.00680000000000003 -1.0496 -0.7128 -1.102 -0.2024
-0.54 -0.49 -0.52 2.1 -1.94 -1.07 2 1.93 -0.93 2.04 1.08 1.99 0.82 2.05 2.06 1.23629314613155 1.26123468448325 1.39206245889081 -1.168 1.0252 0.4756 -1.01 -1.1244 0.4044 -1.1832 -0.6264 -1.1992 -0.6456 -1.174 -1.2748 -1.018 1.0212 0.3386 -0.98 -1.0614 0.3914 -1.0492 -0.5584 -1.0802 -0.4136 -1.069 -1.1688 -1.204 1.1176 0.4828 -0.99 -0.9872 0.3572 -1.2116 -0.5932 -1.1196 -0.5728 -1.232 -1.3024
-0.54 0.51 0.48 0.1 -0.94 1.93 0 0.93 2.07 -1.96 0.0800000000000001 -2.01 -2.18 -0.95 0.0600000000000001 1.36881841943365 1.89863754540818 2.18719856659803 -0.088 0.4852 -1.1444 0.07 -0.5844 -1.2156 0.9768 -0.0864 0.9608 0.9744 0.446 -0.1948 0.062 -0.4088 0.7986 0 0.3586 0.9914 -1.0492 0.0116 -1.1302 -1.1236 -0.549 -0.1288 -0.064 -0.3424 0.8528 0.05 0.4628 0.8672 -1.0916 0.00680000000000003 -1.0496 -1.1928 -0.622 -0.2024
0.46 0.51 0.48 -1.9 1.06 -1.07 0 1.93 1.07 2.04 -0.92 -0.00999999999999979 -1.18 0.05 0.0600000000000001 1.01053766838843 2.06564808881762 2.51163869002272 -0.908 0.4652 -0.5944 0.07 0.8056 0.3944 0.8568 -0.4664 -0.1292 -0.7456 -0.044 -0.1348 -0.958 0.6112 -0.7314 0 0.8686 0.4814 0.9908 -0.4984 -0.1102 -0.6136 -0.039 -0.1288 -1.024 0.6176 -0.5872 0.05 0.9428 0.3872 0.8284 -0.4732 -0.0896 -0.7128 -0.142 -0.2024
-0.54 -0.49 -0.52 -1.9 0.0600000000000001 -2.07 2 -2.07 -0.93 -1.96 -1.92 -0.00999999999999979 -2.18 -1.95 -1.94 1.18003422201795 -0.288767433989171 0.760568283476928 0.992 -0.0548 1.0156 -1.01 1.0356 0.4044 0.9768 0.9936 -0.1192 0.9744 0.986 0.8852 0.942 0.0412 0.8286 -0.98 0.8986 0.3914 0.9108 0.9116 -0.1002 1.0564 0.891 0.7912 0.876 0.0776 1.0028 -0.99 1.0928 0.3572 0.8684 0.9668 -0.0796 0.9872 0.848 0.7776
0.46 0.51 -0.52 1.1 2.06 1.93 2 -2.07 -1.93 -1.96 1.08 1.99 0.82 -1.95 2.06 0.427572857200032 -0.817408945382513 -0.634859144664519 0.472 0.9252 0.7856 0.99 -1.0344 -0.9856 -0.9832 0.4536 0.7908 0.1744 -0.964 0.7852 0.572 1.1212 0.7986 1.02 -1.1714 -1.0486 -1.0492 0.5216 0.9098 0.4064 -1.059 0.8912 -0.684 -0.9624 -1.0772 -0.99 1.0928 0.8772 0.8684 -0.5932 -1.1196 -0.5728 0.848 -1.3024
0.46 0.51 0.48 -1.9 -1.94 1.93 2 -0.0699999999999998 -0.93 0.04 -1.92 -2.01 0.82 0.05 1.06 0.703696778228787 1.35191246855994 2.6765085397359 -0.908 -0.9148 0.7856 0.99 -0.1144 -0.5256 -0.0632 -0.9264 -1.0492 0.1744 -0.044 0.3252 -0.958 -0.9188 0.7986 1.02 -0.1514 -0.5386 -0.0292 -1.0084 -1.1302 0.4064 -0.039 0.3812 -1.024 -0.8224 0.8528 1.01 -0.0172 -0.5728 -0.1316 -0.9532 -1.0496 0.2472 -0.142 0.2776
0.46 0.51 0.48 2.1 2.06 1.93 -1 1.93 -1.93 2.04 2.08 1.99 1.82 2.05 2.06 0.0677264377187949 2.0403921002675 2.38659767282964 0.932 0.9252 0.7856 -0.39 0.8056 -0.9856 0.8568 0.9136 0.7908 0.6344 0.876 0.7852 1.082 1.1212 0.7986 -0.51 0.8686 -1.0486 0.9908 1.0316 0.9098 0.9164 0.981 0.8912 0.896 1.0976 0.8528 -0.43 0.9428 -1.0528 0.8284 0.9668 0.8704 0.7272 0.818 0.7576
-0.54 0.51 -0.52 0.1 0.0600000000000001 -2.07 2 1.93 -0.93 -0.96 1.08 -0.00999999999999979 -2.18 0.05 -1.94 0.399871156014256 0.0648518673581655 0.728761744814959 -0.088 -0.0548 1.0156 -1.01 -1.1244 0.4044 0.4368 -0.6264 -0.1192 0.9744 -0.094 0.8852 0.062 0.1012 -1.2414 1.02 0.8686 -0.5386 -0.5392 0.5216 -0.1102 -1.1236 -0.039 -1.1488 -0.164 0.0776 1.0028 -0.99 -0.9872 0.3572 0.3484 -0.5932 -0.0796 0.9872 -0.192 0.7776
0.46 0.51 0.48 2.1 1.06 -2.07 -2 1.93 1.07 2.04 -0.92 1.99 0.82 2.05 0.0600000000000001 1.26760642622095 0.0120636189442362 1.70285292510422 0.932 0.4652 -1.0544 -0.85 0.8056 0.3944 0.8568 -0.4664 0.7908 0.1744 0.876 -0.1348 1.082 0.6112 -1.2414 -1.02 0.8686 0.4814 0.9908 -0.4984 0.9098 0.4064 0.981 -0.1288 0.896 0.6176 -1.0672 -0.91 0.9428 0.3872 0.8284 -0.4732 0.8704 0.2472 0.818 -0.2024
0.46 0.51 0.48 2.1 -1.94 0.93 1 -1.07 -1.93 1.04 1.08 -0.00999999999999979 0.82 1.05 0.0600000000000001 0.149541794921275 -0.235146765298181 0.892800000143457 0.932 -0.9148 0.3256 0.53 -0.5744 -0.9856 0.3968 0.4536 -0.1292 0.1744 0.416 -0.1348 1.082 -0.9188 0.2886 0.51 -0.6614 -1.0486 0.4808 0.5216 -0.1102 0.4064 0.471 -0.1288 0.896 -0.8224 0.3728 0.53 -0.4972 -1.0528 0.3484 0.4868 -0.0896 0.2472 0.338 -0.2024
-0.54 0.51 0.48 2.1 -1.94 1.93 -2 -0.0699999999999998 -0.93 -1.96 -0.92 -0.00999999999999979 -1.18 -0.95 -1.94 0.0849522663239909 0.365171162950436 0.671137311075476 -1.168 1.0252 -1.1444 1.15 -0.0444 0.4044 0.9768 0.4536 -0.1192 0.4344 0.446 0.8852 1.082 -0.9188 0.7986 -1.02 -0.1514 -0.5386 -1.0492 -0.4984 -0.1102 -0.6136 -0.549 -1.1488 0.896 -0.8224 0.8528 -0.91 -0.0172 -0.5728 -1.0916 -0.4732 -0.0896 -0.7128 -0.622 -1.1624
0.46 -0.49 -0.52 2.1 0.0600000000000001 -2.07 1 -0.0699999999999998 2.07 0.04 2.08 -2.01 -1.18 0.05 -1.94 1.85823099352249 1.31982460901408 1.6763420562319 0.932 0.00519999999999997 -1.0544 0.53 -0.1144 0.8544 -0.0632 0.9136 -1.0492 -0.7456 -0.044 -1.0548 -1.018 0.0412 0.8286 -0.49 -0.0814 -1.0786 -0.0692 -1.0484 0.8798 0.5664 -0.089 0.7912 -1.204 0.0776 1.0028 -0.47 0.0528 -1.2028 -0.1716 -1.1132 0.9604 0.4672 -0.192 0.7776
0.46 -0.49 0.48 -1.9 0.0600000000000001 -1.07 0 -1.07 -0.93 -1.96 -1.92 -2.01 -2.18 -1.95 0.0600000000000001 -0.187421502959355 0.250795869768297 1.00568772655073 -0.908 0.00519999999999997 -0.5944 0.07 -0.5744 -0.5256 -0.9832 -0.9264 -1.0492 -1.2056 -0.964 -0.1348 0.942 0.0412 0.3386 0 0.4086 0.3914 0.9108 0.9116 0.8798 1.0564 0.891 -0.1888 -1.024 0.1376 -0.5872 0.05 -0.4972 -0.5728 -1.0916 -0.9532 -1.0496 -1.1928 -1.102 -0.2024
0.46 0.51 0.48 -1.9 1.06 -2.07 -1 1.93 -0.93 -0.96 -1.92 1.99 0.82 -0.95 0.0600000000000001 -0.38816609012821 1.033885801136 1.27157526025418 -0.908 0.4652 -1.0544 -0.39 0.8056 -0.5256 -0.5232 -0.9264 0.7908 0.1744 -0.504 -0.1348 -0.958 0.6112 -1.2414 -0.51 0.8686 -0.5386 -0.5392 -1.0084 0.9098 0.4064 -0.549 -0.1288 -1.024 0.6176 -1.0672 -0.43 0.9428 -0.5728 -0.6116 -0.9532 0.8704 0.2472 -0.622 -0.2024
0.46 -0.49 0.48 2.1 2.06 1.93 2 0.93 -1.93 -1.96 0.0800000000000001 1.99 -1.18 -0.95 0.0600000000000001 0.968028717332888 0.570534635161436 -0.0828820731521516 0.932 0.9252 0.7856 0.99 0.3456 -0.9856 -0.9832 -0.00639999999999999 0.7908 -0.7456 -0.504 -0.1348 -1.018 -0.9388 -1.1314 -0.98 -0.5714 0.8814 0.9108 -0.0684 -1.0802 0.5664 0.401 -0.1888 0.896 1.0976 0.8528 1.01 0.4628 -1.0528 -1.0916 0.00680000000000003 0.8704 -0.7128 -0.622 -0.2024
-0.54 0.51 -0.52 -0.9 2.06 -0.0699999999999998 1 -2.07 0.0700000000000001 -0.96 -0.92 -2.01 -0.18 0.05 0.0600000000000001 0.596993712160239 0.670462590567899 0.0404195984397679 0.452 -1.1348 -0.0644 -0.47 1.0356 -0.1356 0.4368 0.4536 0.9608 -0.1056 -0.094 -0.1948 -0.448 1.1212 -0.2214 0.51 -1.1714 -0.0286 -0.5392 -0.4984 -1.1302 -0.1036 -0.039 -0.1288 0.356 -0.9624 -0.0372 -0.47 1.0928 -0.1628 0.3484 0.4468 0.9604 -0.0528 -0.192 -0.2624
-0.54 0.51 0.48 2.1 2.06 1.93 1 1.93 -0.93 1.04 -1.92 0.99 -0.18 2.05 1.06 0.0849068267851095 1.01457949170755 1.11569672014571 -1.168 -1.1348 -1.1444 -0.47 -1.1244 0.4044 -0.6432 0.9936 -0.6592 -0.1056 -1.174 -0.7348 1.082 1.1212 0.7986 0.51 0.8686 -0.5386 0.4808 -1.0084 0.3998 -0.1036 0.981 0.3812 0.896 1.0976 0.8528 0.53 0.9428 -0.5728 0.3484 -0.9532 0.3904 -0.2328 0.818 0.2776
0.46 0.51 0.48 -1.9 -0.94 1.93 2 1.93 -0.93 -1.96 -0.92 -2.01 -2.18 -0.95 0.0600000000000001 -0.0865024186531154 0.770546066779719 -0.212011876698208 -0.908 -0.4548 0.7856 0.99 0.8056 -0.5256 -0.9832 -0.4664 -1.0492 -1.2056 -0.504 -0.1348 -0.958 -0.4088 0.7986 1.02 0.8686 -0.5386 -1.0492 -0.4984 -1.1302 -1.1236 -0.549 -0.1288 -1.024 -0.3424 0.8528 1.01 0.9428 -0.5728 -1.0916 -0.4732 -1.0496 -1.1928 -0.622 -0.2024
0.46 0.51 0.48 0.1 0.0600000000000001 1.93 1 1.93 2.07 1.04 2.08 -0.00999999999999979 0.82 2.05 2.06 0.715677054760291 1.30483525900272 1.96468337382128 0.012 0.00519999999999997 0.7856 0.53 0.8056 0.8544 0.3968 0.9136 -0.1292 0.1744 0.876 0.7852 0.062 0.1012 0.7986 0.51 0.8686 0.9914 0.4808 1.0316 -0.1102 0.4064 0.981 0.8912 -0.064 0.1376 0.8528 0.53 0.9428 0.8672 0.3484 0.9668 -0.0896 0.2472 0.818 0.7576
0.46 -0.49 0.48 0.1 1.06 1.93 2 -1.07 2.07 2.04 2.08 0.99 1.82 2.05 -0.94 0.478265985907243 1.76066018090718 1.91335208326825 0.012 0.4652 0.7856 0.99 -0.5744 0.8544 0.8568 0.9136 0.3308 0.6344 0.876 -0.5948 -0.038 -0.4488 -1.1314 -0.98 0.4086 -1.0786 -1.0492 -1.0484 -0.5902 -0.9036 -1.069 0.3012 -0.064 0.6176 0.8528 1.01 -0.4972 0.8672 0.8284 0.9668 0.3904 0.7272 0.818 -0.6824
0.46 0.51 0.48 0.1 0.0600000000000001 1.93 0 -1.07 1.07 1.04 1.08 -1.01 1.82 1.05 0.0600000000000001 0.466525258550547 0.154345486185891 1.39652900241951 0.012 0.00519999999999997 0.7856 0.07 -0.5744 0.3944 0.3968 0.4536 -0.5892 0.6344 0.416 -0.1348 0.062 0.1012 0.7986 0 -0.6614 0.4814 0.4808 0.5216 -0.6202 0.9164 0.471 -0.1288 -0.064 0.1376 0.8528 0.05 -0.4972 0.3872 0.3484 0.4868 -0.5696 0.7272 0.338 -0.2024
-0.54 -0.49 -0.52 2.1 0.0600000000000001 -2.07 -2 -2.07 -1.93 -1.96 -1.92 -1.01 -0.18 -1.95 -1.94 -0.198360353524104 -0.543301254273855 -0.174867869908517 -1.168 -0.0548 1.0156 1.15 1.0356 0.9444 0.9768 0.9936 0.4208 -0.1056 0.986 0.8852 -1.018 0.0412 0.8286 0.98 0.8986 0.8814 0.9108 0.9116 0.3898 0.0764 0.891 0.7912 -1.204 0.0776 1.0028 1.09 1.0928 0.8772 0.8684 0.9668 0.4404 -0.0528 0.848 0.7776
0.46 -0.49 0.48 1.1 2.06 1.93 2 1.93 2.07 2.04 2.08 1.99 1.82 1.05 2.06 1.62347294289904 3.0405712625972 2.85632893617346 0.472 0.9252 0.7856 0.99 0.8056 0.8544 0.8568 0.9136 0.7908 0.6344 0.416 0.7852 -0.528 -0.9388 -1.1314 -0.98 -1.0614 -1.0786 -1.0492 -1.0484 -1.0802 -0.9036 -0.579 -1.1688 0.416 1.0976 0.8528 1.01 0.9428 0.8672 0.8284 0.9668 0.8704 0.7272 0.338 0.7576
0.46 -0.49 0.48 -1.9 2.06 -2.07 -2 0.93 -1.93 0.04 2.08 -0.00999999999999979 1.82 -0.95 0.0600000000000001 0.28904927094619 1.3165791952866 2.99211013572522 -0.908 0.9252 -1.0544 -0.85 0.3456 -0.9856 -0.0632 0.9136 -0.1292 0.6344 -0.504 -0.1348 0.942 -0.9388 0.8286 0.98 -0.5714 0.8814 -0.0692 -1.0484 -0.1002 -0.9036 0.401 -0.1888 -1.024 1.0976 -1.0672 -0.91 0.4628 -1.0528 -0.1316 0.9668 -0.0896 0.7272 -0.622 -0.2024
0.46 0.51 -0.52 -1.9 1.06 1.93 -1 0.93 2.07 2.04 -0.92 0.99 -0.18 1.05 -1.94 0.654525161894004 0.435297887532865 0.784518929710799 -0.908 0.4652 0.7856 -0.39 0.3456 0.8544 0.8568 -0.4664 0.3308 -0.2856 0.416 -1.0548 -0.958 0.6112 0.7986 -0.51 0.3586 0.9914 0.9908 -0.4984 0.3998 -0.1036 0.471 -1.1488 0.876 -0.4424 -1.0772 0.57 -0.4672 -1.2028 -1.2116 0.4468 -0.5996 -0.0528 -0.712 0.7776
0.46 0.51 0.48 -1.9 2.06 1.93 2 1.93 2.07 1.04 -1.92 -0.00999999999999979 -1.18 -0.95 -0.94 1.38663241278841 0.875007619586866 1.87721355189135 -0.908 0.9252 0.7856 0.99 0.8056 0.8544 0.3968 -0.9264 -0.1292 -0.7456 -0.504 -0.5948 -0.958 1.1212 0.7986 1.02 0.8686 0.9914 0.4808 -1.0084 -0.1102 -0.6136 -0.549 -0.6388 -1.024 1.0976 0.8528 1.01 0.9428 0.8672 0.3484 -0.9532 -0.0896 -0.7128 -0.622 -0.6824
0.46 -0.49 0.48 0.1 0.0600000000000001 -1.07 2 -2.07 1.07 2.04 0.0800000000000001 0.99 -1.18 0.05 1.06 -0.155427939075565 0.456398666855807 0.410591074086585 0.012 0.00519999999999997 -0.5944 0.99 -1.0344 0.3944 0.8568 -0.00639999999999999 0.3308 -0.7456 -0.044 0.3252 -0.038 0.0412 0.3386 -0.98 0.8986 -0.5886 -1.0492 -0.0684 -0.5902 0.5664 -0.089 -0.6788 -0.064 0.1376 -0.5872 1.01 -0.9772 0.3872 0.8284 0.00680000000000003 0.3904 -0.7128 -0.142 0.2776
-0.54 0.51 0.48 -1.9 2.06 -0.0699999999999998 2 -2.07 -0.93 1.04 -1.92 0.99 -2.18 2.05 0.0600000000000001 0.834477578666162 1.19713593427241 0.89514362069663 0.992 -1.1348 -0.0644 -1.01 1.0356 0.4044 -0.6432 0.9936 -0.6592 0.9744 -1.174 -0.1948 -0.958 1.1212 -0.2214 1.02 -1.1714 -0.5386 0.4808 -1.0084 0.3998 -1.1236 0.981 -0.1288 -1.024 1.0976 -0.1072 1.01 -0.9772 -0.5728 0.3484 -0.9532 0.3904 -1.1928 0.818 -0.2024
-0.54 0.51 0.48 0.1 -1.94 -0.0699999999999998 -2 -2.07 2.07 2.04 2.08 1.99 -0.18 2.05 2.06 0.141846873304883 1.13081782088127 -0.846117518900353 -0.088 1.0252 -0.0644 1.15 1.0356 -1.2156 -1.1832 -1.1664 -1.1992 -0.1056 -1.174 -1.2748 0.062 -0.9188 -0.2214 -1.02 -1.1714 0.9914 0.9908 1.0316 0.9098 -0.1036 0.981 0.8912 -0.064 -0.8224 -0.1072 -0.91 -0.9772 0.8672 0.8284 0.9668 0.8704 -0.2328 0.818 0.7576
0.46 0.51 0.48 -0.9 -1.94 1.93 2 -2.07 2.07 1.04 2.08 0.99 0.82 2.05 2.06 0.165697814361325 0.41664641957724 0.627227172433679 -0.448 -0.9148 0.7856 0.99 -1.0344 0.8544 0.3968 0.9136 0.3308 0.1744 0.876 0.7852 -0.448 -0.9188 0.7986 1.02 -1.1714 0.9914 0.4808 1.0316 0.3998 0.4064 0.981 0.8912 -0.544 -0.8224 0.8528 1.01 -0.9772 0.8672 0.3484 0.9668 0.3904 0.2472 0.818 0.7576
-0.54 -0.49 -0.52 1.1 2.06 0.93 -2 0.93 -1.93 0.04 -1.92 0.99 1.82 1.05 0.0600000000000001 0.367605605673261 0.509822448586458 0.490686620171346 -0.628 -1.1348 -0.6044 1.15 -0.5844 0.9444 -0.1032 0.9936 -0.6592 -1.1856 -0.634 -0.1948 -0.528 -0.9388 -0.6414 0.98 -0.5714 0.8814 -0.0692 0.9116 -0.5902 -0.9036 -0.579 -0.1888 -0.684 -0.9624 -0.5572 1.09 -0.4672 0.8772 -0.1716 0.9668 -0.5996 -1.0928 -0.712 -0.2624
0.46 -0.49 0.48 2.1 0.0600000000000001 -2.07 1 -2.07 0.0700000000000001 2.04 -0.92 -0.00999999999999979 0.82 2.05 1.06 0.939054665744462 -0.611257223780236 0.981226546847409 0.932 0.00519999999999997 -1.0544 0.53 -1.0344 -0.0656 0.8568 -0.4664 -0.1292 0.1744 0.876 0.3252 -1.018 0.0412 0.8286 -0.49 0.8986 -0.0986 -1.0492 0.4216 -0.1002 -0.4136 -1.069 -0.6788 0.896 0.1376 -1.0672 0.53 -0.9772 -0.0928 0.8284 -0.4732 -0.0896 0.2472 0.818 0.2776
0.46 0.51 0.48 1.1 -1.94 -1.07 -2 0.93 1.07 1.04 1.08 -2.01 0.82 -1.95 -0.94 0.422821455528214 0.291638948543352 -0.12984633304053 0.472 -0.9148 -0.5944 -0.85 0.3456 0.3944 0.3968 0.4536 -1.0492 0.1744 -0.964 -0.5948 0.572 -0.9188 -0.7314 -1.02 0.3586 0.4814 0.4808 0.5216 -1.1302 0.4064 -1.059 -0.6388 0.416 -0.8224 -0.5872 -0.91 0.4628 0.3872 0.3484 0.4868 -1.0496 0.2472 -1.102 -0.6824
0.46 0.51 0.48 0.1 -1.94 1.93 2 -2.07 -0.93 -1.96 -1.92 1.99 1.82 -1.95 0.0600000000000001 0.371184413156574 0.849071783522321 0.0839993239241733 0.012 -0.9148 0.7856 0.99 -1.0344 -0.5256 -0.9832 -0.9264 0.7908 0.6344 -0.964 -0.1348 0.062 -0.9188 0.7986 1.02 -1.1714 -0.5386 -1.0492 -1.0084 0.9098 0.9164 -1.059 -0.1288 -0.064 -0.8224 0.8528 1.01 -0.9772 -0.5728 -1.0916 -0.9532 0.8704 0.7272 -1.102 -0.2024
0.46 0.51 0.48 -1.9 -0.94 -1.07 2 1.93 -0.93 -1.96 1.08 0.99 1.82 2.05 0.0600000000000001 0.998304220946013 1.21320088506307 1.6935884779114 -0.908 -0.4548 -0.5944 0.99 0.8056 -0.5256 -0.9832 0.4536 0.3308 0.6344 0.876 -0.1348 -0.958 -0.4088 -0.7314 1.02 0.8686 -0.5386 -1.0492 0.5216 0.3998 0.9164 0.981 -0.1288 -1.024 -0.3424 -0.5872 1.01 0.9428 -0.5728 -1.0916 0.4868 0.3904 0.7272 0.818 -0.2024
-0.54 -0.49 -0.52 -1.9 2.06 -1.07 -1 0.93 -1.93 -1.96 -1.92 -1.01 -2.18 0.05 -1.94 0.134399322255112 -1.09219133534464 -1.31585337252664 0.992 -1.1348 0.4756 0.61 -0.5844 0.9444 0.9768 0.9936 0.4208 0.9744 -0.094 0.8852 0.942 -0.9388 0.3386 0.49 -0.5714 0.8814 0.9108 0.9116 0.3898 1.0564 -0.089 0.7912 0.876 -0.9624 0.4828 0.57 -0.4672 0.8772 0.8684 0.9668 0.4404 0.9872 -0.192 0.7776
0.46 -0.49 -0.52 -1.9 2.06 -0.0699999999999998 -2 1.93 -0.93 -0.96 -0.92 -2.01 1.82 0.05 2.06 2.21376492046619 2.29176825965409 2.51453467198851 -0.908 0.9252 -0.1344 -0.85 0.8056 -0.5256 -0.5232 -0.4664 -1.0492 0.6344 -0.044 0.7852 0.942 -0.9388 -0.1514 0.98 -1.0614 0.3914 0.4208 0.4216 0.8798 -0.9036 -0.089 -1.1688 0.876 -0.9624 -0.0372 1.09 -0.9872 0.3572 0.3484 0.4468 0.9604 -1.0928 -0.192 -1.3024
-0.54 0.51 0.48 0.1 -1.94 -1.07 -2 -0.0699999999999998 -0.93 0.04 2.08 -0.00999999999999979 -2.18 0.05 2.06 0.493908543096634 1.742262162704 1.84143442105261 -0.088 1.0252 0.4756 1.15 -0.0444 0.4044 -0.1032 -1.1664 -0.1192 0.9744 -0.094 -1.2748 0.062 -0.9188 -0.7314 -1.02 -0.1514 -0.5386 -0.0292 1.0316 -0.1102 -1.1236 -0.039 0.8912 -0.064 -0.8224 -0.5872 -0.91 -0.0172 -0.5728 -0.1316 0.9668 -0.0896 -1.1928 -0.142 0.7576
-0.54 0.51 -0.52 1.1 -1.94 1.93 -2 -0.0699999999999998 -1.93 -1.96 -1.92 -1.01 -1.18 -1.95 -0.94 0.479991319312136 1.60994601491933 1.22689967003453 -0.628 1.0252 -1.1444 1.15 -0.0444 0.9444 0.9768 0.9936 0.4208 0.4344 0.986 0.3452 0.572 -0.9188 0.7986 -1.02 -0.1514 -1.0486 -1.0492 -1.0084 -0.6202 -0.6136 -1.059 -0.6388 -0.684 1.1176 -1.0772 1.09 0.0528 0.8772 0.8684 0.9668 0.4404 0.4672 0.848 0.2576
-0.54 -0.49 0.48 2.1 -1.94 -0.0699999999999998 -2 0.93 -1.93 -1.96 0.0800000000000001 -2.01 -0.18 -1.95 -1.94 -0.326140734229863 -0.0729363740603189 0.433950705464325 -1.168 1.0252 -0.0644 1.15 -0.5844 0.9444 0.9768 -0.0864 0.9608 -0.1056 0.986 0.8852 -1.018 1.0212 -0.1514 0.98 -0.5714 0.8814 0.9108 -0.0684 0.8798 0.0764 0.891 0.7912 0.896 -0.8224 -0.1072 -0.91 0.4628 -1.0528 -1.0916 0.00680000000000003 -1.0496 -0.2328 -1.102 -1.1624
-0.54 0.51 -0.52 0.1 2.06 1.93 1 1.93 2.07 1.04 1.08 1.99 0.82 0.05 2.06 1.10672526828729 1.14619184784634 1.83677163068037 -0.088 -1.1348 -1.1444 -0.47 -1.1244 -1.2156 -0.6432 -0.6264 -1.1992 -0.6456 -0.094 -1.2748 0.062 1.1212 0.7986 0.51 0.8686 0.9914 0.4808 0.5216 0.9098 0.4064 -0.039 0.8912 -0.164 -0.9624 -1.0772 -0.47 -0.9872 -1.2028 -0.6916 -0.5932 -1.1196 -0.5728 -0.192 -1.3024
0.46 0.51 -0.52 0.1 1.06 -2.07 2 -2.07 -0.93 2.04 2.08 -2.01 -1.18 0.05 -1.94 0.83450550570472 0.544965694898425 0.904027121218824 0.012 0.4652 -1.0544 0.99 -1.0344 -0.5256 0.8568 0.9136 -1.0492 -0.7456 -0.044 -1.0548 0.062 0.6112 -1.2414 1.02 -1.1714 -0.5386 0.9908 1.0316 -1.1302 -0.6136 -0.039 -1.1488 -0.164 -0.4424 1.0028 -0.99 1.0928 0.3572 -1.2116 -1.1132 0.9604 0.4672 -0.192 0.7776
-0.54 -0.49 -0.52 -1.9 1.06 0.93 -1 1.93 -0.93 -0.96 -1.92 -1.01 -2.18 -0.95 -1.94 -0.173292706624292 -0.148314068258518 -0.97665320525288 0.992 -0.5948 -0.6044 0.61 -1.1244 0.4044 0.4368 0.9936 0.4208 0.9744 0.446 0.8852 0.942 -0.4488 -0.6414 0.49 -1.0614 0.3914 0.4208 0.9116 0.3898 1.0564 0.401 0.7912 0.876 -0.4424 -0.5572 0.57 -0.9872 0.3572 0.3484 0.9668 0.4404 0.9872 0.328 0.7776
0.46 -0.49 0.48 0.1 -0.94 -2.07 -1 -1.07 1.07 -1.96 -0.92 -2.01 0.82 -1.95 1.06 0.433699708206983 0.676173012659474 1.52440288515657 0.012 -0.4548 -1.0544 -0.39 -0.5744 0.3944 -0.9832 -0.4664 -1.0492 0.1744 -0.964 0.3252 -0.038 0.5312 0.8286 0.49 0.4086 -0.5886 0.9108 0.4216 0.8798 -0.4136 0.891 -0.6788 -0.064 -0.3424 -1.0672 -0.43 -0.4972 0.3872 -1.0916 -0.4732 -1.0496 0.2472 -1.102 0.2776
0.46 -0.49 -0.52 -1.9 -1.94 0.93 -2 -1.07 -0.93 0.04 2.08 1.99 -2.18 0.05 -1.94 -0.307186794537803 0.448788761441934 1.21925534743765 -0.908 -0.9148 0.3256 -0.85 -0.5744 -0.5256 -0.0632 0.9136 0.7908 -1.2056 -0.044 -1.0548 0.942 1.0212 -0.6414 0.98 0.4086 0.3914 -0.0692 -1.0484 -1.0802 1.0564 -0.089 0.7912 0.876 1.1176 -0.5572 1.09 0.5728 0.3572 -0.1716 -1.1132 -1.1196 0.9872 -0.192 0.7776
-0.54 -0.49 -0.52 0.1 1.06 -2.07 2 0.93 2.07 -1.96 2.08 1.99 1.82 2.05 2.06 0.0355281583872296 0.0683980378232228 -0.462053871219179 -0.088 -0.5948 1.0156 -1.01 -0.5844 -1.2156 0.9768 -1.1664 -1.1992 -1.1856 -1.174 -1.2748 -0.038 -0.4488 0.8286 -0.98 -0.5714 -1.0786 0.9108 -1.0484 -1.0802 -0.9036 -1.069 -1.1688 -0.164 -0.4424 1.0028 -0.99 -0.4672 -1.2028 0.8684 -1.1132 -1.1196 -1.0928 -1.232 -1.3024
