0.51 0.5 0.49 -2.09 2.2 -1.93 -1.93 1.98 0.16 1.92 2.05 0.03 -1.13 1.88 1.93 1.16133658250361 1.80563877177395 3.59491795838811 -1.0818 1.224 -1.0286 -1.0286 0.8996 0.1632 0.9884 0.971 0.000599999999999982 -0.6026 0.9276 0.9286 -1.28 1 -0.91 -1.02 0.91 0.12 0.73 0.86 -0.07 -0.72 0.82 0.82 -1.1682 1.106 -0.8614 -0.9714 0.8104 0.1068 0.9116 0.929 -0.0406 -0.6574 0.8824 0.7614
0.51 0.5 0.49 1.91 -1.8 -0.93 2.07 -1.02 1.16 -1.08 0.05 2.03 0.87 1.88 0.93 1.761280689979 0.59939487861131 2.21748951357068 0.9582 -0.816 -0.5186 1.0114 -0.6304 0.6732 -0.5416 -0.049 1.0206 0.4174 0.9276 0.4186 0.72 -1 -0.41 0.98 -0.59 0.62 -0.77 -0.14 0.93 0.28 0.82 0.32 0.7918 -0.854 -0.3714 0.9886 -0.6596 0.5968 -0.5584 -0.051 0.9394 0.3226 0.8824 0.2714
-0.49 -0.5 -0.51 -1.09 0.2 1.07 0.0700000000000001 1.98 -0.84 1.92 0.05 2.03 0.87 1.88 1.93 0.467867283489512 1.0594189444229 2.01397280362563 0.5182 0.00400000000000005 -0.5686 -0.0786 -1.0804 0.4932 -0.9316 -0.099 -1.0094 -0.4526 -0.9524 -1.0014 0.31 -0.2 -0.48 -0.09 -1.07 0.46 -1.19 -0.19 -1.1 -0.59 -1.06 -1.11 0.4118 -0.074 -0.4614 -0.0614 -1.1696 0.4568 -1.0084 -0.101 -1.0906 -0.5474 -0.9976 -1.1686
0.51 -0.5 0.49 -2.09 1.2 2.07 -1.93 -2.02 0.16 -2.08 2.05 0.03 0.87 0.88 0.93 0.337466444383834 0.191701283045438 1.05759388527358 -1.0818 0.714 1.0114 -1.0286 -1.1404 0.1632 -1.0516 0.971 0.000599999999999982 0.4174 0.4176 0.4186 0.81 -0.7 -0.98 0.91 0.93 -0.04 0.81 -1.19 -0.1 -0.59 -0.56 -0.61 -1.1682 0.616 1.0986 -0.9714 -1.1496 0.1068 -1.0484 0.929 -0.0406 0.3226 0.3924 0.2714
0.51 0.5 0.49 -1.09 1.2 0.0700000000000001 -0.93 1.98 2.16 1.92 2.05 0.03 1.87 -0.12 1.93 -1.02090821016384 -0.30381172168643 1.70396980131196 -0.5718 0.714 -0.00860000000000004 -0.5186 0.8996 1.1832 0.9884 0.971 0.000599999999999982 0.9274 -0.0924 0.9286 -0.78 0.5 0.09 -0.52 0.91 1.12 0.73 0.86 -0.07 0.78 -0.18 0.82 -0.6782 0.616 0.1186 -0.4814 0.8104 1.0868 0.9116 0.929 -0.0406 0.8126 -0.0976 0.7614
-0.49 -0.5 -0.51 -2.09 2.2 -1.93 -1.93 -2.02 0.16 -1.08 -0.95 -1.97 -0.13 -1.12 -1.07 -1.15814444994223 1.24064573501773 0.0317643378093009 1.0082 -0.976 0.9014 0.9014 0.8796 0.00320000000000001 0.5384 0.391 0.9506 0.0374 0.5176 0.4686 0.81 -1.2 1.02 0.91 0.93 -0.04 0.31 0.31 0.9 -0.09 0.44 0.39 0.9218 -1.094 1.0686 0.9586 0.8704 -0.0531999999999999 0.5216 0.409 0.9494 -0.0374 0.5324 0.3614
0.51 -0.5 0.49 -0.0899999999999999 -0.8 -1.93 2.07 1.98 1.16 -2.08 -1.95 1.03 0.87 -2.12 -1.07 -1.06339393478482 -0.627571845664257 1.73898858124558 -0.0618 -0.306 -1.0286 1.0114 0.8996 0.6732 -1.0516 -1.069 0.5106 0.4174 -1.1124 -0.6014 -0.19 0.3 1.02 -1.09 -1.07 -0.54 0.81 0.81 -0.6 -0.59 0.94 0.39 -0.1882 -0.364 -0.8614 0.9886 0.8104 0.5968 -1.0484 -1.031 0.4494 0.3226 -1.0776 -0.7086
0.51 0.5 -0.51 -1.09 0.2 2.07 2.07 -2.02 -0.84 -2.08 2.05 2.03 1.87 0.88 1.93 1.02903448199181 -0.246289123111457 0.982979005239279 -0.5718 0.204 1.0114 1.0114 -1.1404 -0.3468 -1.0516 0.971 1.0206 0.9274 0.4176 0.9286 -0.78 -4.16333634234434e-17 1.09 0.98 -1.09 -0.38 -1.27 0.86 0.93 0.78 0.32 0.82 0.4118 -0.074 -0.9714 -1.0814 0.8704 0.4568 1.0316 -1.121 -1.0906 -1.0574 -0.4876 -1.1686
-0.49 0.5 0.49 0.91 0.2 1.07 1.07 -2.02 2.16 1.92 -1.95 -1.97 1.87 -0.12 0.93 3.00808707257359 1.78620351391515 1.94324701402208 -0.4618 0.00400000000000005 -0.5686 -0.5686 0.8796 -0.9768 -0.9316 0.881 0.9506 -0.9426 0.0276 -0.5114 0.22 -4.16333634234434e-17 0.59 0.48 -1.09 1.12 0.73 -1.14 -1.07 0.78 -0.18 0.32 0.3018 0.126 0.6086 0.4986 -1.1496 1.0868 0.9116 -1.031 -1.0206 0.8126 -0.0976 0.2714
-0.49 -0.5 -0.51 -2.09 -1.8 -0.93 0.0700000000000001 -0.02 1.16 0.92 0.05 -1.97 -1.13 -2.12 -1.07 0.344248461626846 0.669659701437214 2.58293331208553 1.0082 0.984 0.4114 -0.0786 -0.1004 -0.4868 -0.4416 -0.099 0.9506 0.5274 1.0076 0.4686 0.81 0.8 0.52 -0.09 -0.07 -0.54 -0.69 -0.19 0.9 0.41 0.94 0.39 0.9218 0.946 0.5586 -0.0614 -0.1496 -0.5632 -0.4984 -0.101 0.9494 0.4726 1.0424 0.3614
-0.49 0.5 0.49 1.91 -1.8 -1.93 0.0700000000000001 -1.02 -1.84 -2.08 -1.95 2.03 -0.13 -1.12 -1.07 1.14334475521635 1.15891468658503 -0.217839333155712 -0.9518 0.984 0.9014 -0.0786 0.3896 0.9832 1.0284 0.881 -1.0094 0.0374 0.5176 0.4686 0.72 -1 -0.91 -0.02 -0.59 -0.88 -1.27 -1.14 0.93 -0.22 -0.68 -0.68 0.7918 -0.854 -0.8614 0.00859999999999996 -0.6596 -0.8732 -1.0484 -1.031 0.9394 -0.1674 -0.5876 -0.7086
-0.49 0.5 0.49 1.91 2.2 -0.93 -0.93 1.98 2.16 1.92 2.05 1.03 1.87 1.88 1.93 1.59607180107403 1.41163703625289 1.9616294320428 -0.9518 -0.976 0.4114 0.4114 -1.0804 -0.9768 -0.9316 -1.079 -0.5194 -0.9426 -0.9524 -1.0014 0.72 1 -0.41 -0.52 0.91 1.12 0.73 0.86 0.43 0.78 0.82 0.82 0.7918 1.106 -0.3714 -0.4814 0.8104 1.0868 0.9116 0.929 0.4494 0.8126 0.8824 0.7614
-0.49 0.5 -0.51 -2.09 -1.8 -1.93 -1.93 -2.02 0.16 -2.08 2.05 -0.97 -0.13 -0.12 -0.0699999999999998 -0.0924331643309509 0.191752242643916 0.0548558363176365 1.0082 0.984 0.9014 0.9014 0.8796 0.00320000000000001 1.0284 -1.079 0.4606 0.0374 0.0276 -0.0214 -1.28 -1 -0.91 -1.02 -1.09 0.12 -1.27 0.86 -0.57 -0.22 -0.18 -0.18 0.9218 0.946 1.0686 0.9586 0.8704 -0.0531999999999999 1.0316 -1.121 0.4394 -0.0374 0.0224 -0.1486
-0.49 -0.5 -0.51 -2.09 -1.8 -1.93 -1.93 -2.02 0.16 -1.08 -1.95 -0.97 -2.13 -2.12 -2.07 1.21906723291213 -0.682449575892852 0.573455511466266 1.0082 0.984 0.9014 0.9014 0.8796 0.00320000000000001 0.5384 0.881 0.4606 1.0174 1.0076 0.9586 0.81 0.8 1.02 0.91 0.93 -0.04 0.31 0.81 0.4 0.91 0.94 0.89 0.9218 0.946 1.0686 0.9586 0.8704 -0.0531999999999999 0.5216 0.919 0.4394 0.9826 1.0424 0.8714
-0.49 -0.5 -0.51 0.91 -1.8 -1.93 0.0700000000000001 -2.02 2.16 1.92 2.05 2.03 1.87 1.88 1.93 -1.11131375997056 0.483502439392286 1.43125994286812 -0.4618 0.984 0.9014 -0.0786 0.8796 -0.9768 -0.9316 -1.079 -1.0094 -0.9426 -0.9524 -1.0014 -0.69 0.8 1.02 -0.09 0.93 -1.04 -1.19 -1.19 -1.1 -1.09 -1.06 -1.11 -0.6082 0.946 1.0686 -0.0614 0.8704 -1.0732 -1.0084 -1.121 -1.0906 -1.0574 -0.9976 -1.1686
-0.49 -0.5 -0.51 -2.09 -1.8 0.0700000000000001 1.07 -2.02 -0.84 1.92 1.05 2.03 -1.13 1.88 -1.07 0.0366000381825072 0.0240654782484307 0.781749522264762 1.0082 0.984 -0.0786 -0.5686 0.8796 0.4932 -0.9316 -0.589 -1.0094 0.5274 -0.9524 0.4686 0.81 0.8 0.02 -0.59 0.93 0.46 -1.19 -0.69 -1.1 0.41 -1.06 0.39 0.9218 0.946 0.0486 -0.5714 0.8704 0.4568 -1.0084 -0.611 -1.0906 0.4726 -0.9976 0.3614
0.51 0.5 0.49 1.91 2.2 2.07 2.07 -1.02 0.16 1.92 -0.95 1.03 1.87 -2.12 0.93 1.28429108521891 0.301567700557428 -0.315675828609922 0.9582 1.224 1.0114 1.0114 -0.6304 0.1632 0.9884 -0.559 0.5106 0.9274 -1.1124 0.4186 0.72 1 1.09 0.98 -0.59 0.12 0.73 -0.64 0.43 0.78 -1.18 0.32 0.7918 1.106 1.0986 0.9886 -0.6596 0.1068 0.9116 -0.541 0.4494 0.8126 -1.0776 0.2714
-0.49 0.5 0.49 0.91 2.2 -1.93 2.07 -1.02 2.16 1.92 -1.95 -1.97 -1.13 -1.12 -1.07 1.22669154538599 0.792907759119271 1.30439134505516 -0.4618 -0.976 0.9014 -1.0586 0.3896 -0.9768 -0.9316 0.881 0.9506 0.5274 0.5176 0.4686 0.22 1 -0.91 0.98 -0.59 1.12 0.73 -1.14 -1.07 -0.72 -0.68 -0.68 0.3018 1.106 -0.8614 0.9886 -0.6596 1.0868 0.9116 -1.031 -1.0206 -0.6574 -0.5876 -0.7086
0.51 -0.5 0.49 -1.09 -1.8 2.07 2.07 -2.02 -0.84 -1.08 1.05 0.03 1.87 1.88 -1.07 -0.546086276306124 0.398389361704354 0.795944872740247 -0.5718 -0.816 1.0114 1.0114 -1.1404 -0.3468 -0.5416 0.461 0.000599999999999982 0.9274 0.9276 -0.6014 0.31 0.8 -0.98 -1.09 0.93 0.46 0.31 -0.69 -0.1 -1.09 -1.06 0.39 -0.6782 -0.854 1.0986 0.9886 -1.1496 -0.3832 -0.5584 0.439 -0.0406 0.8126 0.8824 -0.7086
0.51 0.5 0.49 1.91 -1.8 0.0700000000000001 1.07 1.98 0.16 1.92 -1.95 1.03 0.87 -0.12 -2.07 -1.88058899227608 1.59626805211232 1.01760283294162 0.9582 -0.816 -0.00860000000000004 0.5014 0.8996 0.1632 0.9884 -1.069 0.5106 0.4174 -0.0924 -1.1114 0.72 -1 0.09 0.48 0.91 0.12 0.73 -1.14 0.43 0.28 -0.18 -1.18 0.7918 -0.854 0.1186 0.4986 0.8104 0.1068 0.9116 -1.031 0.4494 0.3226 -0.0976 -1.1986
0.51 0.5 0.49 1.91 -1.8 -1.93 2.07 -2.02 0.16 1.92 1.05 1.03 1.87 1.88 0.93 1.53200739578758 3.43349712425944 2.84269761560779 0.9582 -0.816 -1.0286 1.0114 -1.1404 0.1632 0.9884 0.461 0.5106 0.9274 0.9276 0.4186 0.72 -1 -0.91 0.98 -1.09 0.12 0.73 0.36 0.43 0.78 0.82 0.32 0.7918 -0.854 -0.8614 0.9886 -1.1496 0.1068 0.9116 0.439 0.4494 0.8126 0.8824 0.2714
-0.49 -0.5 -0.51 -2.09 2.2 2.07 0.0700000000000001 -0.02 0.16 -2.08 -0.95 -1.97 -2.13 -1.12 -1.07 0.021747879300985 0.0850630882449607 0.108892185624669 1.0082 -0.976 -1.0586 -0.0786 -0.1004 0.00320000000000001 1.0284 0.391 0.9506 1.0174 0.5176 0.4686 0.81 -1.2 -0.98 -0.09 -0.07 -0.04 0.81 0.31 0.9 0.91 0.44 0.39 0.9218 -1.094 -0.9714 -0.0614 -0.1496 -0.0531999999999999 1.0316 0.409 0.9494 0.9826 0.5324 0.3614
-0.49 -0.5 0.49 1.91 -1.8 -1.93 -0.93 1.98 -1.84 1.92 -1.95 0.03 -2.13 -1.12 -1.07 0.873043078736158 -0.381017589385261 1.04190813030375 -0.9518 0.984 0.9014 0.4114 -1.0804 0.9832 -0.9316 0.881 -0.0294 1.0174 0.5176 0.4686 -1.19 0.8 1.02 0.41 -1.07 0.96 -1.19 0.81 -0.1 0.91 0.44 0.39 0.7918 -0.854 -0.8614 -0.4814 0.8104 -0.8732 0.9116 -1.031 -0.0406 -1.1474 -0.5876 -0.7086
-0.49 -0.5 -0.51 -1.09 1.2 2.07 2.07 1.98 -0.84 1.92 2.05 2.03 -1.13 -1.12 1.93 1.14563970205363 0.232516988340255 -0.0536115002003412 0.5182 -0.486 -1.0586 -1.0586 -1.0804 0.4932 -0.9316 -1.079 -1.0094 0.5274 0.5176 -1.0014 0.31 -0.7 -0.98 -1.09 -1.07 0.46 -1.19 -1.19 -1.1 0.41 0.44 -1.11 0.4118 -0.584 -0.9714 -1.0814 -1.1696 0.4568 -1.0084 -1.121 -1.0906 0.4726 0.5324 -1.1686
0.51 -0.5 -0.51 -2.09 -1.8 -1.93 -1.93 -0.02 -1.84 1.92 -0.95 -1.97 -1.13 -0.12 -2.07 -1.52671433961359 0.512961991598771 0.0128632936047766 -1.0818 -0.816 -1.0286 -1.0286 -0.1204 -0.8568 0.9884 -0.559 -1.0194 -0.6026 -0.0924 -1.1114 0.81 0.8 1.02 0.91 -0.07 0.96 -1.19 0.31 0.9 0.41 -0.06 0.89 0.9218 0.946 1.0686 0.9586 -0.1496 0.9668 -1.0084 0.409 0.9494 0.4726 0.0224 0.8714
-0.49 -0.5 -0.51 0.91 0.2 -1.93 2.07 -2.02 -1.84 -1.08 1.05 -1.97 1.87 1.88 -0.0699999999999998 0.528087931085804 1.40290036961268 0.664802208893485 -0.4618 0.00400000000000005 0.9014 -1.0586 0.8796 0.9832 0.5384 -0.589 0.9506 -0.9426 -0.9524 -0.0214 -0.69 -0.2 1.02 -1.09 0.93 0.96 0.31 -0.69 0.9 -1.09 -1.06 -0.11 -0.6082 -0.074 1.0686 -1.0814 0.8704 0.9668 0.5216 -0.611 0.9494 -1.0574 -0.9976 -0.1486
0.51 0.5 -0.51 1.91 2.2 2.07 1.07 -0.02 0.16 1.92 2.05 2.03 -0.13 -0.12 -2.07 0.485357876834615 0.340568987496317 -0.124748845762496 0.9582 1.224 1.0114 0.5014 -0.1204 0.1632 0.9884 0.971 1.0206 -0.0926 -0.0924 -1.1114 0.72 1 1.09 0.48 -0.09 0.12 0.73 0.86 0.93 -0.22 -0.18 -1.18 -1.1182 -1.094 -0.9714 -0.5714 -0.1496 -0.0531999999999999 -1.0084 -1.121 -1.0906 -0.0374 0.0224 0.8714
0.51 -0.5 0.49 -0.0899999999999999 -0.8 -1.93 2.07 -2.02 2.16 -1.08 0.05 2.03 1.87 0.88 -0.0699999999999998 -0.373573461755626 2.93175739788436 1.98584433921378 -0.0618 -0.306 -1.0286 1.0114 -1.1404 1.1832 -0.5416 -0.049 1.0206 0.9274 0.4176 -0.0914 -0.19 0.3 1.02 -1.09 0.93 -1.04 0.31 -0.19 -1.1 -1.09 -0.56 -0.11 -0.1882 -0.364 -0.8614 0.9886 -1.1496 1.0868 -0.5584 -0.051 0.9394 0.8126 0.3924 -0.2186
-0.49 -0.5 -0.51 1.91 -0.8 1.07 -0.93 1.98 2.16 -1.08 -1.95 2.03 0.87 1.88 -0.0699999999999998 0.520671528250071 0.277488965331778 0.84009720878306 -0.9518 0.494 -0.5686 0.4114 -1.0804 -0.9768 0.5384 0.881 -1.0094 -0.4526 -0.9524 -0.0214 -1.19 0.3 -0.48 0.41 -1.07 -1.04 0.31 0.81 -1.1 -0.59 -1.06 -0.11 -1.1182 0.436 -0.4614 0.4486 -1.1696 -1.0732 0.5216 0.919 -1.0906 -0.5474 -0.9976 -0.1486
0.51 -0.5 -0.51 -2.09 -1.8 1.07 -0.93 -2.02 0.16 -2.08 -1.95 -1.97 -2.13 -0.12 -2.07 0.439210231322762 -0.0855806747354388 -0.737507588230591 -1.0818 -0.816 0.5014 -0.5186 -1.1404 0.1632 -1.0516 -1.069 -1.0194 -1.1126 -0.0924 -1.1114 0.81 0.8 -0.48 0.41 0.93 -0.04 0.81 0.81 0.9 0.91 -0.06 0.89 0.9218 0.946 -0.4614 0.4486 0.8704 -0.0531999999999999 1.0316 0.919 0.9494 0.9826 0.0224 0.8714
0.51 0.5 0.49 1.91 0.2 -1.93 1.07 1.98 0.16 1.92 -1.95 -1.97 -2.13 0.88 -2.07 0.524504427884937 0.505187783449571 1.04320975865275 0.9582 0.204 -1.0286 0.5014 0.8996 0.1632 0.9884 -1.069 -1.0194 -1.1126 0.4176 -1.1114 0.72 -4.16333634234434e-17 -0.91 0.48 0.91 0.12 0.73 -1.14 -1.07 -1.22 0.32 -1.18 0.7918 0.126 -0.8614 0.4986 0.8104 0.1068 0.9116 -1.031 -1.0206 -1.1474 0.3924 -1.1986
0.51 0.5 0.49 0.91 2.2 0.0700000000000001 -1.93 -1.02 -0.84 -2.08 -0.95 0.03 -2.13 -2.12 0.93 0.666616344073854 0.718094126599352 0.45025645795386 0.4482 1.224 -0.00860000000000004 -1.0286 -0.6304 -0.3468 -1.0516 -0.559 0.000599999999999982 -1.1126 -1.1124 0.4186 0.22 1 0.09 -1.02 -0.59 -0.38 -1.27 -0.64 -0.07 -1.22 -1.18 0.32 0.3018 1.106 0.1186 -0.9714 -0.6596 -0.3832 -1.0484 -0.541 -0.0406 -1.1474 -1.0776 0.2714
-0.49 0.5 -0.51 1.91 2.2 -0.93 1.07 1.98 -1.84 -0.0800000000000001 -0.95 1.03 1.87 0.88 -0.0699999999999998 1.51914696774009 0.545109087287712 3.00307069072491 -0.9518 -0.976 0.4114 -0.5686 -1.0804 0.9832 0.0484 0.391 -0.5194 -0.9426 -0.4624 -0.0214 0.72 1 -0.41 0.48 0.91 -0.88 -0.27 -0.64 0.43 0.78 0.32 -0.18 -1.1182 -1.094 0.5586 -0.5714 -1.1696 0.9668 0.0116 0.409 -0.5806 -1.0574 -0.4876 -0.1486
-0.49 -0.5 -0.51 -2.09 2.2 -1.93 1.07 -2.02 -1.84 -1.08 1.05 -1.97 -0.13 -0.12 -2.07 0.443343756273292 0.387435449072272 0.314870708469489 1.0082 -0.976 0.9014 -0.5686 0.8796 0.9832 0.5384 -0.589 0.9506 0.0374 0.0276 0.9586 0.81 -1.2 1.02 -0.59 0.93 0.96 0.31 -0.69 0.9 -0.09 -0.06 0.89 0.9218 -1.094 1.0686 -0.5714 0.8704 0.9668 0.5216 -0.611 0.9494 -0.0374 0.0224 0.8714
0.51 0.5 0.49 -0.0899999999999999 -1.8 2.07 1.07 1.98 2.16 -1.08 1.05 2.03 -2.13 -0.12 0.93 0.824441238177113 2.85913941715021 3.11549653210101 -0.0618 -0.816 1.0114 0.5014 0.8996 1.1832 -0.5416 0.461 1.0206 -1.1126 -0.0924 0.4186 -0.28 -1 1.09 0.48 0.91 1.12 -0.77 0.36 0.93 -1.22 -0.18 0.32 -0.1882 -0.854 1.0986 0.4986 0.8104 1.0868 -0.5584 0.439 0.9394 -1.1474 -0.0976 0.2714
-0.49 -0.5 -0.51 -1.09 0.2 2.07 2.07 0.98 0.16 1.92 2.05 1.03 1.87 0.88 1.93 -0.85711374790058 -0.489296726975703 0.415584066771513 0.5182 0.00400000000000005 -1.0586 -1.0586 -0.5904 0.00320000000000001 -0.9316 -1.079 -0.5194 -0.9426 -0.4624 -1.0014 0.31 -0.2 -0.98 -1.09 -0.57 -0.04 -1.19 -1.19 -0.6 -1.09 -0.56 -1.11 0.4118 -0.074 -0.9714 -1.0814 -0.6596 -0.0531999999999999 -1.0084 -1.121 -0.5806 -1.0574 -0.4876 -1.1686
0.51 0.5 -0.51 -2.09 2.2 0.0700000000000001 0.0700000000000001 1.98 -1.84 0.92 1.05 -0.97 -2.13 0.88 -0.0699999999999998 0.579557523707752 2.13239652211554 2.93047384251535 -1.0818 1.224 -0.00860000000000004 -0.00860000000000002 0.8996 -0.8568 0.4784 0.461 -0.5094 -1.1126 0.4176 -0.0914 -1.28 1 0.09 -0.02 0.91 -0.88 0.23 0.36 -0.57 -1.22 0.32 -0.18 0.9218 -1.094 0.0486 -0.0614 -1.1696 0.9668 -0.4984 -0.611 0.4394 0.9826 -0.4876 -0.1486
-0.49 -0.5 -0.51 -0.0899999999999999 0.2 -1.93 -1.93 -2.02 -1.84 -2.08 0.05 -1.97 -1.13 -2.12 -2.07 -0.558627973082693 -0.412746338600803 1.04548275281499 0.0282 0.00400000000000005 0.9014 0.9014 0.8796 0.9832 1.0284 -0.099 0.9506 0.5274 1.0076 0.9586 -0.19 -0.2 1.02 0.91 0.93 0.96 0.81 -0.19 0.9 0.41 0.94 0.89 -0.0982 -0.074 1.0686 0.9586 0.8704 0.9668 1.0316 -0.101 0.9494 0.4726 1.0424 0.8714
0.51 0.5 0.49 -0.0899999999999999 1.2 2.07 -1.93 -0.02 1.16 1.92 -1.95 2.03 -1.13 -1.12 0.93 0.600309617885306 0.456283410350535 1.03479237513956 -0.0618 0.714 1.0114 -1.0286 -0.1204 0.6732 0.9884 -1.069 1.0206 -0.6026 -0.6024 0.4186 -0.28 0.5 1.09 -1.02 -0.09 0.62 0.73 -1.14 0.93 -0.72 -0.68 0.32 -0.1882 0.616 1.0986 -0.9714 -0.1696 0.5968 0.9116 -1.031 0.9394 -0.6574 -0.5876 0.2714
-0.49 -0.5 -0.51 1.91 -1.8 2.07 -1.93 -0.02 2.16 1.92 -0.95 2.03 1.87 -1.12 -1.07 -0.539483645644443 -0.954563167168892 -1.20579010355036 -0.9518 0.984 -1.0586 0.9014 -0.1004 -0.9768 -0.9316 0.391 -1.0094 -0.9426 0.5176 0.4686 -1.19 0.8 -0.98 0.91 -0.07 -1.04 -1.19 0.31 -1.1 -1.09 0.44 0.39 -1.1182 0.946 -0.9714 0.9586 -0.1496 -1.0732 -1.0084 0.409 -1.0906 -1.0574 0.5324 0.3614
-0.49 0.5 -0.51 0.91 2.2 -0.93 0.0700000000000001 0.98 2.16 -0.0800000000000001 -0.95 -1.97 1.87 -0.12 1.93 2.82601056866053 2.30987794046144 2.87613803060566 -0.4618 -0.976 0.4114 -0.0786 -0.5904 -0.9768 0.0484 0.391 0.9506 -0.9426 0.0276 -1.0014 0.22 1 -0.41 -0.02 0.41 1.12 -0.27 -0.64 -1.07 0.78 -0.18 0.82 -0.6082 -1.094 0.5586 -0.0614 -0.6596 -1.0732 0.0116 0.409 0.9494 -1.0574 0.0224 -1.1686
-0.49 -0.5 0.49 1.91 2.2 2.07 -1.93 -1.02 -1.84 -2.08 -1.95 -1.97 -2.13 -2.12 -0.0699999999999998 -1.63906925873017 0.0084926548653147 1.46255722040756 -0.9518 -0.976 -1.0586 0.9014 0.3896 0.9832 1.0284 0.881 0.9506 1.0174 1.0076 -0.0214 -1.19 -1.2 -0.98 0.91 0.43 0.96 0.81 0.81 0.9 0.91 0.94 -0.11 0.7918 1.106 1.0986 -0.9714 -0.6596 -0.8732 -1.0484 -1.031 -1.0206 -1.1474 -1.0776 -0.2186
-0.49 0.5 -0.51 1.91 2.2 -0.93 -1.93 -1.02 0.16 -0.0800000000000001 -0.95 -0.97 -0.13 -0.12 -0.0699999999999998 -0.427788658905408 -1.39958837684471 0.374663648117058 -0.9518 -0.976 0.4114 0.9014 0.3896 0.00320000000000001 0.0484 0.391 0.4606 0.0374 0.0276 -0.0214 0.72 1 -0.41 -1.02 -0.59 0.12 -0.27 -0.64 -0.57 -0.22 -0.18 -0.18 -1.1182 -1.094 0.5586 0.9586 0.3604 -0.0531999999999999 0.0116 0.409 0.4394 -0.0374 0.0224 -0.1486
-0.49 -0.5 -0.51 -2.09 2.2 2.07 2.07 -2.02 2.16 -2.08 -1.95 -1.97 -2.13 -2.12 -2.07 1.45457114559317 1.53079607517418 1.27800710599629 1.0082 -0.976 -1.0586 -1.0586 0.8796 -0.9768 1.0284 0.881 0.9506 1.0174 1.0076 0.9586 0.81 -1.2 -0.98 -1.09 0.93 -1.04 0.81 0.81 0.9 0.91 0.94 0.89 0.9218 -1.094 -0.9714 -1.0814 0.8704 -1.0732 1.0316 0.919 0.9494 0.9826 1.0424 0.8714
0.51 0.5 0.49 1.91 -1.8 2.07 0.0700000000000001 -2.02 -1.84 -0.0800000000000001 2.05 1.03 1.87 1.88 -0.0699999999999998 0.723325461057179 0.938085099302391 3.0289526139781 0.9582 -0.816 1.0114 -0.00860000000000002 -1.1404 -0.8568 -0.0316 0.971 0.5106 0.9274 0.9276 -0.0914 0.72 -1 1.09 -0.02 -1.09 -0.88 -0.27 0.86 0.43 0.78 0.82 -0.18 0.7918 -0.854 1.0986 0.00859999999999996 -1.1496 -0.8732 -0.0684 0.929 0.4494 0.8126 0.8824 -0.2186
0.51 0.5 0.49 1.91 -1.8 -1.93 -1.93 -0.02 -1.84 1.92 2.05 -1.97 -0.13 1.88 0.93 0.0524020109132569 0.270894640065722 -0.292905222023838 0.9582 -0.816 -1.0286 -1.0286 -0.1204 -0.8568 0.9884 0.971 -1.0194 -0.0926 0.9276 0.4186 0.72 -1 -0.91 -1.02 -0.09 -0.88 0.73 0.86 -1.07 -0.22 0.82 0.32 0.7918 -0.854 -0.8614 -0.9714 -0.1696 -0.8732 0.9116 0.929 -1.0206 -0.1674 0.8824 0.2714
0.51 0.5 0.49 -0.0899999999999999 -1.8 -1.93 -0.93 1.98 -1.84 -2.08 -1.95 -1.97 -0.13 -2.12 -0.0699999999999998 1.45529290926777 1.81292673102779 1.27174763236458 -0.0618 -0.816 -1.0286 -0.5186 0.8996 -0.8568 -1.0516 -1.069 -1.0194 -0.0926 -1.1124 -0.0914 -0.28 -1 -0.91 -0.52 0.91 -0.88 -1.27 -1.14 -1.07 -0.22 -1.18 -0.18 -0.1882 -0.854 -0.8614 -0.4814 0.8104 -0.8732 -1.0484 -1.031 -1.0206 -0.1674 -1.0776 -0.2186
-0.49 -0.5 -0.51 -1.09 2.2 2.07 -1.93 0.98 -1.84 -1.08 -0.95 -0.97 -0.13 1.88 -0.0699999999999998 0.579674347765926 0.635118159441306 0.585589021741952 0.5182 -0.976 -1.0586 0.9014 -0.5904 0.9832 0.5384 0.391 0.4606 0.0374 -0.9524 -0.0214 0.31 -1.2 -0.98 0.91 -0.57 0.96 0.31 0.31 0.4 -0.09 -1.06 -0.11 0.4118 -1.094 -0.9714 0.9586 -0.6596 0.9668 0.5216 0.409 0.4394 -0.0374 -0.9976 -0.1486
0.51 -0.5 0.49 -1.09 1.2 2.07 -1.93 1.98 -0.84 -0.0800000000000001 -1.95 -0.97 -0.13 -1.12 1.93 0.0800753685023015 2.00703487699527 0.118206214873985 -0.5718 0.714 1.0114 -1.0286 0.8996 -0.3468 -0.0316 -1.069 -0.5094 -0.0926 -0.6024 0.9286 0.31 -0.7 -0.98 0.91 -1.07 0.46 -0.19 0.81 0.4 -0.09 0.44 -1.11 -0.6782 0.616 1.0986 -0.9714 0.8104 -0.3832 -0.0684 -1.031 -0.5306 -0.1674 -0.5876 0.7614
0.51 0.5 0.49 -1.09 2.2 -1.93 0.0700000000000001 1.98 -1.84 1.92 1.05 -0.97 1.87 1.88 0.93 1.40420859615034 0.915490749777261 3.00484820348635 -0.5718 1.224 -1.0286 -0.00860000000000002 0.8996 -0.8568 0.9884 0.461 -0.5094 0.9274 0.9276 0.4186 -0.78 1 -0.91 -0.02 0.91 -0.88 0.73 0.36 -0.57 0.78 0.82 0.32 -0.6782 1.106 -0.8614 0.00859999999999996 0.8104 -0.8732 0.9116 0.439 -0.5306 0.8126 0.8824 0.2714
-0.49 0.5 -0.51 1.91 -0.8 1.07 2.07 -1.02 -0.84 1.92 1.05 0.03 1.87 -1.12 -0.0699999999999998 0.341291312549958 0.717528911361381 1.34551714119246 -0.9518 0.494 -0.5686 -1.0586 0.3896 0.4932 -0.9316 -0.589 -0.0294 -0.9426 0.5176 -0.0214 0.72 -0.5 0.59 0.98 -0.59 -0.38 0.73 0.36 -0.07 0.78 -0.68 -0.18 -1.1182 0.436 -0.4614 -1.0814 0.3604 0.4568 -1.0084 -0.611 -0.0706 -1.0574 0.5324 -0.1486
0.51 0.5 0.49 1.91 -1.8 -1.93 1.07 -2.02 -1.84 -0.0800000000000001 1.05 -1.97 -0.13 0.88 0.93 0.46387820578105 1.06402927488069 1.98469999437148 0.9582 -0.816 -1.0286 0.5014 -1.1404 -0.8568 -0.0316 0.461 -1.0194 -0.0926 0.4176 0.4186 0.72 -1 -0.91 0.48 -1.09 -0.88 -0.27 0.36 -1.07 -0.22 0.32 0.32 0.7918 -0.854 -0.8614 0.4986 -1.1496 -0.8732 -0.0684 0.439 -1.0206 -0.1674 0.3924 0.2714
0.51 -0.5 0.49 -0.0899999999999999 2.2 -1.93 -0.93 1.98 2.16 -1.08 -1.95 0.03 0.87 -1.12 0.93 0.911823497524863 1.4549753682308 1.49432756105947 -0.0618 1.224 -1.0286 -0.5186 0.8996 1.1832 -0.5416 -1.069 0.000599999999999982 0.4174 -0.6024 0.4186 -0.19 -1.2 1.02 0.41 -1.07 -1.04 0.31 0.81 -0.1 -0.59 0.44 -0.61 -0.1882 1.106 -0.8614 -0.4814 0.8104 1.0868 -0.5584 -1.031 -0.0406 0.3226 -0.5876 0.2714
0.51 0.5 -0.51 -1.09 -1.8 -1.93 2.07 1.98 -1.84 0.92 0.05 -1.97 -0.13 -0.12 -1.07 0.580478639414967 1.68977324514717 0.542429681950328 -0.5718 -0.816 -1.0286 1.0114 0.8996 -0.8568 0.4784 -0.049 -1.0194 -0.0926 -0.0924 -0.6014 -0.78 -1 -0.91 0.98 0.91 -0.88 0.23 -0.14 -1.07 -0.22 -0.18 -0.68 0.4118 0.946 1.0686 -1.0814 -1.1696 0.9668 -0.4984 -0.101 0.9494 -0.0374 0.0224 0.3614
0.51 0.5 0.49 1.91 -1.8 2.07 1.07 0.98 0.16 -2.08 -1.95 0.03 -1.13 -0.12 -1.07 1.88820938607265 0.965398246307157 1.3253371209313 0.9582 -0.816 1.0114 0.5014 0.3896 0.1632 -1.0516 -1.069 0.000599999999999982 -0.6026 -0.0924 -0.6014 0.72 -1 1.09 0.48 0.41 0.12 -1.27 -1.14 -0.07 -0.72 -0.18 -0.68 0.7918 -0.854 1.0986 0.4986 0.3204 0.1068 -1.0484 -1.031 -0.0406 -0.6574 -0.0976 -0.7086
-0.49 -0.5 0.49 1.91 2.2 -1.93 2.07 1.98 -0.84 1.92 -1.95 1.03 1.87 -2.12 -0.0699999999999998 0.214826719136775 1.03524568549298 2.21288142949339 -0.9518 -0.976 0.9014 -1.0586 -1.0804 0.4932 -0.9316 0.881 -0.5194 -0.9426 1.0076 -0.0214 -1.19 -1.2 1.02 -1.09 -1.07 0.46 -1.19 0.81 -0.6 -1.09 0.94 -0.11 0.7918 1.106 -0.8614 0.9886 0.8104 -0.3832 0.9116 -1.031 0.4494 0.8126 -1.0776 -0.2186
0.51 -0.5 0.49 -2.09 -1.8 -0.93 -1.93 1.98 -1.84 -2.08 -0.95 0.03 -1.13 -2.12 -2.07 0.467492223424401 -0.795274034480703 0.464876155700585 -1.0818 -0.816 -0.5186 -1.0286 0.8996 -0.8568 -1.0516 -0.559 0.000599999999999982 -0.6026 -1.1124 -1.1114 0.81 0.8 0.52 0.91 -1.07 0.96 0.81 0.31 -0.1 0.41 0.94 0.89 -1.1682 -0.854 -0.3714 -0.9714 0.8104 -0.8732 -1.0484 -0.541 -0.0406 -0.6574 -1.0776 -1.1986
-0.49 0.5 -0.51 -2.09 2.2 -0.93 -0.93 -2.02 2.16 -0.0800000000000001 -0.95 0.03 0.87 -0.12 -2.07 0.0438997404739743 -0.52056795640116 -0.451119902151233 1.0082 -0.976 0.4114 0.4114 0.8796 -0.9768 0.0484 0.391 -0.0294 -0.4526 0.0276 0.9586 -1.28 1 -0.41 -0.52 -1.09 1.12 -0.27 -0.64 -0.07 0.28 -0.18 -1.18 0.9218 -1.094 0.5586 0.4486 0.8704 -1.0732 0.0116 0.409 -0.0706 -0.5474 0.0224 0.8714
0.51 0.5 0.49 0.91 -1.8 2.07 2.07 0.98 2.16 1.92 1.05 2.03 1.87 1.88 1.93 1.6893329081218 0.870733707800626 2.4957843701451 0.4482 -0.816 1.0114 1.0114 0.3896 1.1832 0.9884 0.461 1.0206 0.9274 0.9276 0.9286 0.22 -1 1.09 0.98 0.41 1.12 0.73 0.36 0.93 0.78 0.82 0.82 0.3018 -0.854 1.0986 0.9886 0.3204 1.0868 0.9116 0.439 0.9394 0.8126 0.8824 0.7614
-0.49 0.5 -0.51 -0.0899999999999999 2.2 0.0700000000000001 -0.93 -2.02 -1.84 1.92 1.05 -0.97 -1.13 -1.12 -2.07 1.23187901244171 0.450792002308664 0.186738201086191 0.0282 -0.976 -0.0786 0.4114 0.8796 0.9832 -0.9316 -0.589 0.4606 0.5274 0.5176 0.9586 -0.28 1 0.09 -0.52 -1.09 -0.88 0.73 0.36 -0.57 -0.72 -0.68 -1.18 -0.0982 -1.094 0.0486 0.4486 0.8704 0.9668 -1.0084 -0.611 0.4394 0.4726 0.5324 0.8714
0.51 -0.5 -0.51 1.91 -1.8 2.07 -1.93 -2.02 1.16 -0.0800000000000001 0.05 -1.97 -2.13 -2.12 -2.07 -0.403900648580999 -0.123840055047388 -0.755775582761365 0.9582 -0.816 1.0114 -1.0286 -1.1404 0.6732 -0.0316 -0.049 -1.0194 -1.1126 -1.1124 -1.1114 -1.19 0.8 -0.98 0.91 0.93 -0.54 -0.19 -0.19 0.9 0.91 0.94 0.89 -1.1182 0.946 -0.9714 0.9586 0.8704 -0.5632 0.0116 -0.101 0.9494 0.9826 1.0424 0.8714
-0.49 0.5 0.49 -1.09 0.2 0.0700000000000001 -0.93 -0.02 2.16 -0.0800000000000001 1.05 2.03 1.87 1.88 1.93 2.28317177854422 -1.21224334085141 2.09888476613347 0.5182 0.00400000000000005 -0.0786 0.4114 -0.1004 -0.9768 0.0484 -0.589 -1.0094 -0.9426 -0.9524 -1.0014 -0.78 -4.16333634234434e-17 0.09 -0.52 -0.09 1.12 -0.27 0.36 0.93 0.78 0.82 0.82 -0.6782 0.126 0.1186 -0.4814 -0.1696 1.0868 -0.0684 0.439 0.9394 0.8126 0.8824 0.7614
0.51 0.5 0.49 -0.0899999999999999 2.2 2.07 2.07 1.98 1.16 0.92 2.05 2.03 1.87 1.88 1.93 -0.92311316811567 1.44945313784107 0.549646683679723 -0.0618 1.224 1.0114 1.0114 0.8996 0.6732 0.4784 0.971 1.0206 0.9274 0.9276 0.9286 -0.28 1 1.09 0.98 0.91 0.62 0.23 0.86 0.93 0.78 0.82 0.82 -0.1882 1.106 1.0986 0.9886 0.8104 0.5968 0.4216 0.929 0.9394 0.8126 0.8824 0.7614
-0.49 -0.5 0.49 -2.09 -1.8 2.07 -1.93 0.98 0.16 -1.08 2.05 -0.97 -1.13 -1.12 -0.0699999999999998 1.17811149854237 0.131761180976158 -0.643564069274013 1.0082 0.984 -1.0586 0.9014 -0.5904 0.00320000000000001 0.5384 -1.079 0.4606 0.5274 0.5176 -0.0214 0.81 0.8 -0.98 0.91 -0.57 -0.04 0.31 -1.19 0.4 0.41 0.44 -0.11 -1.1682 -0.854 1.0986 -0.9714 0.3204 0.1068 -0.5584 0.929 -0.5306 -0.6574 -0.5876 -0.2186
-0.49 -0.5 -0.51 -2.09 -1.8 1.07 0.0700000000000001 0.98 2.16 -0.0800000000000001 -1.95 1.03 -1.13 1.88 1.93 -0.109295180565789 -0.466316612044731 -1.09709262575102 1.0082 0.984 -0.5686 -0.0786 -0.5904 -0.9768 0.0484 0.881 -0.5194 0.5274 -0.9524 -1.0014 0.81 0.8 -0.48 -0.09 -0.57 -1.04 -0.19 0.81 -0.6 0.41 -1.06 -1.11 0.9218 0.946 -0.4614 -0.0614 -0.6596 -1.0732 0.0116 0.919 -0.5806 0.4726 -0.9976 -1.1686
-0.49 0.5 0.49 -0.0899999999999999 -0.8 -1.93 -1.93 1.98 -0.84 0.92 2.05 2.03 1.87 1.88 1.93 1.41495542334419 1.89963594622626 1.83294437864886 0.0282 0.494 0.9014 0.9014 -1.0804 0.4932 -0.4416 -1.079 -1.0094 -0.9426 -0.9524 -1.0014 -0.28 -0.5 -0.91 -1.02 0.91 -0.38 0.23 0.86 0.93 0.78 0.82 0.82 -0.1882 -0.364 -0.8614 -0.9714 0.8104 -0.3832 0.4216 0.929 0.9394 0.8126 0.8824 0.7614
0.51 0.5 0.49 -2.09 -0.8 2.07 1.07 -0.02 -1.84 -1.08 0.05 -1.97 1.87 -1.12 1.93 1.37465865950945 0.945715804484293 0.329867397037852 -1.0818 -0.306 1.0114 0.5014 -0.1204 -0.8568 -0.5416 -0.049 -1.0194 0.9274 -0.6024 0.9286 -1.28 -0.5 1.09 0.48 -0.09 -0.88 -0.77 -0.14 -1.07 0.78 -0.68 0.82 -1.1682 -0.364 1.0986 0.4986 -0.1696 -0.8732 -0.5584 -0.051 -1.0206 0.8126 -0.5876 0.7614
-0.49 0.5 0.49 -2.09 2.2 2.07 2.07 1.98 -1.84 -1.08 1.05 2.03 -1.13 0.88 -2.07 -0.563758769039647 -0.704376355021501 0.790346095056358 1.0082 -0.976 -1.0586 -1.0586 -1.0804 0.9832 0.5384 -0.589 -1.0094 0.5274 -0.4624 0.9586 -1.28 1 1.09 0.98 0.91 -0.88 -0.77 0.36 0.93 -0.72 0.32 -1.18 -1.1682 1.106 1.0986 0.9886 0.8104 -0.8732 -0.5584 0.439 0.9394 -0.6574 0.3924 -1.1986
-0.49 -0.5 0.49 -1.09 0.2 0.0700000000000001 2.07 -1.02 -1.84 -2.08 -0.95 -1.97 -0.13 1.88 0.93 0.265236093847636 0.290819331518622 1.52207519466364 0.5182 0.00400000000000005 -0.0786 -1.0586 0.3896 0.9832 1.0284 0.391 0.9506 0.0374 -0.9524 -0.5114 0.31 -0.2 0.02 -1.09 0.43 0.96 0.81 0.31 0.9 -0.09 -1.06 -0.61 -0.6782 0.126 0.1186 0.9886 -0.6596 -0.8732 -1.0484 -0.541 -1.0206 -0.1674 0.8824 0.2714
0.51 0.5 0.49 1.91 0.2 -1.93 -1.93 -2.02 -1.84 -2.08 2.05 0.03 1.87 -0.12 0.93 2.06808252219233 1.34172137369636 2.12315929171485 0.9582 0.204 -1.0286 -1.0286 -1.1404 -0.8568 -1.0516 0.971 0.000599999999999982 0.9274 -0.0924 0.4186 0.72 -4.16333634234434e-17 -0.91 -1.02 -1.09 -0.88 -1.27 0.86 -0.07 0.78 -0.18 0.32 0.7918 0.126 -0.8614 -0.9714 -1.1496 -0.8732 -1.0484 0.929 -0.0406 0.8126 -0.0976 0.2714
0.51 0.5 0.49 1.91 -1.8 2.07 2.07 1.98 2.16 1.92 2.05 2.03 0.87 1.88 1.93 1.29425667840304 1.45716110563626 2.85247882980294 0.9582 -0.816 1.0114 1.0114 0.8996 1.1832 0.9884 0.971 1.0206 0.4174 0.9276 0.9286 0.72 -1 1.09 0.98 0.91 1.12 0.73 0.86 0.93 0.28 0.82 0.82 0.7918 -0.854 1.0986 0.9886 0.8104 1.0868 0.9116 0.929 0.9394 0.3226 0.8824 0.7614
0.51 -0.5 0.49 1.91 -0.8 2.07 -1.93 -2.02 -1.84 -1.08 -0.95 -0.97 -2.13 -2.12 -2.07 0.402486557428949 0.943441856800079 0.795303094728683 0.9582 -0.306 1.0114 -1.0286 -1.1404 -0.8568 -0.5416 -0.559 -0.5094 -1.1126 -1.1124 -1.1114 -1.19 0.3 -0.98 0.91 0.93 0.96 0.31 0.31 0.4 0.91 0.94 0.89 0.7918 -0.364 1.0986 -0.9714 -1.1496 -0.8732 -0.5584 -0.541 -0.5306 -1.1474 -1.0776 -1.1986
-0.49 -0.5 0.49 -1.09 -0.8 -1.93 -1.93 1.98 2.16 0.92 2.05 0.03 1.87 1.88 1.93 0.526747688637379 1.08053487637712 2.31362672944432 0.5182 0.494 0.9014 0.9014 -1.0804 -0.9768 -0.4416 -1.079 -0.0294 -0.9426 -0.9524 -1.0014 0.31 0.3 1.02 0.91 -1.07 -1.04 -0.69 -1.19 -0.1 -1.09 -1.06 -1.11 -0.6782 -0.364 -0.8614 -0.9714 0.8104 1.0868 0.4216 0.929 -0.0406 0.8126 0.8824 0.7614
-0.49 -0.5 -0.51 -0.0899999999999999 -0.8 -1.93 1.07 -0.02 2.16 1.92 2.05 0.03 0.87 0.88 -1.07 0.690199958032994 0.714301795112345 1.55332167677951 0.0282 0.494 0.9014 -0.5686 -0.1004 -0.9768 -0.9316 -1.079 -0.0294 -0.4526 -0.4624 0.4686 -0.19 0.3 1.02 -0.59 -0.07 -1.04 -1.19 -1.19 -0.1 -0.59 -0.56 0.39 -0.0982 0.436 1.0686 -0.5714 -0.1496 -1.0732 -1.0084 -1.121 -0.0706 -0.5474 -0.4876 0.3614
-0.49 -0.5 -0.51 -2.09 -1.8 -0.93 2.07 -1.02 -0.84 -0.0800000000000001 -1.95 -1.97 -2.13 -1.12 -1.07 0.572647364650159 0.829231923969989 0.655805806679583 1.0082 0.984 0.4114 -1.0586 0.3896 0.4932 0.0484 0.881 0.9506 1.0174 0.5176 0.4686 0.81 0.8 0.52 -1.09 0.43 0.46 -0.19 0.81 0.9 0.91 0.44 0.39 0.9218 0.946 0.5586 -1.0814 0.3604 0.4568 0.0116 0.919 0.9494 0.9826 0.5324 0.3614
0.51 0.5 -0.51 -2.09 -1.8 -1.93 1.07 0.98 -1.84 1.92 2.05 0.03 -1.13 1.88 1.93 0.201133723271621 0.917418242083429 1.58029113501971 -1.0818 -0.816 -1.0286 0.5014 0.3896 -0.8568 0.9884 0.971 0.000599999999999982 -0.6026 0.9276 0.9286 -1.28 -1 -0.91 0.48 0.41 -0.88 0.73 0.86 -0.07 -0.72 0.82 0.82 0.9218 0.946 1.0686 -0.5714 -0.6596 0.9668 -1.0084 -1.121 -0.0706 0.4726 -0.9976 -1.1686
-0.49 -0.5 -0.51 -2.09 2.2 -0.93 -0.93 -1.02 -1.84 -2.08 -1.95 2.03 -1.13 1.88 -0.0699999999999998 1.07386048953513 0.503797820619224 0.94562267841734 1.0082 -0.976 0.4114 0.4114 0.3896 0.9832 1.0284 0.881 -1.0094 0.5274 -0.9524 -0.0214 0.81 -1.2 0.52 0.41 0.43 0.96 0.81 0.81 -1.1 0.41 -1.06 -0.11 0.9218 -1.094 0.5586 0.4486 0.3604 0.9668 1.0316 0.919 -1.0906 0.4726 -0.9976 -0.1486
0.51 -0.5 -0.51 0.91 1.2 2.07 2.07 -2.02 -1.84 -2.08 2.05 1.03 1.87 -2.12 -0.0699999999999998 1.24475209434148 1.7457298651806 2.23312803343207 0.4482 0.714 1.0114 1.0114 -1.1404 -0.8568 -1.0516 0.971 0.5106 0.9274 -1.1124 -0.0914 -0.69 -0.7 -0.98 -1.09 0.93 0.96 0.81 -1.19 -0.6 -1.09 0.94 -0.11 -0.6082 -0.584 -0.9714 -1.0814 0.8704 0.9668 1.0316 -1.121 -0.5806 -1.0574 1.0424 -0.1486
-0.49 -0.5 0.49 0.91 2.2 -0.93 2.07 -1.02 -0.84 -2.08 2.05 0.03 -1.13 -0.12 1.93 1.0272474809495 0.443995484796363 0.889984223364848 -0.4618 -0.976 0.4114 -1.0586 0.3896 0.4932 1.0284 -1.079 -0.0294 0.5274 0.0276 -1.0014 -0.69 -1.2 0.52 -1.09 0.43 0.46 0.81 -1.19 -0.1 0.41 -0.06 -1.11 0.3018 1.106 -0.3714 0.9886 -0.6596 -0.3832 -1.0484 0.929 -0.0406 -0.6574 -0.0976 0.7614
-0.49 0.5 -0.51 -0.0899999999999999 1.2 2.07 0.0700000000000001 -2.02 -0.84 1.92 -1.95 -0.97 -0.13 -1.12 -1.07 0.553344393789718 0.310651798806277 1.82200905670962 0.0282 -0.486 -1.0586 -0.0786 0.8796 0.4932 -0.9316 0.881 0.4606 0.0374 0.5176 0.4686 -0.28 0.5 1.09 -0.02 -1.09 -0.38 0.73 -1.14 -0.57 -0.22 -0.68 -0.68 -0.0982 -0.584 -0.9714 -0.0614 0.8704 0.4568 -1.0084 0.919 0.4394 -0.0374 0.5324 0.3614
0.51 0.5 0.49 0.91 2.2 -0.93 -1.93 -1.02 -1.84 -2.08 2.05 1.03 -0.13 -0.12 -0.0699999999999998 0.235535416616289 1.16055031703528 1.03318604361465 0.4482 1.224 -0.5186 -1.0286 -0.6304 -0.8568 -1.0516 0.971 0.5106 -0.0926 -0.0924 -0.0914 0.22 1 -0.41 -1.02 -0.59 -0.88 -1.27 0.86 0.43 -0.22 -0.18 -0.18 0.3018 1.106 -0.3714 -0.9714 -0.6596 -0.8732 -1.0484 0.929 0.4494 -0.1674 -0.0976 -0.2186
-0.49 -0.5 -0.51 1.91 -0.8 2.07 -1.93 1.98 1.16 0.92 -0.95 -0.97 -1.13 -1.12 -2.07 -0.757444975498018 -0.649061213897341 -0.986007680534766 -0.9518 0.494 -1.0586 0.9014 -1.0804 -0.4868 -0.4416 0.391 0.4606 0.5274 0.5176 0.9586 -1.19 0.3 -0.98 0.91 -1.07 -0.54 -0.69 0.31 0.4 0.41 0.44 0.89 -1.1182 0.436 -0.9714 0.9586 -1.1696 -0.5632 -0.4984 0.409 0.4394 0.4726 0.5324 0.8714
0.51 0.5 0.49 1.91 -1.8 -1.93 -1.93 0.98 -1.84 0.92 -1.95 0.03 -1.13 -1.12 -2.07 1.9370786770065 1.13491007382824 1.58591325610263 0.9582 -0.816 -1.0286 -1.0286 0.3896 -0.8568 0.4784 -1.069 0.000599999999999982 -0.6026 -0.6024 -1.1114 0.72 -1 -0.91 -1.02 0.41 -0.88 0.23 -1.14 -0.07 -0.72 -0.68 -1.18 0.7918 -0.854 -0.8614 -0.9714 0.3204 -0.8732 0.4216 -1.031 -0.0406 -0.6574 -0.5876 -1.1986
0.51 -0.5 -0.51 -1.09 -1.8 0.0700000000000001 1.07 0.98 0.16 -1.08 -1.95 1.03 -1.13 -0.12 -0.0699999999999998 0.586276653160727 0.904447388489629 0.414318527400281 -0.5718 -0.816 -0.00860000000000004 0.5014 0.3896 0.1632 -0.5416 -1.069 0.5106 -0.6026 -0.0924 -0.0914 0.31 0.8 0.02 -0.59 -0.57 -0.04 0.31 0.81 -0.6 0.41 -0.06 -0.11 0.4118 0.946 0.0486 -0.5714 -0.6596 -0.0531999999999999 0.5216 0.919 -0.5806 0.4726 0.0224 -0.1486
0.51 0.5 0.49 -2.09 -1.8 -0.93 -1.93 -2.02 -0.84 1.92 1.05 -1.97 -2.13 -2.12 -0.0699999999999998 -0.0402196354850716 0.637816541596813 1.0598153890241 -1.0818 -0.816 -0.5186 -1.0286 -1.1404 -0.3468 0.9884 0.461 -1.0194 -1.1126 -1.1124 -0.0914 -1.28 -1 -0.41 -1.02 -1.09 -0.38 0.73 0.36 -1.07 -1.22 -1.18 -0.18 -1.1682 -0.854 -0.3714 -0.9714 -1.1496 -0.3832 0.9116 0.439 -1.0206 -1.1474 -1.0776 -0.2186
0.51 0.5 0.49 -2.09 2.2 -1.93 2.07 1.98 0.16 0.92 2.05 1.03 -0.13 1.88 0.93 0.353302302368644 0.741578720411841 0.549913558873981 -1.0818 1.224 -1.0286 1.0114 0.8996 0.1632 0.4784 0.971 0.5106 -0.0926 0.9276 0.4186 -1.28 1 -0.91 0.98 0.91 0.12 0.23 0.86 0.43 -0.22 0.82 0.32 -1.1682 1.106 -0.8614 0.9886 0.8104 0.1068 0.4216 0.929 0.4494 -0.1674 0.8824 0.2714
0.51 -0.5 -0.51 -0.0899999999999999 0.2 2.07 -1.93 -0.02 2.16 -1.08 0.05 -1.97 -2.13 -0.12 -0.0699999999999998 0.118610619161757 0.778628113165347 -0.902077664358403 -0.0618 0.204 1.0114 -1.0286 -0.1204 1.1832 -0.5416 -0.049 -1.0194 -1.1126 -0.0924 -0.0914 -0.19 -0.2 -0.98 0.91 -0.07 -1.04 0.31 -0.19 0.9 0.91 -0.06 -0.11 -0.0982 -0.074 -0.9714 0.9586 -0.1496 -1.0732 0.5216 -0.101 0.9494 0.9826 0.0224 -0.1486
-0.49 0.5 0.49 1.91 0.2 0.0700000000000001 -1.93 -0.02 1.16 0.92 1.05 -1.97 -0.13 0.88 1.93 0.190939294826252 1.04797580071913 1.58113986433972 -0.9518 0.00400000000000005 -0.0786 0.9014 -0.1004 -0.4868 -0.4416 -0.589 0.9506 0.0374 -0.4624 -1.0014 0.72 -4.16333634234434e-17 0.09 -1.02 -0.09 0.62 0.23 0.36 -1.07 -0.22 0.32 0.82 0.7918 0.126 0.1186 -0.9714 -0.1696 0.5968 0.4216 0.439 -1.0206 -0.1674 0.3924 0.7614
0.51 -0.5 -0.51 -2.09 2.2 1.07 -1.93 1.98 2.16 1.92 0.05 2.03 1.87 0.88 0.93 -0.320671484298828 -0.230421940640071 -0.257219928852227 -1.0818 1.224 0.5014 -1.0286 0.8996 1.1832 0.9884 -0.049 1.0206 0.9274 0.4176 0.4186 0.81 -1.2 -0.48 0.91 -1.07 -1.04 -1.19 -0.19 -1.1 -1.09 -0.56 -0.61 0.9218 -1.094 -0.4614 0.9586 -1.1696 -1.0732 -1.0084 -0.101 -1.0906 -1.0574 -0.4876 -0.6586
0.51 0.5 0.49 0.91 1.2 1.07 0.0700000000000001 1.98 2.16 1.92 0.05 0.03 1.87 0.88 0.93 0.856117887928326 1.74292314202225 1.68185528932324 0.4482 0.714 0.5014 -0.00860000000000002 0.8996 1.1832 0.9884 -0.049 0.000599999999999982 0.9274 0.4176 0.4186 0.22 0.5 0.59 -0.02 0.91 1.12 0.73 -0.14 -0.07 0.78 0.32 0.32 0.3018 0.616 0.6086 0.00859999999999996 0.8104 1.0868 0.9116 -0.051 -0.0406 0.8126 0.3924 0.2714
-0.49 -0.5 -0.51 0.91 -1.8 1.07 -1.93 -2.02 1.16 1.92 2.05 0.03 -2.13 -0.12 -0.0699999999999998 1.27296179769893 0.208433093293069 0.678301251117072 -0.4618 0.984 -0.5686 0.9014 0.8796 -0.4868 -0.9316 -1.079 -0.0294 1.0174 0.0276 -0.0214 -0.69 0.8 -0.48 0.91 0.93 -0.54 -1.19 -1.19 -0.1 0.91 -0.06 -0.11 -0.6082 0.946 -0.4614 0.9586 0.8704 -0.5632 -1.0084 -1.121 -0.0706 0.9826 0.0224 -0.1486
-0.49 -0.5 -0.51 0.91 -1.8 -1.93 2.07 1.98 2.16 -2.08 0.05 1.03 0.87 0.88 -0.0699999999999998 1.01491776634648 0.878134397743355 0.561077468606504 -0.4618 0.984 0.9014 -1.0586 -1.0804 -0.9768 1.0284 -0.099 -0.5194 -0.4526 -0.4624 -0.0214 -0.69 0.8 1.02 -1.09 -1.07 -1.04 0.81 -0.19 -0.6 -0.59 -0.56 -0.11 -0.6082 0.946 1.0686 -1.0814 -1.1696 -1.0732 1.0316 -0.101 -0.5806 -0.5474 -0.4876 -0.1486
-0.49 0.5 -0.51 1.91 2.2 2.07 -0.93 -0.02 -0.84 -2.08 1.05 2.03 -1.13 -2.12 -1.07 1.2113348157539 1.38634758570804 0.658411484946427 -0.9518 -0.976 -1.0586 0.4114 -0.1004 0.4932 1.0284 -0.589 -1.0094 0.5274 1.0076 0.4686 0.72 1 1.09 -0.52 -0.09 -0.38 -1.27 0.36 0.93 -0.72 -1.18 -0.68 -1.1182 -1.094 -0.9714 0.4486 -0.1496 0.4568 1.0316 -0.611 -1.0906 0.4726 1.0424 0.3614
-0.49 0.5 -0.51 1.91 -0.8 -1.93 1.07 1.98 -0.84 0.92 -1.95 1.03 -0.13 -1.12 -1.07 0.398954512373963 1.44807806986955 1.31840700445923 -0.9518 0.494 0.9014 -0.5686 -1.0804 0.4932 -0.4416 0.881 -0.5194 0.0374 0.5176 0.4686 0.72 -0.5 -0.91 0.48 0.91 -0.38 0.23 -1.14 0.43 -0.22 -0.68 -0.68 -1.1182 0.436 1.0686 -0.5714 -1.1696 0.4568 -0.4984 0.919 -0.5806 -0.0374 0.5324 0.3614
-0.49 -0.5 0.49 -1.09 -1.8 0.0700000000000001 1.07 -1.02 -0.84 -0.0800000000000001 0.05 1.03 -0.13 -0.12 -0.0699999999999998 0.172378786118357 -0.453615497440077 -0.178967026073185 0.5182 0.984 -0.0786 -0.5686 0.3896 0.4932 0.0484 -0.099 -0.5194 0.0374 0.0276 -0.0214 0.31 0.8 0.02 -0.59 0.43 0.46 -0.19 -0.19 -0.6 -0.09 -0.06 -0.11 -0.6782 -0.854 0.1186 0.4986 -0.6596 -0.3832 -0.0684 -0.051 0.4494 -0.1674 -0.0976 -0.2186
-0.49 0.5 -0.51 1.91 -1.8 2.07 -1.93 -2.02 2.16 -1.08 -0.95 0.03 0.87 0.88 -0.0699999999999998 -0.383429192760533 -0.173484610260665 0.204348601000302 -0.9518 0.984 -1.0586 0.9014 0.8796 -0.9768 0.5384 0.391 -0.0294 -0.4526 -0.4624 -0.0214 0.72 -1 1.09 -1.02 -1.09 1.12 -0.77 -0.64 -0.07 0.28 0.32 -0.18 -1.1182 0.946 -0.9714 0.9586 0.8704 -1.0732 0.5216 0.409 -0.0706 -0.5474 -0.4876 -0.1486
0.51 -0.5 -0.51 -0.0899999999999999 0.2 -1.93 2.07 -0.02 0.16 -1.08 -1.95 1.03 0.87 1.88 1.93 -0.436869662122651 -1.21723111385434 -1.37835351287045 -0.0618 0.204 -1.0286 1.0114 -0.1204 0.1632 -0.5416 -1.069 0.5106 0.4174 0.9276 0.9286 -0.19 -0.2 1.02 -1.09 -0.07 -0.04 0.31 0.81 -0.6 -0.59 -1.06 -1.11 -0.0982 -0.074 1.0686 -1.0814 -0.1496 -0.0531999999999999 0.5216 0.919 -0.5806 -0.5474 -0.9976 -1.1686
0.51 -0.5 0.49 -2.09 -1.8 -1.93 1.07 0.98 0.16 -2.08 0.05 -1.97 -2.13 -2.12 -2.07 0.54256981450123 0.288636060334587 0.118480339370081 -1.0818 -0.816 -1.0286 0.5014 0.3896 0.1632 -1.0516 -0.049 -1.0194 -1.1126 -1.1124 -1.1114 0.81 0.8 1.02 -0.59 -0.57 -0.04 0.81 -0.19 0.9 0.91 0.94 0.89 -1.1682 -0.854 -0.8614 0.4986 0.3204 0.1068 -1.0484 -0.051 -1.0206 -1.1474 -1.0776 -1.1986
-0.49 -0.5 -0.51 0.91 -0.8 1.07 -0.93 -1.02 2.16 -2.08 -1.95 1.03 -1.13 -2.12 0.93 0.648101655327987 1.53206128342381 1.12942396815749 -0.4618 0.494 -0.5686 0.4114 0.3896 -0.9768 1.0284 0.881 -0.5194 0.5274 1.0076 -0.5114 -0.69 0.3 -0.48 0.41 0.43 -1.04 0.81 0.81 -0.6 0.41 0.94 -0.61 -0.6082 0.436 -0.4614 0.4486 0.3604 -1.0732 1.0316 0.919 -0.5806 0.4726 1.0424 -0.6586
0.51 -0.5 -0.51 1.91 0.2 2.07 -0.93 -0.02 -1.84 -2.08 -1.95 -1.97 -0.13 -0.12 -2.07 0.617989488765408 1.3238731260056 2.02793047402323 0.9582 0.204 1.0114 -0.5186 -0.1204 -0.8568 -1.0516 -1.069 -1.0194 -0.0926 -0.0924 -1.1114 -1.19 -0.2 -0.98 0.41 -0.07 0.96 0.81 0.81 0.9 -0.09 -0.06 0.89 -1.1182 -0.074 -0.9714 0.4486 -0.1496 0.9668 1.0316 0.919 0.9494 -0.0374 0.0224 0.8714
