 0.75730350E-16 -0.96015727E-15 -0.22319233E-14 -0.20554618E-14  0.71544765E-15  0.76690247E-15 -0.16806975E-15 -0.82662755E-15 -0.26503126E-15 -0.32914779E-15
-0.16574951E-16 -0.48215879E-15 -0.86675833E-15 -0.81472446E-15 -0.40547488E-14  0.53359032E+00  0.79721868E+00  0.10931066E+01 -0.37838341E-16  0.81089624E-17
-0.42259447E-16 -0.55197564E-16 -0.25024237E-16  0.23115941E-16 -0.27050910E-16  0.41276640E-16 -0.66463524E-17  0.20157948E-16  0.71993739E-17  0.13189114E-16
 0.50718520E-16 -0.67641826E-17 -0.49379634E-17  0.67725821E-18  0.40767610E-16 -0.18817205E-17  0.43781502E-16  0.75736975E-16  0.67988529E-16  0.35113463E-16
 0.43744279E-16  0.87414700E-16  0.55831270E-16 -0.56653369E-17 -0.58856849E-17  0.63144788E-17  0.40061859E-16  0.10865973E-16  0.70828895E-16  0.37831138E-17
 0.37301806E-16  0.11795276E-16  0.42425088E-16 -0.15746971E-16  0.47063076E+00  0.96236104E+00  0.26146886E+00  0.24276377E+00  0.32292243E-01  0.32306248E+00
 0.39200503E+00  0.52844197E+00  0.86385947E+00  0.10091922E+01  0.63590574E+00  0.11053215E+01  0.12114682E+01  0.78897244E+00  0.86217302E+00  0.32750919E+00
 0.44853336E+00 -0.16378692E+00 -0.90272017E-01  0.21480331E+00  0.42865071E+00  0.28320670E+00  0.45782298E+00  0.52456021E-01  0.30633238E+00  0.31524074E+00
 0.31384882E+00  0.41011447E+00  0.43291956E+00 -0.11176387E+00  0.24768427E+00  0.64732015E+00  0.51276219E+00  0.94054276E+00  0.10664579E+01  0.58644807E+00
 0.11459947E+01  0.11670679E+01  0.11160903E+01  0.40037042E+00  0.37803671E+00 -0.10014432E+00  0.34224361E+00  0.69130927E+00  0.42504141E+00  0.86858332E+00
 0.98876500E+00  0.49811596E+00  0.99785072E+00  0.10510545E+01  0.22131991E+00  0.12799697E+00  0.12056652E+00  0.27711837E+01  0.25123308E+01  0.26289666E+01
 0.20796480E+01  0.21680064E+01  0.18695612E+01  0.18137082E+01  0.17136703E+01  0.18779279E+01  0.13335661E+01  0.99497265E+00  0.12946056E+01  0.52907461E+00
 0.45439225E+00  0.70752448E+00  0.68204939E+00  0.60294312E+00  0.64550579E+00  0.54250157E+00  0.56458968E+00  0.49046984E+00  0.60360748E+00  0.61958492E+00
 0.55647504E+00  0.59455925E+00  0.55993599E+00  0.53087366E+00  0.66677475E+00  0.59396833E+00  0.64150411E+00  0.51539022E+00  0.48341033E+00  0.46364039E+00
 0.44866106E+00  0.42512956E+00  0.49496990E+00  0.38506696E+00  0.30972654E+00  0.34517962E+00  0.67833650E+00  0.61115253E+00  0.65521806E+00  0.50037980E+00
 0.50396144E+00  0.49572909E+00  0.49359679E+00  0.48981112E+00  0.49729174E+00  0.43954748E+00  0.38268575E+00  0.37874916E+00  0.93620902E+00  0.45939910E+00
 0.31599092E+00  0.12903357E+00  0.78284904E-01  0.89538383E+00  0.44158879E+00  0.10634026E-01  0.12684352E-01  0.16611443E+00  0.83755434E+00  0.36746645E+00
 0.47499415E+00  0.11736108E+00
 0.49989998E-01  0.49749371E-01  0.49959984E-01  0.16829735E+00  0.16015929E+00  0.16216967E+00  0.14741439E+00  0.15184203E+00  0.14558846E+00  0.15754047E+00
 0.16203703E+00  0.14966629E+00  0.15580437E+00  0.15195723E+00  0.14798649E+00  0.10249079E+00  0.10377795E+00  0.12430138E+00  0.83658054E-01  0.79772301E-01
 0.80620222E-01  0.73746540E-01  0.75647488E-01  0.72179765E-01  0.78544937E-01  0.80895133E-01  0.74627876E-01  0.78111909E-01  0.75923882E-01  0.73975399E-01
 0.83349504E-01  0.79063326E-01  0.80223374E-01  0.72496966E-01  0.74365042E-01  0.71226120E-01  0.77175707E-01  0.78361727E-01  0.74303433E-01  0.77667564E-01
 0.73210724E-01  0.74303433E-01  0.83962128E-01  0.79680122E-01  0.81048369E-01  0.72099723E-01  0.76377288E-01  0.72507888E-01  0.78671411E-01  0.80759704E-01
 0.73383108E-01  0.77778406E-01  0.75245902E-01  0.73814906E-01  0.31080088E+00  0.45187360E+00  0.20953958E+00  0.18304971E+00  0.20399091E+00  0.17662530E+00
 0.17614906E+00  0.18209712E+00  0.18133380E+00  0.19727613E+00  0.18301542E+00  0.18623488E+00  0.22412245E+00  0.11442021E+00  0.15576956E+00  0.25841498E+00
 0.27409068E+00  0.25116310E+00  0.26520792E+00  0.25537828E+00  0.27833542E+00  0.34912983E+00  0.39149123E+00  0.29158661E+00  0.38423586E+00  0.38849229E+00
 0.34500316E+00  0.28420615E+00  0.29787296E+00  0.26536280E+00  0.23971488E+00  0.23131976E+00  0.26647982E+00  0.29491204E+00  0.30052596E+00  0.24975377E+00
 0.25031650E+00  0.28560239E+00  0.12598173E+00  0.26344970E+00  0.27423564E+00  0.26060766E+00  0.23966947E+00  0.25061584E+00  0.22284999E+00  0.26349041E+00
 0.24604376E+00  0.23778269E+00  0.19034754E+00  0.23074387E+00  0.26796592E-01  0.61573483E-01  0.63068211E-01  0.19945027E+00  0.18334408E+00  0.16367215E+00
 0.18967493E+00  0.19242689E+00  0.20548706E+00  0.23678729E+00  0.25701439E+00  0.20093314E+00  0.25294477E+00  0.22157003E+00  0.21901749E+00  0.91572329E-01
 0.12145888E+00  0.15442365E+00  0.52993406E-01  0.53789157E-01  0.42431328E-01  0.46470419E-01  0.45092709E-01  0.51356744E-01  0.49838282E-01  0.64885668E-01
 0.44183385E-01  0.59348013E-01  0.58745589E-01  0.55400655E-01  0.57860211E-01  0.56350596E-01  0.43199018E-01  0.52334115E-01  0.57577223E-01  0.54005608E-01
 0.67152582E-01  0.64630687E-01  0.52240323E-01  0.57967782E-01  0.49832754E-01  0.58943953E-01  0.53747229E-01  0.51299352E-01  0.41386295E-01  0.48403814E-01
 0.61708186E-01  0.50396148E-01  0.70161447E-01  0.69724418E-01  0.49608335E-01  0.69901668E-01  0.67862593E-01  0.66600390E-01  0.34125024E+00  0.13052948E+00
 0.25390577E+00  0.63252531E-01  0.45540426E-01  0.23924690E+00  0.17189115E+00  0.23059715E-01  0.64009495E-01  0.64066626E-01  0.21444726E+00  0.16661666E+00
 0.10854041E+00  0.99051088E-01
 0.16800000E+03 -0.67557921E+04  0.87978567E+00 -0.54822178E+04  0.10292650E+01  0.13847584E+05  0.14285253E+05  0.13754667E+05  0.24314552E+04  0.13710000E+04
 0.00000000E+00  0.10475819E+01  0.31507616E+00  0.28510137E+00  0.87948298E-01  0.82224277E-01  0.93628448E-01  0.00000000E+00  0.98942209E-01  0.34284640E-03
