0.54 -0.45 0.52 -0.33 -1.86 2.01 1.85 0.95 0.8 0.71 1.93 2.23 1.86 -0.35 0.93 1.05192057711403 0.624669773863257 3.05300857544961 -0.1264 -1.0088 1.0908 1.008 0.536 0.484 0.4568 1.1044 1.2084 0.9888 -0.188 0.4544 0.187 0.784 -0.909 -0.835 -0.405 -0.37 -0.399 -0.927 -1.007 -0.864 0.035 -0.457 -0.2132 -1.0544 0.9204 0.974 0.478 0.482 0.4484 0.9872 1.1292 0.9444 -0.224 0.2972
0.54 -0.45 0.52 -0.33 -1.86 -1.99 -2.15 -2.05 -2.2 -0.29 -2.07 0.23 -2.14 -2.35 -2.07 0.0719411201927103 -0.0152157707501913 1.24967976902991 -0.1264 -1.0088 -1.0692 -1.152 -1.084 -1.136 -0.0832 -1.0556 0.1284 -1.1712 -1.268 -1.1656 0.187 0.784 0.891 0.965 0.945 0.98 0.051 0.873 -0.107 0.936 0.935 0.893 -0.2132 -1.0544 -1.1596 -1.106 -1.082 -1.078 -0.0716 -1.0928 0.0892 -1.1356 -1.264 -1.2628
0.54 0.55 0.52 -1.33 2.14 1.01 1.85 1.95 0.8 1.71 1.93 2.23 1.86 1.65 1.93 2.56473791136879 1.64535169396371 2.38831341827086 -0.6664 1.1512 0.5508 1.008 1.076 0.484 0.9968 1.1044 1.2084 0.9888 0.892 0.9944 -0.693 1.124 0.551 1.015 1.095 0.43 0.861 1.003 1.223 0.996 0.785 1.023 -0.7332 1.0256 0.4004 0.974 0.998 0.482 0.9684 0.9872 1.1292 0.9444 0.816 0.8172
0.54 -0.45 0.52 -0.33 2.14 2.01 1.85 -0.0499999999999998 -2.2 0.71 -1.07 0.23 0.86 1.65 0.93 1.24675870787793 4.68921515181042 1.16770753850851 -0.1264 1.1512 1.0908 1.008 -0.00399999999999999 -1.136 0.4568 -0.5156 0.1284 0.4488 0.892 0.4544 0.187 -1.016 -0.909 -0.835 0.045 0.98 -0.399 0.423 -0.107 -0.414 -0.865 -0.457 -0.2132 1.0256 0.9204 0.974 -0.042 -1.078 0.4484 -0.5728 0.0892 0.4244 0.816 0.2972
0.54 0.55 -0.48 -2.33 -1.86 -1.99 -2.15 -2.05 1.8 -1.29 -0.0699999999999998 -1.77 -0.14 0.65 -2.07 1.56223398417657 2.00445223554589 -0.753693094162996 -1.2064 -1.0088 -1.0692 -1.152 -1.084 1.024 -0.6232 0.0244 -0.9516 -0.0912 0.352 -1.1656 -1.243 -1.076 -1.099 -1.185 -1.105 0.98 -0.789 -0.097 -0.977 -0.104 0.235 -1.177 1.0768 0.8056 0.8304 1.044 0.968 -0.798 0.6984 0.0172 0.8192 0.0444 -0.354 0.8072
0.54 -0.45 0.52 -0.33 -1.86 2.01 -1.15 0.95 1.8 -1.29 -1.07 -1.77 0.86 0.65 0.93 1.06170197194137 2.16475303921314 1.83939009105272 -0.1264 -1.0088 1.0908 -0.612 0.536 1.024 -0.6232 -0.5156 -0.9516 0.4488 0.352 0.4544 0.187 0.784 -0.909 0.515 -0.405 -0.82 0.501 0.423 0.793 -0.414 -0.415 -0.457 -0.2132 -1.0544 0.9204 -0.586 0.478 1.002 -0.5916 -0.5728 -0.9508 0.4244 0.296 0.2972
0.54 0.55 0.52 1.67 -1.86 -1.99 -2.15 1.95 -1.2 -2.29 -2.07 -1.77 -1.14 -2.35 -0.0699999999999998 2.6841576306028 0.687154651270567 2.03955500023928 0.9536 -1.0088 -1.0692 -1.152 1.076 -0.596 -1.1632 -1.0556 -0.9516 -0.6312 -1.268 -0.0856 0.957 -1.076 -1.099 -1.185 1.095 -0.67 -1.339 -1.197 -0.977 -0.654 -1.415 -0.077 0.8268 -1.0544 -1.1596 -1.106 0.998 -0.558 -1.1116 -1.0928 -0.9508 -0.6156 -1.264 -0.2228
0.54 0.55 0.52 -0.33 -1.86 2.01 -1.15 -1.05 -2.2 -1.29 -0.0699999999999998 1.23 0.86 -0.35 -2.07 -0.251513235448962 0.975792751179408 0.346971326096265 -0.1264 -1.0088 1.0908 -0.612 -0.544 -1.136 -0.6232 0.0244 0.6684 0.4488 -0.188 -1.1656 -0.143 -1.076 1.101 -0.635 -0.555 -1.22 -0.789 -0.097 0.673 0.446 -0.315 -1.177 -0.2132 -1.0544 0.9204 -0.586 -0.562 -1.078 -0.5916 -0.0528 0.6092 0.4244 -0.224 -1.2628
0.54 0.55 -0.48 1.67 -0.86 0.01 1.85 0.95 1.8 1.71 1.93 2.23 1.86 0.65 1.93 0.0452656295226533 1.42545170948808 0.991026481454418 0.9536 -0.4688 0.0108 1.008 0.536 1.024 0.9968 1.1044 1.2084 0.9888 0.352 0.9944 0.957 -0.526 0.00100000000000005 1.015 0.545 0.98 0.861 1.003 1.223 0.996 0.235 1.023 -0.8432 0.3256 -0.1296 -0.876 -0.472 -0.798 -0.7416 -0.9428 -1.1008 -0.9156 -0.354 -1.1128
0.54 0.55 -0.48 1.67 0.14 -1.99 0.85 1.95 -2.2 -0.29 -1.07 1.23 -1.14 -0.35 -2.07 0.544591792731085 2.05969796558074 0.50707291804508 0.9536 0.0712 -1.0692 0.468 1.076 -1.136 -0.0832 -0.5156 0.6684 -0.6312 -0.188 -1.1656 0.957 0.024 -1.099 0.465 1.095 -1.22 -0.239 -0.647 0.673 -0.654 -0.315 -1.177 -0.8432 -0.1544 0.8304 -0.396 -0.952 1.122 0.2184 0.4972 -0.6208 0.5244 0.126 0.8072
-0.46 -0.45 -0.48 -0.33 -1.86 -1.99 1.85 -1.05 -1.2 0.71 -2.07 -1.77 -1.14 -2.35 -1.07 0.0225395510791012 0.301826646312558 1.6730440217227 0.2036 0.8512 0.9208 -0.842 0.506 0.604 -0.2532 1.0144 0.8184 0.5088 1.082 0.4444 0.187 0.784 0.891 -0.835 0.495 0.53 -0.399 0.873 0.793 0.486 0.935 0.443 0.1168 0.8056 0.8304 -0.876 0.488 0.642 -0.2616 0.9772 0.8192 0.5244 1.086 0.3272
-0.46 0.55 -0.48 -0.33 2.14 2.01 -2.15 -0.0499999999999998 1.8 1.71 -0.0699999999999998 2.23 -2.14 -1.35 0.93 1.05450654274962 2.76212156275961 1.21398602286486 0.2036 -0.9888 -0.9192 0.998 0.046 -0.776 -0.7132 0.0944 -1.0216 0.9688 0.622 -0.4756 -0.143 1.124 1.101 -1.185 -0.00500000000000001 0.98 0.861 -0.097 1.223 -1.204 -0.865 0.473 0.1168 -1.1144 -1.0896 1.044 0.00799999999999999 -0.798 -0.7416 0.0172 -1.1008 1.0044 0.606 -0.6328
-0.46 0.55 0.52 0.67 0.14 2.01 1.85 -2.05 1.8 1.71 -1.07 0.23 -0.14 -0.35 -1.07 1.23146316072286 2.52942715206207 3.52666586132645 -0.2564 -0.0688 -0.9192 -0.842 0.966 -0.776 -0.7132 0.5544 -0.1016 0.0488 0.162 0.4444 0.407 0.024 1.101 1.015 -1.105 0.98 0.861 -0.647 0.123 -0.104 -0.315 -0.627 0.3068 -0.0144 0.9204 0.974 -1.082 1.002 0.9684 -0.5728 0.0892 -0.0956 -0.224 -0.7428
0.54 -0.45 0.52 0.67 0.14 0.01 -2.15 -2.05 1.8 0.71 -1.07 -1.77 0.86 0.65 -0.0699999999999998 -1.30406595938693 1.76051943297386 0.394650643307072 0.4136 0.0712 0.0108 -1.152 -1.084 1.024 0.4568 -0.5156 -0.9516 0.4488 0.352 -0.0856 -0.263 -0.116 -0.00900000000000002 0.965 0.945 -0.82 -0.399 0.423 0.793 -0.414 -0.415 -0.00700000000000001 0.3068 -0.0144 -0.1196 -1.106 -1.082 1.002 0.4484 -0.5728 -0.9508 0.4244 0.296 -0.2228
0.54 0.55 -0.48 -2.33 2.14 -0.99 -1.15 1.95 1.8 0.71 -2.07 -1.77 -1.14 -0.35 -0.0699999999999998 0.455091771568883 1.56386250063352 1.54179393932579 -1.2064 1.1512 -0.5292 -0.612 1.076 1.024 0.4568 -1.0556 -0.9516 -0.6312 -0.188 -0.0856 -1.243 1.124 -0.549 -0.635 1.095 0.98 0.311 -1.197 -0.977 -0.654 -0.315 -0.077 1.0768 -1.1144 0.3504 0.564 -0.952 -0.798 -0.2616 0.9772 0.8192 0.5244 0.126 -0.1528
0.54 -0.45 0.52 -1.33 -1.86 -1.99 0.85 -2.05 0.8 -2.29 -1.07 0.23 -2.14 1.65 -2.07 2.01214288542114 1.35032626427445 3.47889594916508 -0.6664 -1.0088 -1.0692 0.468 -1.084 0.484 -1.1632 -0.5156 0.1284 -1.1712 0.892 -1.1656 0.637 0.784 0.891 -0.385 0.945 -0.37 0.951 0.423 -0.107 0.936 -0.865 0.893 -0.7332 -1.0544 -1.1596 0.454 -1.082 0.482 -1.1116 -0.5728 0.0892 -1.1356 0.816 -1.2628
0.54 0.55 0.52 -2.33 2.14 0.01 -0.15 1.95 -1.2 -1.29 1.93 0.23 -1.14 0.65 0.93 3.09344259389134 2.23229930647709 4.6675308925996 -1.2064 1.1512 0.0108 -0.072 1.076 -0.596 -0.6232 1.1044 0.1284 -0.6312 0.352 0.4544 -1.243 1.124 0.00100000000000005 -0.085 1.095 -0.67 -0.789 1.003 0.123 -0.654 0.235 0.473 -1.2532 1.0256 -0.1196 -0.066 0.998 -0.558 -0.5916 0.9872 0.0892 -0.6156 0.296 0.2972
-0.46 -0.45 -0.48 -1.33 0.14 2.01 0.85 0.95 -2.2 0.71 -0.0699999999999998 -1.77 -1.14 -2.35 -1.07 -1.15211383513702 -0.219886788416154 0.872459802190616 0.6636 -0.0688 -0.9192 -0.382 -0.414 1.064 -0.2532 0.0944 0.8184 0.5088 1.082 0.4444 0.637 -0.116 -0.909 -0.385 -0.405 0.98 -0.399 -0.027 0.793 0.486 0.935 0.443 0.5968 -0.1544 -1.0896 -0.396 -0.472 1.122 -0.2616 0.0172 0.8192 0.5244 1.086 0.3272
-0.46 0.55 -0.48 -1.33 0.14 2.01 -1.15 -1.05 1.8 1.71 1.93 -0.77 -2.14 1.65 -0.0699999999999998 -1.27403177293137 0.334289834560943 0.241686545558998 0.6636 -0.0688 -0.9192 0.538 0.506 -0.776 -0.7132 -0.8256 0.3584 0.9688 -0.758 -0.0156 -0.693 0.024 1.101 -0.635 -0.555 0.98 0.861 1.003 -0.427 -1.204 0.785 -0.077 0.5968 -0.1544 -1.0896 0.564 0.488 -0.798 -0.7416 -0.9428 0.3392 1.0044 -0.834 -0.1528
0.54 -0.45 0.52 -2.33 -1.86 0.01 1.85 0.95 0.8 -2.29 -0.0699999999999998 2.23 -1.14 0.65 0.93 0.602875062414008 1.20998555598255 2.1653145585868 -1.2064 -1.0088 0.0108 1.008 0.536 0.484 -1.1632 0.0244 1.2084 -0.6312 0.352 0.4544 1.087 0.784 -0.00900000000000002 -0.835 -0.405 -0.37 0.951 -0.027 -1.007 0.486 -0.415 -0.457 -1.2532 -1.0544 -0.1196 0.974 0.478 0.482 -1.1116 -0.0528 1.1292 -0.6156 0.296 0.2972
0.54 0.55 0.52 1.67 2.14 2.01 -2.15 -0.0499999999999998 1.8 1.71 1.93 2.23 1.86 -2.35 -0.0699999999999998 1.39399967856341 1.41197862248284 0.890083136683643 0.9536 1.1512 1.0908 -1.152 -0.00399999999999999 1.024 0.9968 1.1044 1.2084 0.9888 -1.268 -0.0856 0.957 1.124 1.101 -1.185 -0.00500000000000001 0.98 0.861 1.003 1.223 0.996 -1.415 -0.077 0.8268 1.0256 0.9204 -1.106 -0.042 1.002 0.9684 0.9872 1.1292 0.9444 -1.264 -0.2228
-0.46 -0.45 -0.48 -2.33 -0.86 -0.99 0.85 1.95 -0.2 1.71 -2.07 1.23 -2.14 -2.35 1.93 -0.542150391302077 0.471901326541325 0.00200526003378712 1.1236 0.3912 0.4608 -0.382 -0.874 0.144 -0.7132 1.0144 -0.5616 0.9688 1.082 -0.9356 1.087 0.334 0.441 -0.385 -0.855 0.08 -0.849 0.873 -0.557 0.936 0.935 -0.907 1.0768 0.3256 0.3504 -0.396 -0.952 0.162 -0.7416 0.9772 -0.6208 1.0044 1.086 -1.1128
-0.46 0.55 0.52 1.67 0.14 1.01 -1.15 -0.0499999999999998 -2.2 1.71 0.93 2.23 1.86 1.65 1.93 1.18523257564378 2.60540546161975 3.54336918685152 -0.7164 -0.0688 -0.4592 0.538 0.046 1.064 -0.7132 -0.3656 -1.0216 -0.8712 -0.758 -0.9356 0.957 0.024 0.551 -0.635 -0.00500000000000001 -1.22 0.861 0.453 1.223 0.996 0.785 1.023 0.8268 -0.0144 0.4004 -0.586 -0.042 -1.078 0.9684 0.4672 1.1292 0.9444 0.816 0.8172
0.54 0.55 -0.48 0.67 2.14 1.01 1.85 1.95 -2.2 -2.29 -0.0699999999999998 0.23 0.86 -1.35 -2.07 -1.22305004359452 -0.366030035963397 -1.4498843728723 0.4136 1.1512 0.5508 1.008 1.076 -1.136 -1.1632 0.0244 0.1284 0.4488 -0.728 -1.1656 0.407 1.124 0.551 1.015 1.095 -1.22 -1.339 -0.097 0.123 0.446 -0.865 -1.177 -0.3632 -1.1144 -0.6096 -0.876 -0.952 1.122 1.1784 0.0172 -0.1408 -0.4356 0.606 0.8072
-0.46 -0.45 -0.48 -0.33 -1.86 2.01 -2.15 -1.05 -1.2 -2.29 -2.07 -1.77 -2.14 -2.35 -2.07 -0.0430280111992259 1.12324476650471 0.484258639919184 0.2036 0.8512 -0.9192 0.998 0.506 0.604 1.1268 1.0144 0.8184 0.9688 1.082 0.9044 0.187 0.784 -0.909 0.965 0.495 0.53 0.951 0.873 0.793 0.936 0.935 0.893 0.1168 0.8056 -1.0896 1.044 0.488 0.642 1.1784 0.9772 0.8192 1.0044 1.086 0.8072
-0.46 -0.45 0.52 1.67 -0.86 0.01 0.85 1.95 -2.2 -2.29 -0.0699999999999998 -1.77 -0.14 -0.35 -1.07 1.17595801553938 1.24697442710219 1.72821293456677 -0.7164 0.3912 0.000799999999999976 -0.382 -0.874 1.064 1.1268 0.0944 0.8184 0.0488 0.162 0.4444 -0.713 0.334 -0.00900000000000002 -0.385 -0.855 0.98 0.951 -0.027 0.793 0.036 0.035 0.443 0.8268 -0.5344 -0.1196 0.454 0.998 -1.078 -1.1116 -0.0528 -0.9508 -0.0956 -0.224 -0.7428
0.54 0.55 0.52 1.67 2.14 2.01 -0.15 1.95 -0.2 -0.29 0.93 1.23 0.86 1.65 1.93 0.0393845280847436 -0.29419618046731 0.272841036497478 0.9536 1.1512 1.0908 -0.072 1.076 -0.056 -0.0832 0.5644 0.6684 0.4488 0.892 0.9944 0.957 1.124 1.101 -0.085 1.095 -0.12 -0.239 0.453 0.673 0.446 0.785 1.023 0.8268 1.0256 0.9204 -0.066 0.998 -0.038 -0.0716 0.4672 0.6092 0.4244 0.816 0.8172
-0.46 -0.45 -0.48 -2.33 -1.86 -1.99 -0.15 0.95 -0.2 1.71 1.93 -0.77 1.86 -0.35 -0.0699999999999998 1.16642763708304 0.069620486377624 0.709822118426739 1.1236 0.8512 0.9208 0.078 -0.414 0.144 -0.7132 -0.8256 0.3584 -0.8712 0.162 -0.0156 1.087 0.784 0.891 0.065 -0.405 0.08 -0.849 -0.927 0.343 -0.864 0.035 -0.00700000000000001 1.0768 0.8056 0.8304 0.084 -0.472 0.162 -0.7416 -0.9428 0.3392 -0.9156 0.126 -0.1528
-0.46 -0.45 -0.48 -1.33 0.14 1.01 1.85 -2.05 1.8 -1.29 -0.0699999999999998 -1.77 -1.14 0.65 -2.07 0.0736808199944105 1.19841851089996 1.18524241094468 0.6636 -0.0688 -0.4592 -0.842 0.966 -0.776 0.6668 0.0944 0.8184 0.5088 -0.298 0.9044 0.637 -0.116 -0.459 -0.835 0.945 -0.82 0.501 -0.027 0.793 0.486 -0.415 0.893 0.5968 -0.1544 -0.6096 -0.876 0.968 -0.798 0.6984 0.0172 0.8192 0.5244 -0.354 0.8072
-0.46 -0.45 -0.48 -2.33 0.14 -1.99 -1.15 -0.0499999999999998 -1.2 -2.29 -1.07 -1.77 -0.14 -2.35 -2.07 -0.0329531141329353 -1.39620144025675 0.66017741096485 1.1236 -0.0688 0.9208 0.538 0.046 0.604 1.1268 0.5544 0.8184 0.0488 1.082 0.9044 1.087 -0.116 0.891 0.515 0.045 0.53 0.951 0.423 0.793 0.036 0.935 0.893 1.0768 -0.1544 0.8304 0.564 0.00799999999999999 0.642 1.1784 0.4972 0.8192 0.0444 1.086 0.8072
-0.46 0.55 0.52 -2.33 2.14 1.01 1.85 1.95 -2.2 -2.29 -2.07 -1.77 -1.14 0.65 -2.07 -0.23832254158765 2.12697263390182 2.50552113103865 1.1236 -0.9888 -0.4592 -0.842 -0.874 1.064 1.1268 1.0144 0.8184 0.5088 -0.298 0.9044 -1.243 1.124 0.551 1.015 1.095 -1.22 -1.339 -1.197 -0.977 -0.654 0.235 -1.177 -1.2532 1.0256 0.4004 0.974 0.998 -1.078 -1.1116 -1.0928 -0.9508 -0.6156 0.296 -1.2628
-0.46 -0.45 -0.48 -1.33 1.14 -1.99 1.85 -2.05 -0.2 1.71 1.93 1.23 1.86 0.65 -2.07 1.41039582620069 1.51167453532058 2.39047311408746 0.6636 -0.5288 0.9208 -0.842 0.966 0.144 -0.7132 -0.8256 -0.5616 -0.8712 -0.298 0.9044 0.637 -0.566 0.891 -0.835 0.945 0.08 -0.849 -0.927 -0.557 -0.864 -0.415 0.893 0.5968 -0.6344 0.8304 -0.876 0.968 0.162 -0.7416 -0.9428 -0.6208 -0.9156 -0.354 0.8072
-0.46 -0.45 -0.48 1.67 -1.86 -0.99 -1.15 0.95 -2.2 -0.29 0.93 -1.77 -2.14 -0.35 -2.07 0.274516523316831 0.0210441995550821 0.161655653885046 -0.7164 0.8512 0.4608 0.538 -0.414 1.064 0.2068 -0.3656 0.8184 0.9688 0.162 0.9044 -0.713 0.784 0.441 0.515 -0.405 0.98 0.051 -0.477 0.793 0.936 0.035 0.893 -0.8432 0.8056 0.3504 0.564 -0.472 1.122 0.2184 -0.4628 0.8192 1.0044 0.126 0.8072
0.54 -0.45 0.52 1.67 0.14 -0.99 -2.15 -0.0499999999999998 -2.2 -0.29 -1.07 -0.77 -0.14 1.65 0.93 -0.522514633475824 0.839041598062215 1.45313228017628 0.9536 0.0712 -0.5292 -1.152 -0.00399999999999999 -1.136 -0.0832 -0.5156 -0.4116 -0.0912 0.892 0.4544 -0.713 -0.116 0.441 0.965 0.045 0.98 0.051 0.423 0.343 0.036 -0.865 -0.457 0.8268 -0.0144 -0.6396 -1.106 -0.042 -1.078 -0.0716 -0.5728 -0.4308 -0.0956 0.816 0.2972
0.54 0.55 0.52 -2.33 1.14 -0.99 0.85 -0.0499999999999998 -0.2 -1.29 -1.07 -0.77 0.86 0.65 1.93 1.87855695052194 3.17436059074187 3.02973783727523 -1.2064 0.6112 -0.5292 0.468 -0.00399999999999999 -0.056 -0.6232 -0.5156 -0.4116 0.4488 0.352 0.9944 -1.243 0.574 -0.549 0.465 -0.00500000000000001 -0.12 -0.789 -0.647 -0.427 0.446 0.235 1.023 -1.2532 0.5056 -0.6396 0.454 -0.042 -0.038 -0.5916 -0.5728 -0.4308 0.4244 0.296 0.8172
0.54 -0.45 0.52 0.67 -1.86 -1.99 1.85 0.95 -2.2 -0.29 -0.0699999999999998 2.23 -1.14 -2.35 -0.0699999999999998 0.700771401760354 2.14917963065754 2.28266874100545 0.4136 -1.0088 -1.0692 1.008 0.536 -1.136 -0.0832 0.0244 1.2084 -0.6312 -1.268 -0.0856 -0.263 0.784 0.891 -0.835 -0.405 0.98 0.051 -0.027 -1.007 0.486 0.935 -0.00700000000000001 0.3068 -1.0544 -1.1596 0.974 0.478 -1.078 -0.0716 -0.0528 1.1292 -0.6156 -1.264 -0.2228
-0.46 -0.45 0.52 -0.33 2.14 2.01 1.85 0.95 1.8 1.71 1.93 0.23 0.86 -0.35 1.93 0.643772922584333 1.03272299624984 0.833466334503455 0.2036 -0.9888 -0.9192 -0.842 -0.414 -0.776 -0.7132 -0.8256 -0.1016 -0.4112 0.162 -0.9356 0.187 -1.016 -0.909 -0.835 -0.405 -0.82 -0.849 -0.927 -0.107 -0.414 0.035 -0.907 -0.2132 1.0256 0.9204 0.974 0.478 1.002 0.9684 0.9872 0.0892 0.4244 -0.224 0.8172
0.54 -0.45 0.52 0.67 2.14 2.01 0.85 -2.05 0.8 0.71 1.93 -1.77 1.86 0.65 0.93 0.7406693351447 0.936528145252009 1.62529880921593 0.4136 1.1512 1.0908 0.468 -1.084 0.484 0.4568 1.1044 -0.9516 0.9888 0.352 0.4544 -0.263 -1.016 -0.909 -0.385 0.945 -0.37 -0.399 -0.927 0.793 -0.864 -0.415 -0.457 0.3068 1.0256 0.9204 0.454 -1.082 0.482 0.4484 0.9872 -0.9508 0.9444 0.296 0.2972
-0.46 0.55 0.52 -1.33 2.14 0.01 -2.15 -2.05 -0.2 -2.29 1.93 0.23 -2.14 -0.35 -0.0699999999999998 -0.0227236420410501 1.06731165579724 1.46223573775984 0.6636 -0.9888 0.000799999999999976 0.998 0.966 0.144 1.1268 -0.8256 -0.1016 0.9688 0.162 -0.0156 -0.693 1.124 0.00100000000000005 -1.185 -1.105 -0.12 -1.339 1.003 0.123 -1.204 -0.315 -0.077 -0.7332 1.0256 -0.1196 -1.106 -1.082 -0.038 -1.1116 0.9872 0.0892 -1.1356 -0.224 -0.2228
-0.46 0.55 -0.48 1.67 -0.86 -1.99 -2.15 -2.05 -2.2 -2.29 1.93 -1.77 -2.14 -0.35 0.93 0.74296495022377 0.470741045803317 1.23242903836809 -0.7164 0.3912 0.9208 0.998 0.966 1.064 1.1268 -0.8256 0.8184 0.9688 0.162 -0.4756 0.957 -0.526 -1.099 -1.185 -1.105 -1.22 -1.339 1.003 -0.977 -1.204 -0.315 0.473 -0.8432 0.3256 0.8304 1.044 0.968 1.122 1.1784 -0.9428 0.8192 1.0044 0.126 -0.6328
0.54 -0.45 0.52 1.67 2.14 1.01 1.85 1.95 -2.2 0.71 -0.0699999999999998 1.23 0.86 -1.35 0.93 1.02153895334821 2.17439022279757 1.2075264103057 0.9536 1.1512 0.5508 1.008 1.076 -1.136 0.4568 0.0244 0.6684 0.4488 -0.728 0.4544 -0.713 -1.016 -0.459 -0.835 -0.855 0.98 -0.399 -0.027 -0.557 -0.414 0.485 -0.457 0.8268 1.0256 0.4004 0.974 0.998 -1.078 0.4484 -0.0528 0.6092 0.4244 -0.744 0.2972
-0.46 -0.45 -0.48 1.67 0.14 1.01 -0.15 0.95 -1.2 -1.29 0.93 2.23 -2.14 1.65 0.93 1.32572814676091 -0.038110671460456 1.83032311652553 -0.7164 -0.0688 -0.4592 0.078 -0.414 0.604 0.6668 -0.3656 -1.0216 0.9688 -0.758 -0.4756 -0.713 -0.116 -0.459 0.065 -0.405 0.53 0.501 -0.477 -1.007 0.936 -0.865 -0.457 -0.8432 -0.1544 -0.6096 0.084 -0.472 0.642 0.6984 -0.4628 -1.1008 1.0044 -0.834 -0.6328
-0.46 -0.45 -0.48 -2.33 2.14 -1.99 1.85 1.95 1.8 -2.29 1.93 2.23 1.86 1.65 1.93 -0.547411952159717 1.08717037640662 1.16642361490371 1.1236 -0.9888 0.9208 -0.842 -0.874 -0.776 1.1268 -0.8256 -1.0216 -0.8712 -0.758 -0.9356 1.087 -1.016 0.891 -0.835 -0.855 -0.82 0.951 -0.927 -1.007 -0.864 -0.865 -0.907 1.0768 -1.1144 0.8304 -0.876 -0.952 -0.798 1.1784 -0.9428 -1.1008 -0.9156 -0.834 -1.1128
0.54 0.55 0.52 -2.33 -1.86 2.01 1.85 -1.05 -1.2 1.71 -2.07 -0.77 1.86 1.65 -0.0699999999999998 1.19144043669031 1.87821524666617 1.96612775038308 -1.2064 -1.0088 1.0908 1.008 -0.544 -0.596 0.9968 -1.0556 -0.4116 0.9888 0.892 -0.0856 -1.243 -1.076 1.101 1.015 -0.555 -0.67 0.861 -1.197 -0.427 0.996 0.785 -0.077 -1.2532 -1.0544 0.9204 0.974 -0.562 -0.558 0.9684 -1.0928 -0.4308 0.9444 0.816 -0.2228
0.54 -0.45 0.52 1.67 1.14 1.01 -1.15 -0.0499999999999998 -1.2 -1.29 -1.07 2.23 -2.14 -1.35 -1.07 0.786292404597177 1.97568599076392 0.911107609402266 0.9536 0.6112 0.5508 -0.612 -0.00399999999999999 -0.596 -0.6232 -0.5156 1.2084 -1.1712 -0.728 -0.6256 -0.713 -0.566 -0.459 0.515 0.045 0.53 0.501 0.423 -1.007 0.936 0.485 0.443 0.8268 0.5056 0.4004 -0.586 -0.042 -0.558 -0.5916 -0.5728 1.1292 -1.1356 -0.744 -0.7428
-0.46 -0.45 -0.48 1.67 0.14 -1.99 0.85 -0.0499999999999998 1.8 -1.29 -2.07 0.23 1.86 -0.35 1.93 -0.227125356135141 1.94138957436374 1.5327767921104 -0.7164 -0.0688 0.9208 -0.382 0.046 -0.776 0.6668 1.0144 -0.1016 -0.8712 0.162 -0.9356 -0.713 -0.116 0.891 -0.385 0.045 -0.82 0.501 0.873 -0.107 -0.864 0.035 -0.907 -0.8432 -0.1544 0.8304 -0.396 0.00799999999999999 -0.798 0.6984 0.9772 -0.1408 -0.9156 0.126 -1.1128
0.54 -0.45 0.52 1.67 -0.86 2.01 1.85 1.95 1.8 1.71 1.93 1.23 0.86 -0.35 1.93 0.445264800992448 -0.153226799029675 1.16567141897862 0.9536 -0.4688 1.0908 1.008 1.076 1.024 0.9968 1.1044 0.6684 0.4488 -0.188 0.9944 -0.713 0.334 -0.909 -0.835 -0.855 -0.82 -0.849 -0.927 -0.557 -0.414 0.035 -0.907 0.8268 -0.5344 0.9204 0.974 0.998 1.002 0.9684 0.9872 0.6092 0.4244 -0.224 0.8172
0.54 0.55 0.52 1.67 2.14 0.01 0.85 -2.05 0.8 0.71 -1.07 -1.77 -2.14 0.65 1.93 2.03316553712616 1.39622319906323 2.28342735284351 0.9536 1.1512 0.0108 0.468 -1.084 0.484 0.4568 -0.5156 -0.9516 -1.1712 0.352 0.9944 0.957 1.124 0.00100000000000005 0.465 -1.105 0.43 0.311 -0.647 -0.977 -1.204 0.235 1.023 0.8268 1.0256 -0.1196 0.454 -1.082 0.482 0.4484 -0.5728 -0.9508 -1.1356 0.296 0.8172
-0.46 -0.45 0.52 0.67 0.14 2.01 1.85 1.95 0.8 -0.29 0.93 2.23 -0.14 0.65 1.93 -0.322693451437738 0.248629782058812 -0.698571846529238 -0.2564 -0.0688 -0.9192 -0.842 -0.874 -0.316 0.2068 -0.3656 -1.0216 0.0488 -0.298 -0.9356 -0.263 -0.116 -0.909 -0.835 -0.855 -0.37 0.051 -0.477 -1.007 0.036 -0.415 -0.907 0.3068 -0.0144 0.9204 0.974 0.998 0.482 -0.0716 0.4672 1.1292 -0.0956 0.296 0.8172
0.54 0.55 0.52 -2.33 2.14 2.01 -0.15 -1.05 -0.2 -2.29 -2.07 -0.77 0.86 -0.35 0.93 0.78991231119183 2.1796066768816 2.33862908181325 -1.2064 1.1512 1.0908 -0.072 -0.544 -0.056 -1.1632 -1.0556 -0.4116 0.4488 -0.188 0.4544 -1.243 1.124 1.101 -0.085 -0.555 -0.12 -1.339 -1.197 -0.427 0.446 -0.315 0.473 -1.2532 1.0256 0.9204 -0.066 -0.562 -0.038 -1.1116 -1.0928 -0.4308 0.4244 -0.224 0.2972
-0.46 0.55 -0.48 0.67 -1.86 1.01 0.85 1.95 1.8 1.71 0.93 2.23 1.86 0.65 1.93 0.900609196846258 0.376892606392962 0.869849394445731 -0.2564 0.8512 -0.4592 -0.382 -0.874 -0.776 -0.7132 -0.3656 -1.0216 -0.8712 -0.298 -0.9356 0.407 -1.076 0.551 0.465 1.095 0.98 0.861 0.453 1.223 0.996 0.235 1.023 -0.3632 0.8056 -0.6096 -0.396 -0.952 -0.798 -0.7416 -0.4628 -1.1008 -0.9156 -0.354 -1.1128
-0.46 -0.45 -0.48 0.67 -0.86 2.01 0.85 -0.0499999999999998 -0.2 -2.29 1.93 0.23 -1.14 1.65 1.93 0.327190750778294 1.8373281779617 0.649059076559323 -0.2564 0.3912 -0.9192 -0.382 0.046 0.144 1.1268 -0.8256 -0.1016 0.5088 -0.758 -0.9356 -0.263 0.334 -0.909 -0.385 0.045 0.08 0.951 -0.927 -0.107 0.486 -0.865 -0.907 -0.3632 0.3256 -1.0896 -0.396 0.00799999999999999 0.162 1.1784 -0.9428 -0.1408 0.5244 -0.834 -1.1128
0.54 0.55 0.52 1.67 0.14 -1.99 1.85 -2.05 -0.2 1.71 -0.0699999999999998 -1.77 -2.14 -1.35 1.93 0.434013477949967 0.255585862141591 -0.948885810198908 0.9536 0.0712 -1.0692 1.008 -1.084 -0.056 0.9968 0.0244 -0.9516 -1.1712 -0.728 0.9944 0.957 0.024 -1.099 1.015 -1.105 -0.12 0.861 -0.097 -0.977 -1.204 -0.865 1.023 0.8268 -0.0144 -1.1596 0.974 -1.082 -0.038 0.9684 -0.0528 -0.9508 -1.1356 -0.744 0.8172
-0.46 -0.45 -0.48 0.67 1.14 2.01 0.85 -1.05 0.8 1.71 1.93 0.23 -1.14 1.65 1.93 1.93456413301883 1.69562061062281 1.71870564067262 -0.2564 -0.5288 -0.9192 -0.382 0.506 -0.316 -0.7132 -0.8256 -0.1016 0.5088 -0.758 -0.9356 -0.263 -0.566 -0.909 -0.385 0.495 -0.37 -0.849 -0.927 -0.107 0.486 -0.865 -0.907 -0.3632 -0.6344 -1.0896 -0.396 0.488 -0.318 -0.7416 -0.9428 -0.1408 0.5244 -0.834 -1.1128
-0.46 -0.45 0.52 -2.33 1.14 2.01 1.85 0.95 -1.2 0.71 -0.0699999999999998 2.23 1.86 0.65 1.93 1.67010681615738 1.13883520184038 0.519974996608332 1.1236 -0.5288 -0.9192 -0.842 -0.414 0.604 -0.2532 0.0944 -1.0216 -0.8712 -0.298 -0.9356 1.087 -0.566 -0.909 -0.835 -0.405 0.53 -0.399 -0.027 -1.007 -0.864 -0.415 -0.907 -1.2532 0.5056 0.9204 0.974 0.478 -0.558 0.4484 -0.0528 1.1292 0.9444 0.296 0.8172
0.54 0.55 -0.48 -2.33 -1.86 -1.99 -1.15 -2.05 -2.2 -2.29 0.93 -1.77 -2.14 -2.35 -2.07 -0.893322916121838 0.515837442472462 -0.481160303042929 -1.2064 -1.0088 -1.0692 -0.612 -1.084 -1.136 -1.1632 0.5644 -0.9516 -1.1712 -1.268 -1.1656 -1.243 -1.076 -1.099 -0.635 -1.105 -1.22 -1.339 0.453 -0.977 -1.204 -1.415 -1.177 1.0768 0.8056 0.8304 0.564 0.968 1.122 1.1784 -0.4628 0.8192 1.0044 1.086 0.8072
-0.46 0.55 0.52 0.67 2.14 -0.99 0.85 -0.0499999999999998 -2.2 1.71 0.93 -1.77 1.86 1.65 1.93 1.12313980400003 1.47949318760463 1.89326289227363 -0.2564 -0.9888 0.4608 -0.382 0.046 1.064 -0.7132 -0.3656 0.8184 -0.8712 -0.758 -0.9356 0.407 1.124 -0.549 0.465 -0.00500000000000001 -1.22 0.861 0.453 -0.977 0.996 0.785 1.023 0.3068 1.0256 -0.6396 0.454 -0.042 -1.078 0.9684 0.4672 -0.9508 0.9444 0.816 0.8172
0.54 0.55 -0.48 1.67 2.14 1.01 -2.15 0.95 1.8 0.71 -1.07 -0.77 1.86 0.65 -0.0699999999999998 -0.062853919958486 -0.074691397187772 2.34947385784436 0.9536 1.1512 0.5508 -1.152 0.536 1.024 0.4568 -0.5156 -0.4116 0.9888 0.352 -0.0856 0.957 1.124 0.551 -1.185 0.545 0.98 0.311 -0.647 -0.427 0.996 0.235 -0.077 -0.8432 -1.1144 -0.6096 1.044 -0.472 -0.798 -0.2616 0.4972 0.3392 -0.9156 -0.354 -0.1528
-0.46 -0.45 -0.48 1.67 -0.86 2.01 1.85 -2.05 1.8 1.71 -0.0699999999999998 -1.77 1.86 1.65 -1.07 1.22380234574098 -0.687675105903137 -0.3080250500975 -0.7164 0.3912 -0.9192 -0.842 0.966 -0.776 -0.7132 0.0944 0.8184 -0.8712 -0.758 0.4444 -0.713 0.334 -0.909 -0.835 0.945 -0.82 -0.849 -0.027 0.793 -0.864 -0.865 0.443 -0.8432 0.3256 -1.0896 -0.876 0.968 -0.798 -0.7416 0.0172 0.8192 -0.9156 -0.834 0.3272
0.54 -0.45 0.52 0.67 0.14 1.01 -2.15 -0.0499999999999998 -2.2 -2.29 -0.0699999999999998 -1.77 -2.14 -1.35 -0.0699999999999998 1.7325505699562 -0.522514828726817 0.864288352303746 0.4136 0.0712 0.5508 -1.152 -0.00399999999999999 -1.136 -1.1632 0.0244 -0.9516 -1.1712 -0.728 -0.0856 -0.263 -0.116 -0.459 0.965 0.045 0.98 0.951 -0.027 0.793 0.936 0.485 -0.00700000000000001 0.3068 -0.0144 0.4004 -1.106 -0.042 -1.078 -1.1116 -0.0528 -0.9508 -1.1356 -0.744 -0.2228
0.54 -0.45 0.52 1.67 -1.86 -1.99 0.85 -2.05 0.8 0.71 -0.0699999999999998 -1.77 -0.14 1.65 1.93 0.851161198318158 1.95160120917646 2.02039345895315 0.9536 -1.0088 -1.0692 0.468 -1.084 0.484 0.4568 0.0244 -0.9516 -0.0912 0.892 0.9944 -0.713 0.784 0.891 -0.385 0.945 -0.37 -0.399 -0.027 0.793 0.036 -0.865 -0.907 0.8268 -1.0544 -1.1596 0.454 -1.082 0.482 0.4484 -0.0528 -0.9508 -0.0956 0.816 0.8172
-0.46 -0.45 -0.48 1.67 -1.86 2.01 -0.15 -0.0499999999999998 1.8 0.71 -1.07 1.23 0.86 1.65 1.93 1.33003594454737 0.314557024550657 0.599499654351887 -0.7164 0.8512 -0.9192 0.078 0.046 -0.776 -0.2532 0.5544 -0.5616 -0.4112 -0.758 -0.9356 -0.713 0.784 -0.909 0.065 0.045 -0.82 -0.399 0.423 -0.557 -0.414 -0.865 -0.907 -0.8432 0.8056 -1.0896 0.084 0.00799999999999999 -0.798 -0.2616 0.4972 -0.6208 -0.4356 -0.834 -1.1128
0.54 0.55 -0.48 -2.33 -0.86 -1.99 0.85 -2.05 -1.2 0.71 -2.07 -0.77 0.86 1.65 -0.0699999999999998 -0.0870818216596145 0.981718313123678 0.900460266575394 -1.2064 -0.4688 -1.0692 0.468 -1.084 -0.596 0.4568 -1.0556 -0.4116 0.4488 0.892 -0.0856 -1.243 -0.526 -1.099 0.465 -1.105 -0.67 0.311 -1.197 -0.427 0.446 0.785 -0.077 1.0768 0.3256 0.8304 -0.396 0.968 0.642 -0.2616 0.9772 0.3392 -0.4356 -0.834 -0.1528
0.54 0.55 0.52 1.67 2.14 -1.99 1.85 -2.05 -0.2 0.71 -1.07 -0.77 0.86 1.65 0.93 0.799533953757189 1.7629252573311 0.607868279749346 0.9536 1.1512 -1.0692 1.008 -1.084 -0.056 0.4568 -0.5156 -0.4116 0.4488 0.892 0.4544 0.957 1.124 -1.099 1.015 -1.105 -0.12 0.311 -0.647 -0.427 0.446 0.785 0.473 0.8268 1.0256 -1.1596 0.974 -1.082 -0.038 0.4484 -0.5728 -0.4308 0.4244 0.816 0.2972
-0.46 -0.45 -0.48 -2.33 1.14 -1.99 -2.15 -1.05 -2.2 -2.29 -1.07 1.23 -2.14 -1.35 -1.07 0.483047742302287 -0.509758848816854 -0.230196691003143 1.1236 -0.5288 0.9208 0.998 0.506 1.064 1.1268 0.5544 -0.5616 0.9688 0.622 0.4444 1.087 -0.566 0.891 0.965 0.495 0.98 0.951 0.423 -0.557 0.936 0.485 0.443 1.0768 -0.6344 0.8304 1.044 0.488 1.122 1.1784 0.4972 -0.6208 1.0044 0.606 0.3272
-0.46 -0.45 -0.48 -2.33 -0.86 -0.99 -2.15 1.95 0.8 1.71 1.93 -1.77 1.86 -0.35 -1.07 -0.138843995358847 -1.01620726866809 2.04069996820441 1.1236 0.3912 0.4608 0.998 -0.874 -0.316 -0.7132 -0.8256 0.8184 -0.8712 0.162 0.4444 1.087 0.334 0.441 0.965 -0.855 -0.37 -0.849 -0.927 0.793 -0.864 0.035 0.443 1.0768 0.3256 0.3504 1.044 -0.952 -0.318 -0.7416 -0.9428 0.8192 -0.9156 0.126 0.3272
0.54 0.55 0.52 1.67 -1.86 2.01 -2.15 -2.05 -0.2 1.71 -2.07 0.23 1.86 -2.35 -2.07 2.5359017247886 -0.0323043913936512 1.86229868498195 0.9536 -1.0088 1.0908 -1.152 -1.084 -0.056 0.9968 -1.0556 0.1284 0.9888 -1.268 -1.1656 0.957 -1.076 1.101 -1.185 -1.105 -0.12 0.861 -1.197 0.123 0.996 -1.415 -1.177 0.8268 -1.0544 0.9204 -1.106 -1.082 -0.038 0.9684 -1.0928 0.0892 0.9444 -1.264 -1.2628
0.54 0.55 0.52 -2.33 1.14 -1.99 -0.15 -0.0499999999999998 0.8 -2.29 0.93 2.23 0.86 1.65 -0.0699999999999998 0.746256712223651 0.827195163922076 1.40871215133791 -1.2064 0.6112 -1.0692 -0.072 -0.00399999999999999 0.484 -1.1632 0.5644 1.2084 0.4488 0.892 -0.0856 -1.243 0.574 -1.099 -0.085 -0.00500000000000001 0.43 -1.339 0.453 1.223 0.446 0.785 -0.077 -1.2532 0.5056 -1.1596 -0.066 -0.042 0.482 -1.1116 0.4672 1.1292 0.4244 0.816 -0.2228
0.54 0.55 0.52 -2.33 -1.86 -1.99 -1.15 0.95 0.8 -0.29 1.93 -1.77 -0.14 0.65 -1.07 0.821017128311633 0.836537199412922 1.52992591565969 -1.2064 -1.0088 -1.0692 -0.612 0.536 0.484 -0.0832 1.1044 -0.9516 -0.0912 0.352 -0.6256 -1.243 -1.076 -1.099 -0.635 0.545 0.43 -0.239 1.003 -0.977 -0.104 0.235 -0.627 -1.2532 -1.0544 -1.1596 -0.586 0.478 0.482 -0.0716 0.9872 -0.9508 -0.0956 0.296 -0.7428
0.54 0.55 0.52 -0.33 -1.86 -1.99 1.85 0.95 1.8 -1.29 0.93 0.23 -1.14 0.65 0.93 0.879225580164251 0.726191263287231 1.56198300850315 -0.1264 -1.0088 -1.0692 1.008 0.536 1.024 -0.6232 0.5644 0.1284 -0.6312 0.352 0.4544 -0.143 -1.076 -1.099 1.015 0.545 0.98 -0.789 0.453 0.123 -0.654 0.235 0.473 -0.2132 -1.0544 -1.1596 0.974 0.478 1.002 -0.5916 0.4672 0.0892 -0.6156 0.296 0.2972
-0.46 0.55 -0.48 0.67 -1.86 -1.99 1.85 -2.05 -2.2 -1.29 -2.07 -1.77 -1.14 -0.35 -2.07 0.707152651216076 2.30238230974249 1.32280087509192 -0.2564 0.8512 0.9208 -0.842 0.966 1.064 0.6668 1.0144 0.8184 0.5088 0.162 0.9044 0.407 -1.076 -1.099 1.015 -1.105 -1.22 -0.789 -1.197 -0.977 -0.654 -0.315 -1.177 -0.3632 0.8056 0.8304 -0.876 0.968 1.122 0.6984 0.9772 0.8192 0.5244 0.126 0.8072
-0.46 0.55 -0.48 1.67 0.14 1.01 1.85 1.95 1.8 1.71 -0.0699999999999998 1.23 -0.14 0.65 1.93 -0.107373370128048 0.420162877158147 0.667255284587736 -0.7164 -0.0688 -0.4592 -0.842 -0.874 -0.776 -0.7132 0.0944 -0.5616 0.0488 -0.298 -0.9356 0.957 0.024 0.551 1.015 1.095 0.98 0.861 -0.097 0.673 -0.104 0.235 1.023 -0.8432 -0.1544 -0.6096 -0.876 -0.952 -0.798 -0.7416 0.0172 -0.6208 0.0444 -0.354 -1.1128
0.54 -0.45 -0.48 -0.33 2.14 -1.99 -0.15 -0.0499999999999998 1.8 -2.29 -2.07 -0.77 -1.14 0.65 -2.07 1.30430903677093 1.41423741580791 1.78932393917782 -0.1264 1.1512 -1.0692 -0.072 -0.00399999999999999 1.024 -1.1632 -1.0556 -0.4116 -0.6312 0.352 -1.1656 0.187 -1.016 0.891 0.065 0.045 -0.82 0.951 0.873 0.343 0.486 -0.415 0.893 0.1168 -1.1144 0.8304 0.084 0.00799999999999999 -0.798 1.1784 0.9772 0.3392 0.5244 -0.354 0.8072
-0.46 -0.45 -0.48 0.67 2.14 -1.99 0.85 -1.05 0.8 1.71 -0.0699999999999998 2.23 1.86 1.65 1.93 0.486001876491396 0.0264363715657427 0.760831404639169 -0.2564 -0.9888 0.9208 -0.382 0.506 -0.316 -0.7132 0.0944 -1.0216 -0.8712 -0.758 -0.9356 -0.263 -1.016 0.891 -0.385 0.495 -0.37 -0.849 -0.027 -1.007 -0.864 -0.865 -0.907 -0.3632 -1.1144 0.8304 -0.396 0.488 -0.318 -0.7416 0.0172 -1.1008 -0.9156 -0.834 -1.1128
-0.46 -0.45 -0.48 -0.33 0.14 0.01 -2.15 0.95 1.8 0.71 -1.07 0.23 1.86 -0.35 -2.07 0.700062647269487 1.42873091516898 0.671933648524126 0.2036 -0.0688 0.000799999999999976 0.998 -0.414 -0.776 -0.2532 0.5544 -0.1016 -0.8712 0.162 0.9044 0.187 -0.116 -0.00900000000000002 0.965 -0.405 -0.82 -0.399 0.423 -0.107 -0.864 0.035 0.893 0.1168 -0.1544 -0.1296 1.044 -0.472 -0.798 -0.2616 0.4972 -0.1408 -0.9156 0.126 0.8072
-0.46 0.55 0.52 -1.33 0.14 2.01 -2.15 -2.05 1.8 1.71 -1.07 -1.77 0.86 -0.35 -2.07 1.43539314281567 2.10767478538851 2.45613426781617 0.6636 -0.0688 -0.9192 0.998 0.966 -0.776 -0.7132 0.5544 0.8184 -0.4112 0.162 0.9044 -0.693 0.024 1.101 -1.185 -1.105 0.98 0.861 -0.647 -0.977 0.446 -0.315 -1.177 -0.7332 -0.0144 0.9204 -1.106 -1.082 1.002 0.9684 -0.5728 -0.9508 0.4244 -0.224 -1.2628
-0.46 0.55 0.52 0.67 -1.86 -1.99 -2.15 0.95 1.8 -1.29 -1.07 -1.77 0.86 1.65 -0.0699999999999998 1.40873117695377 0.645067244840571 1.18095808450511 -0.2564 0.8512 0.9208 0.998 -0.414 -0.776 0.6668 0.5544 0.8184 -0.4112 -0.758 -0.0156 0.407 -1.076 -1.099 -1.185 0.545 0.98 -0.789 -0.647 -0.977 0.446 0.785 -0.077 0.3068 -1.0544 -1.1596 -1.106 0.478 1.002 -0.5916 -0.5728 -0.9508 0.4244 0.816 -0.2228
-0.46 -0.45 -0.48 1.67 0.14 1.01 0.85 -2.05 1.8 -0.29 1.93 1.23 0.86 -2.35 -0.0699999999999998 0.351718101954382 0.980294561947587 1.37045012978238 -0.7164 -0.0688 -0.4592 -0.382 0.966 -0.776 0.2068 -0.8256 -0.5616 -0.4112 1.082 -0.0156 -0.713 -0.116 -0.459 -0.385 0.945 -0.82 0.051 -0.927 -0.557 -0.414 0.935 -0.00700000000000001 -0.8432 -0.1544 -0.6096 -0.396 0.968 -0.798 0.2184 -0.9428 -0.6208 -0.4356 1.086 -0.1528
-0.46 -0.45 -0.48 -2.33 0.14 2.01 1.85 -0.0499999999999998 0.8 1.71 -1.07 0.23 1.86 1.65 1.93 0.691786203710986 0.624993377395926 0.888423866392403 1.1236 -0.0688 -0.9192 -0.842 0.046 -0.316 -0.7132 0.5544 -0.1016 -0.8712 -0.758 -0.9356 1.087 -0.116 -0.909 -0.835 0.045 -0.37 -0.849 0.423 -0.107 -0.864 -0.865 -0.907 1.0768 -0.1544 -1.0896 -0.876 0.00799999999999999 -0.318 -0.7416 0.4972 -0.1408 -0.9156 -0.834 -1.1128
0.54 -0.45 0.52 1.67 -1.86 2.01 -2.15 -0.0499999999999998 -0.2 -1.29 1.93 2.23 -0.14 -2.35 1.93 -0.289716429962951 -0.0311412778536893 0.347039519341374 0.9536 -1.0088 1.0908 -1.152 -0.00399999999999999 -0.056 -0.6232 1.1044 1.2084 -0.0912 -1.268 0.9944 -0.713 0.784 -0.909 0.965 0.045 0.08 0.501 -0.927 -1.007 0.036 0.935 -0.907 0.8268 -1.0544 0.9204 -1.106 -0.042 -0.038 -0.5916 0.9872 1.1292 -0.0956 -1.264 0.8172
-0.46 -0.45 -0.48 0.67 0.14 -1.99 -2.15 0.95 1.8 1.71 -1.07 -0.77 -2.14 0.65 -2.07 -0.698164537237959 -1.23242290088937 -0.292073052653659 -0.2564 -0.0688 0.9208 0.998 -0.414 -0.776 -0.7132 0.5544 0.3584 0.9688 -0.298 0.9044 -0.263 -0.116 0.891 0.965 -0.405 -0.82 -0.849 0.423 0.343 0.936 -0.415 0.893 -0.3632 -0.1544 0.8304 1.044 -0.472 -0.798 -0.7416 0.4972 0.3392 1.0044 -0.354 0.8072
-0.46 0.55 -0.48 1.67 0.14 2.01 -0.15 -1.05 -0.2 0.71 1.93 2.23 0.86 -0.35 -2.07 2.20989992490733 0.822929239809731 1.70307702447754 -0.7164 -0.0688 -0.9192 0.078 0.506 0.144 -0.2532 -0.8256 -1.0216 -0.4112 0.162 0.9044 0.957 0.024 1.101 -0.085 -0.555 -0.12 0.311 1.003 1.223 0.446 -0.315 -1.177 -0.8432 -0.1544 -1.0896 0.084 0.488 0.162 -0.2616 -0.9428 -1.1008 -0.4356 0.126 0.8072
-0.46 -0.45 0.52 -2.33 2.14 -1.99 -2.15 -1.05 -2.2 -1.29 -0.0699999999999998 2.23 -2.14 -2.35 -1.07 0.340706324621098 0.0584690789941981 0.573679072115714 1.1236 -0.9888 0.9208 0.998 0.506 1.064 0.6668 0.0944 -1.0216 0.9688 1.082 0.4444 1.087 -1.016 0.891 0.965 0.495 0.98 0.501 -0.027 -1.007 0.936 0.935 0.443 -1.2532 1.0256 -1.1596 -1.106 -0.562 -1.078 -0.5916 -0.0528 1.1292 -1.1356 -1.264 -0.7428
-0.46 0.55 -0.48 1.67 -1.86 -1.99 0.85 -0.0499999999999998 -2.2 1.71 0.93 0.23 0.86 1.65 -1.07 -0.240971865735866 0.147500508533487 0.646834536132564 -0.7164 0.8512 0.9208 -0.382 0.046 1.064 -0.7132 -0.3656 -0.1016 -0.4112 -0.758 0.4444 0.957 -1.076 -1.099 0.465 -0.00500000000000001 -1.22 0.861 0.453 0.123 0.446 0.785 -0.627 -0.8432 0.8056 0.8304 -0.396 0.00799999999999999 1.122 -0.7416 -0.4628 -0.1408 -0.4356 -0.834 0.3272
-0.46 0.55 0.52 1.67 1.14 -1.99 -2.15 -1.05 -2.2 -1.29 -0.0699999999999998 -0.77 -2.14 0.65 -2.07 -0.921999894639179 -0.350572507332142 -0.305820523389073 -0.7164 -0.5288 0.9208 0.998 0.506 1.064 0.6668 0.0944 0.3584 0.9688 -0.298 0.9044 0.957 0.574 -1.099 -1.185 -0.555 -1.22 -0.789 -0.097 -0.427 -1.204 0.235 -1.177 0.8268 0.5056 -1.1596 -1.106 -0.562 -1.078 -0.5916 -0.0528 -0.4308 -1.1356 0.296 -1.2628
0.54 -0.45 -0.48 -2.33 1.14 -1.99 -1.15 -2.05 -2.2 -0.29 -2.07 -1.77 -2.14 -2.35 -2.07 -0.343140695464024 -0.274127480677777 -0.0759946494048927 -1.2064 0.6112 -1.0692 -0.612 -1.084 -1.136 -0.0832 -1.0556 -0.9516 -1.1712 -1.268 -1.1656 1.087 -0.566 0.891 0.515 0.945 0.98 0.051 0.873 0.793 0.936 0.935 0.893 1.0768 -0.6344 0.8304 0.564 0.968 1.122 0.2184 0.9772 0.8192 1.0044 1.086 0.8072
0.54 0.55 -0.48 -2.33 2.14 2.01 1.85 0.95 -2.2 1.71 -0.0699999999999998 0.23 0.86 1.65 -0.0699999999999998 0.419490499386584 1.14763266800726 1.76216611374763 -1.2064 1.1512 1.0908 1.008 0.536 -1.136 0.9968 0.0244 0.1284 0.4488 0.892 -0.0856 -1.243 1.124 1.101 1.015 0.545 -1.22 0.861 -0.097 0.123 0.446 0.785 -0.077 1.0768 -1.1144 -1.0896 -0.876 -0.472 1.122 -0.7416 0.0172 -0.1408 -0.4356 -0.834 -0.1528
-0.46 -0.45 0.52 1.67 0.14 1.01 -2.15 1.95 1.8 1.71 0.93 -1.77 1.86 1.65 0.93 0.850379408934807 0.972748589603259 1.32774499822331 -0.7164 -0.0688 -0.4592 0.998 -0.874 -0.776 -0.7132 -0.3656 0.8184 -0.8712 -0.758 -0.4756 -0.713 -0.116 -0.459 0.965 -0.855 -0.82 -0.849 -0.477 0.793 -0.864 -0.865 -0.457 0.8268 -0.0144 0.4004 -1.106 0.998 1.002 0.9684 0.4672 -0.9508 0.9444 0.816 0.2972
-0.46 -0.45 -0.48 0.67 2.14 -1.99 -2.15 1.95 -0.2 1.71 -1.07 2.23 -0.14 0.65 -2.07 0.459115096900961 1.29418924219438 0.936639074516937 -0.2564 -0.9888 0.9208 0.998 -0.874 0.144 -0.7132 0.5544 -1.0216 0.0488 -0.298 0.9044 -0.263 -1.016 0.891 0.965 -0.855 0.08 -0.849 0.423 -1.007 0.036 -0.415 0.893 -0.3632 -1.1144 0.8304 1.044 -0.952 0.162 -0.7416 0.4972 -1.1008 0.0444 -0.354 0.8072
0.54 0.55 -0.48 1.67 -1.86 2.01 0.85 1.95 1.8 1.71 1.93 2.23 1.86 1.65 1.93 0.0100934339321098 0.150245593049557 1.15937052255004 0.9536 -1.0088 1.0908 0.468 1.076 1.024 0.9968 1.1044 1.2084 0.9888 0.892 0.9944 0.957 -1.076 1.101 0.465 1.095 0.98 0.861 1.003 1.223 0.996 0.785 1.023 -0.8432 0.8056 -1.0896 -0.396 -0.952 -0.798 -0.7416 -0.9428 -1.1008 -0.9156 -0.834 -1.1128
-0.46 -0.45 -0.48 -0.33 2.14 2.01 -2.15 0.95 -2.2 1.71 -1.07 0.23 1.86 1.65 0.93 0.395751724300938 -0.358902447540223 -0.166672652052622 0.2036 -0.9888 -0.9192 0.998 -0.414 1.064 -0.7132 0.5544 -0.1016 -0.8712 -0.758 -0.4756 0.187 -1.016 -0.909 0.965 -0.405 0.98 -0.849 0.423 -0.107 -0.864 -0.865 -0.457 0.1168 -1.1144 -1.0896 1.044 -0.472 1.122 -0.7416 0.4972 -0.1408 -0.9156 -0.834 -0.6328
-0.46 -0.45 -0.48 1.67 -1.86 0.01 0.85 1.95 -0.2 -2.29 -2.07 -1.77 0.86 -2.35 -1.07 0.148894421483201 0.710177973005011 -0.20362278981698 -0.7164 0.8512 0.000799999999999976 -0.382 -0.874 0.144 1.1268 1.0144 0.8184 -0.4112 1.082 0.4444 -0.713 0.784 -0.00900000000000002 -0.385 -0.855 0.08 0.951 0.873 0.793 -0.414 0.935 0.443 -0.8432 0.8056 -0.1296 -0.396 -0.952 0.162 1.1784 0.9772 0.8192 -0.4356 1.086 0.3272
-0.46 -0.45 -0.48 1.67 -1.86 -1.99 0.85 -2.05 -2.2 -2.29 -0.0699999999999998 -1.77 -0.14 -1.35 -2.07 0.0377925715583152 -0.37892501654471 -2.2388969280728 -0.7164 0.8512 0.9208 -0.382 0.966 1.064 1.1268 0.0944 0.8184 0.0488 0.622 0.9044 -0.713 0.784 0.891 -0.385 0.945 0.98 0.951 -0.027 0.793 0.036 0.485 0.893 -0.8432 0.8056 0.8304 -0.396 0.968 1.122 1.1784 0.0172 0.8192 0.0444 0.606 0.8072
0.54 0.55 -0.48 -2.33 -1.86 0.01 -1.15 1.95 1.8 1.71 1.93 0.23 -0.14 0.65 0.93 0.468395527084121 1.19562056371797 1.93016182300796 -1.2064 -1.0088 0.0108 -0.612 1.076 1.024 0.9968 1.1044 0.1284 -0.0912 0.352 0.4544 -1.243 -1.076 0.00100000000000005 -0.635 1.095 0.98 0.861 1.003 0.123 -0.104 0.235 0.473 1.0768 0.8056 -0.1296 0.564 -0.952 -0.798 -0.7416 -0.9428 -0.1408 0.0444 -0.354 -0.6328
-0.46 -0.45 0.52 1.67 1.14 -1.99 -2.15 1.95 1.8 -0.29 -0.0699999999999998 -1.77 -0.14 -1.35 0.93 1.03110708653688 0.713474184611078 1.32320780945537 -0.7164 -0.5288 0.9208 0.998 -0.874 -0.776 0.2068 0.0944 0.8184 0.0488 0.622 -0.4756 -0.713 -0.566 0.891 0.965 -0.855 -0.82 0.051 -0.027 0.793 0.036 0.485 -0.457 0.8268 0.5056 -1.1596 -1.106 0.998 1.002 -0.0716 -0.0528 -0.9508 -0.0956 -0.744 0.2972
-0.46 0.55 0.52 -0.33 -1.86 2.01 1.85 1.95 1.8 0.71 1.93 2.23 -1.14 0.65 1.93 1.88883212120867 1.40699431283205 1.65704502059465 0.2036 0.8512 -0.9192 -0.842 -0.874 -0.776 -0.2532 -0.8256 -1.0216 0.5088 -0.298 -0.9356 -0.143 -1.076 1.101 1.015 1.095 0.98 0.311 1.003 1.223 -0.654 0.235 1.023 -0.2132 -1.0544 0.9204 0.974 0.998 1.002 0.4484 0.9872 1.1292 -0.6156 0.296 0.8172
-0.46 -0.45 -0.48 0.67 -1.86 2.01 -0.15 -2.05 1.8 0.71 -1.07 0.23 -2.14 -1.35 -1.07 0.514054079465047 0.349488191826582 0.0510131582716464 -0.2564 0.8512 -0.9192 0.078 0.966 -0.776 -0.2532 0.5544 -0.1016 0.9688 0.622 0.4444 -0.263 0.784 -0.909 0.065 0.945 -0.82 -0.399 0.423 -0.107 0.936 0.485 0.443 -0.3632 0.8056 -1.0896 0.084 0.968 -0.798 -0.2616 0.4972 -0.1408 1.0044 0.606 0.3272
-0.46 -0.45 -0.48 1.67 -0.86 -1.99 1.85 1.95 1.8 -2.29 0.93 0.23 1.86 -0.35 -1.07 1.14263124283901 0.832558544861876 0.795751441148142 -0.7164 0.3912 0.9208 -0.842 -0.874 -0.776 1.1268 -0.3656 -0.1016 -0.8712 0.162 0.4444 -0.713 0.334 0.891 -0.835 -0.855 -0.82 0.951 -0.477 -0.107 -0.864 0.035 0.443 -0.8432 0.3256 0.8304 -0.876 -0.952 -0.798 1.1784 -0.4628 -0.1408 -0.9156 0.126 0.3272
0.54 -0.45 -0.48 0.67 -0.86 0.01 -2.15 -2.05 -0.2 0.71 -0.0699999999999998 -1.77 -0.14 -1.35 -2.07 0.367767388646003 0.291544462556897 -0.323646627763235 0.4136 -0.4688 0.0108 -1.152 -1.084 -0.056 0.4568 0.0244 -0.9516 -0.0912 -0.728 -1.1656 -0.263 0.334 -0.00900000000000002 0.965 0.945 0.08 -0.399 -0.027 0.793 0.036 0.485 0.893 -0.3632 0.3256 -0.1296 1.044 0.968 0.162 -0.2616 0.0172 0.8192 0.0444 0.606 0.8072
-0.46 0.55 -0.48 0.67 -0.86 -1.99 1.85 -2.05 1.8 1.71 0.93 0.23 -0.14 -1.35 0.93 0.104802223572765 1.23301885760157 1.11411834167541 -0.2564 0.3912 0.9208 -0.842 0.966 -0.776 -0.7132 -0.3656 -0.1016 0.0488 0.622 -0.4756 0.407 -0.526 -1.099 1.015 -1.105 0.98 0.861 0.453 0.123 -0.104 -0.865 0.473 -0.3632 0.3256 0.8304 -0.876 0.968 -0.798 -0.7416 -0.4628 -0.1408 0.0444 0.606 -0.6328
