0.51 -0.52 -0.47 -1.98 -2.22 0.6 2.03 2.03 -1.1 0.12 0.84 2.24 -2.08 1.88 2.04 0.195717038579579 -2.95965582648098 0.418036694622629 -1.0596 -1.1744 0.272 1.0406 1.0006 -0.582 0.00239999999999999 0.3068 1.0448 -1.1916 0.8676 0.9308 0.9192 1.0488 -0.204 -1.1412 -1.0212 0.484 -0.1048 -0.5436 -1.1596 0.9732 -1.0452 -1.1816 0.7912 0.9768 -0.314 -0.9282 -0.9482 0.434 -0.1428 -0.5396 -1.1156 0.8152 -0.9572 -1.0376
0.51 -0.52 0.53 1.02 1.78 -0.4 -1.97 2.03 -2.1 -1.88 1.84 -0.76 -0.0800000000000001 0.88 0.04 1.36149547032407 3.7169453144589 3.35576702651353 0.4704 0.8656 -0.238 -0.9994 1.0006 -1.092 -1.0176 0.8168 -0.4852 -0.1716 0.3576 -0.0892 -0.6408 -1.0312 0.316 0.9388 -1.0212 1.004 0.9352 -1.0636 0.4004 -0.0668 -0.5252 -0.1416 0.4012 0.8768 -0.244 -1.0182 1.0818 -1.196 -1.0828 0.8304 -0.4656 -0.2048 0.3928 -0.0576
-0.49 0.48 0.53 0.02 -0.22 -2.4 -1.97 2.03 -2.1 -1.88 -1.16 0.24 -2.08 1.88 1.04 -1.31985161809512 1.1168067369097 0.628191038974309 -0.0596 0.0656 1.142 0.9706 -1.0294 1.008 0.8624 0.4468 -0.2152 0.8884 -1.0124 -0.6192 -0.1008 -0.2112 -1.044 -1.0312 1.0088 -1.096 -0.9448 -0.6636 0.1204 -1.1068 0.8348 0.3784 -0.1288 -0.1832 -1.304 -1.0182 1.0818 -1.196 -1.0828 -0.7596 0.0644 -1.2648 0.9228 0.4724
0.51 -0.52 0.53 1.02 0.78 0.6 -1.97 0.03 -0.1 -0.88 -1.16 -1.76 1.92 -2.12 -0.96 0.352823800996142 2.26025105845382 0.93366717616931 0.4704 0.3556 0.272 -0.9994 -0.0194 -0.072 -0.5076 -0.7132 -0.9952 0.8484 -1.1724 -0.5992 -0.6408 -0.5112 -0.204 0.9388 0.0188 -0.036 0.4152 0.4964 0.9204 -1.1068 1.0348 0.3784 0.4012 0.3468 0.286 -1.0182 0.0218 -0.136 -0.5528 -0.7596 -0.9956 0.8552 -1.1972 -0.5876
0.51 0.48 -0.47 2.02 -1.22 -0.4 0.03 0.03 -2.1 -1.88 -0.16 -1.76 -0.0800000000000001 -2.12 -0.96 2.12575471055141 4.14261729342856 1.42055400192096 0.9804 -0.6644 -0.238 0.0206 -0.0194 -1.092 -1.0176 -0.2032 -0.9952 -0.1716 -1.1724 -0.5992 0.8592 -0.6912 -0.084 -0.0712 0.0488 -1.096 -0.9448 -0.1836 -0.8396 -0.1468 -1.0852 -0.5816 -1.0888 0.5068 0.156 0.0118000000000001 -0.00819999999999996 0.904 0.7972 -0.0696 0.7644 -0.1248 0.9228 0.3724
-0.49 -0.52 -0.47 -1.98 -1.22 1.6 2.03 1.03 0.9 0.12 -1.16 0.24 -2.08 1.88 0.04 0.576519525395194 -0.716175002624378 1.60976079918205 0.9204 0.5556 -0.818 -0.9894 -0.5394 -0.462 -0.1176 0.4468 -0.2152 0.8884 -1.0124 -0.1292 0.9192 0.5288 -0.724 -1.1412 -0.5012 -0.556 -0.1048 0.4964 -0.1196 0.9732 -1.0452 -0.1416 0.7912 0.5068 -0.784 -0.9282 -0.4782 -0.506 -0.1428 0.4004 -0.1756 0.8152 -0.9572 -0.0976
0.51 0.48 0.53 0.02 -2.22 1.6 2.03 1.03 1.9 2.12 1.84 -0.76 1.92 0.88 -1.96 -1.19677599207283 0.851596850582539 1.79149961716284 -0.0396 -1.1744 0.782 1.0406 0.4906 0.948 1.0224 0.8168 -0.4852 0.8484 0.3576 -1.1092 -0.1008 -1.1712 0.876 0.8888 0.5288 0.824 0.9752 0.7764 -0.3596 0.8132 0.3548 -1.0616 -0.1288 -1.2432 0.816 1.1018 0.5518 0.924 1.0372 0.8304 -0.4656 0.8552 0.3928 -1.1176
-0.49 0.48 0.53 2.02 1.78 1.6 1.03 -1.97 -1.1 2.12 1.84 0.24 1.92 -1.12 0.04 0.178752796742985 0.370865283033102 -1.34653276004244 -1.0396 -0.9144 -0.818 -0.4994 0.9306 0.518 -1.0976 -1.0232 -0.2152 -1.0716 0.4576 -0.1292 0.8592 0.7488 0.876 0.4088 -0.9112 -0.616 0.9752 0.7764 0.1204 0.8132 -0.6052 -0.1016 0.9312 0.8768 0.816 0.5718 -1.0382 -0.666 1.0372 0.8304 0.0644 0.8552 -0.6672 -0.0576
0.51 0.48 0.53 2.02 -0.22 -2.4 2.03 0.03 1.9 2.12 1.84 2.24 -0.0800000000000001 1.88 2.04 2.05474367592756 1.4703696910084 2.5468466313773 0.9804 -0.1544 -1.258 1.0406 -0.0194 0.948 1.0224 0.8168 1.0448 -0.1716 0.8676 0.9308 0.8592 -0.2112 -1.044 0.8888 0.0488 0.824 0.9752 0.7764 1.0804 -0.1468 0.8348 0.8584 0.9312 -0.1832 -1.304 1.1018 0.0218 0.924 1.0372 0.8304 1.1244 -0.2048 0.9228 1.0024
-0.49 0.48 -0.47 -0.98 1.78 -0.4 -1.97 -1.97 -2.1 -1.88 -2.16 -1.76 -1.08 -2.12 -0.96 1.79432349995663 1.47779259851359 -0.598482733727274 0.4304 -0.9144 0.162 0.9706 0.9306 1.008 0.8624 0.9368 0.7648 0.3984 0.9476 0.3608 -0.5808 0.7488 -0.084 -1.0312 -0.9112 -1.096 -0.9448 -1.1436 -0.8396 -0.6268 -1.0852 -0.5816 0.3212 -0.9032 0.156 0.9518 0.9318 0.904 0.7972 0.8704 0.7644 0.3452 0.9228 0.3724
-0.49 0.48 -0.47 -1.98 1.78 1.6 -0.97 1.03 -0.1 0.12 1.84 -1.76 -0.0800000000000001 -1.12 -0.96 -0.940384626027968 0.326024810148376 -1.04726592737029 0.9204 -0.9144 -0.818 0.4806 -0.5394 0.028 -0.1176 -1.0232 0.7648 -0.0916 0.4576 0.3608 -1.0608 0.7488 0.876 -0.5512 0.5288 -0.136 0.0152 0.7764 -0.8396 -0.1468 -0.6052 -0.5816 0.7912 -0.9032 -0.784 0.4818 -0.4782 -0.036 -0.1428 -1.0096 0.7644 -0.1248 0.4528 0.3724
0.51 0.48 -0.47 1.02 1.78 1.6 -1.97 2.03 -0.1 0.12 -2.16 0.24 1.92 -1.12 2.04 1.6848731238818 0.710898671388893 3.16775806099848 0.4704 0.8656 0.782 -0.9994 1.0006 -0.072 0.00239999999999999 -1.2232 0.0248 0.8484 -0.6624 0.9308 0.3792 0.7488 0.876 -1.0312 1.0088 -0.136 0.0152 -1.1436 0.1204 0.8132 -0.6052 0.8584 -0.6188 -0.9032 -0.784 0.9518 -0.9482 -0.036 -0.1428 0.8704 -0.1756 -1.0648 0.4528 -1.0376
-0.49 0.48 -0.47 2.02 1.78 -0.4 2.03 -0.97 -2.1 1.12 -1.16 0.24 -0.0800000000000001 -1.12 -1.96 -0.0775992147917829 0.28162683527018 0.862936044889621 -1.0396 -0.9144 0.162 -0.9894 0.4406 1.008 -0.6076 0.4468 -0.2152 -0.0916 0.4576 0.8508 0.8592 0.7488 -0.084 0.8888 -0.4312 -1.096 0.4952 -0.6636 0.1204 -0.1468 -0.6052 -1.0616 -1.0888 -0.9032 0.156 -0.9282 0.4618 0.904 -0.6128 0.4004 -0.1756 -0.1248 0.4528 0.8424
-0.49 -0.52 -0.47 0.02 1.78 1.6 0.03 0.03 1.9 -1.88 -1.16 2.24 0.92 0.88 2.04 1.26335658833665 2.75237169621666 0.859797516825025 -0.0596 -0.9144 -0.818 -0.00939999999999996 -0.0494 -0.952 0.8624 0.4468 -1.1952 -0.5816 -0.5224 -1.1092 -0.1208 -1.0312 -0.724 -0.1012 0.0188 -1.076 0.9352 0.4964 -1.1596 -0.5868 -0.5252 -1.1816 -0.1488 -0.9032 -0.784 0.0118000000000001 -0.00819999999999996 -0.976 0.7972 0.4004 -1.1156 -0.5948 -0.4872 -1.0376
0.51 0.48 -0.47 2.02 1.78 1.6 -1.97 2.03 -2.1 -1.88 1.84 -0.76 -0.0800000000000001 1.88 0.04 0.572612898609477 1.36859856771137 1.42161999988399 0.9804 0.8656 0.782 -0.9994 1.0006 -1.092 -1.0176 0.8168 -0.4852 -0.1716 0.8676 -0.0892 0.8592 0.7488 0.876 -1.0312 1.0088 -1.096 -0.9448 0.7764 -0.3596 -0.1468 0.8348 -0.1016 -1.0888 -0.9032 -0.784 0.9518 -0.9482 0.904 0.7972 -1.0096 0.2944 -0.1248 -0.9572 -0.0976
0.51 0.48 0.53 2.02 -2.22 1.6 -0.97 2.03 -0.1 1.12 -1.16 0.24 -1.08 -1.12 0.04 1.23709223115083 0.246731783438266 2.33544107682626 0.9804 -1.1744 0.782 -0.4894 1.0006 -0.072 0.5124 -0.7132 0.0248 -0.6816 -0.6624 -0.0892 0.8592 -1.1712 0.876 -0.5512 1.0088 -0.136 0.4952 -0.6636 0.1204 -0.6268 -0.6052 -0.1016 0.9312 -1.2432 0.816 -0.4882 1.0818 -0.136 0.5072 -0.7596 0.0644 -0.7348 -0.6672 -0.0576
-0.49 -0.52 -0.47 0.02 -2.22 0.6 -1.97 -1.97 -1.1 -1.88 -2.16 -1.76 -2.08 -2.12 -1.96 -0.594626241922295 4.0123323559952 1.12897692039636 -0.0596 1.0456 -0.328 0.9706 0.9306 0.518 0.8624 0.9368 0.7648 0.8884 0.9476 0.8508 -0.1208 1.0488 -0.204 0.9388 1.0588 0.484 0.9352 1.0164 0.9204 0.9732 1.0348 0.8984 -0.1488 0.9768 -0.314 0.9518 0.9318 0.434 0.7972 0.8704 0.7644 0.8152 0.9228 0.8424
0.51 -0.52 -0.47 0.02 0.78 1.6 0.03 1.03 -0.1 -1.88 0.84 -0.76 -0.0800000000000001 1.88 -0.96 1.44577109598059 1.07517907247499 0.715509442032127 -0.0396 0.3556 0.782 0.0206 0.4906 -0.072 -1.0176 0.3068 -0.4852 -0.1716 0.8676 -0.5992 -0.1208 -0.5112 -0.724 -0.1012 -0.5012 -0.036 0.9352 -0.5436 0.4004 -0.0668 -1.0452 0.3784 -0.1488 -0.4332 -0.784 0.0118000000000001 -0.4782 -0.036 0.7972 -0.5396 0.2944 -0.1248 -0.9572 0.3724
0.51 0.48 -0.47 1.02 -2.22 -0.4 2.03 -1.97 -0.1 -0.88 -1.16 -1.76 -1.08 -1.12 -1.96 0.897963593085004 -1.51146257574691 -0.408857099084326 0.4704 -1.1744 -0.238 1.0406 -1.0394 -0.072 -0.5076 -0.7132 -0.9952 -0.6816 -0.6624 -1.1092 0.3792 -1.1712 -0.084 0.8888 -0.9112 -0.136 -0.4648 -0.6636 -0.8396 -0.6268 -0.6052 -1.0616 -0.6188 0.9768 0.156 -0.9282 0.9318 -0.036 0.3272 0.4004 0.7644 0.3452 0.4528 0.8424
0.51 0.48 0.53 2.02 -0.22 1.6 -1.97 2.03 0.9 0.12 -0.16 0.24 -2.08 -1.12 1.04 2.75743613105703 3.48733424881961 2.44229161729865 0.9804 -0.1544 0.782 -0.9994 1.0006 0.438 0.00239999999999999 -0.2032 0.0248 -1.1916 -0.6624 0.4208 0.8592 -0.2112 0.876 -1.0312 1.0088 0.344 0.0152 -0.1836 0.1204 -1.1068 -0.6052 0.3784 0.9312 -0.1832 0.816 -1.0182 1.0818 0.394 -0.0228 -0.2296 0.0644 -1.2648 -0.6672 0.4724
-0.49 -0.52 -0.47 -0.98 1.78 -0.4 2.03 0.03 -2.1 2.12 -1.16 -1.76 1.92 1.88 2.04 2.22571474406096 3.64528947598754 2.0637490580823 0.4304 -0.9144 0.162 -0.9894 -0.0494 1.008 -1.0976 0.4468 0.7648 -1.0716 -1.0124 -1.1092 0.3992 -1.0312 0.316 -1.1412 0.0188 1.004 -1.1448 0.4964 0.9204 -1.1068 -1.0452 -1.1816 0.3212 -0.9032 0.156 -0.9282 -0.00819999999999996 0.904 -1.0828 0.4004 0.7644 -1.0648 -0.9572 -1.0376
-0.49 -0.52 -0.47 -0.98 1.78 1.6 1.03 -0.97 1.9 2.12 0.84 2.24 1.92 1.88 1.04 0.668903792809446 0.107714273542789 -0.209786910879671 0.4304 -0.9144 -0.818 -0.4994 0.4406 -0.952 -1.0976 -0.5332 -1.1952 -1.0716 -1.0124 -0.6192 0.3992 -1.0312 -0.724 -0.6212 0.5388 -1.076 -1.1448 -0.5436 -1.1596 -1.1068 -1.0452 -0.6616 0.3212 -0.9032 -0.784 -0.4582 0.4618 -0.976 -1.0828 -0.5396 -1.1156 -1.0648 -0.9572 -0.5676
-0.49 -0.52 -0.47 -1.98 1.78 0.6 -0.97 2.03 -1.1 0.12 0.84 -1.76 -2.08 0.88 1.04 0.986856943340153 2.25389695707591 0.868083367455581 0.9204 -0.9144 -0.328 0.4806 -1.0294 0.518 -0.1176 -0.5332 0.7648 0.8884 -0.5224 -0.6192 0.9192 -1.0312 -0.204 0.4188 -1.0212 0.484 -0.1048 -0.5436 0.9204 0.9732 -0.5252 -0.6616 0.7912 -0.9032 -0.314 0.4818 -0.9482 0.434 -0.1428 -0.5396 0.7644 0.8152 -0.4872 -0.5676
-0.49 -0.52 -0.47 -1.98 -0.22 -0.4 -0.97 0.03 1.9 1.12 -1.16 -0.76 -0.0800000000000001 -1.12 -0.96 0.33136901929563 0.172213761835917 -0.564383488558992 0.9204 0.0656 0.162 0.4806 -0.0494 -0.952 -0.6076 0.4468 0.2748 -0.0916 0.4576 0.3608 0.9192 0.00880000000000003 0.316 0.4188 0.0188 -1.076 -0.6248 0.4964 0.4004 -0.0668 0.5148 0.3784 0.7912 0.0368 0.156 0.4818 -0.00819999999999996 -0.976 -0.6128 0.4004 0.2944 -0.1248 0.4528 0.3724
-0.49 0.48 -0.47 1.02 -2.22 0.6 2.03 2.03 1.9 1.12 -2.16 2.24 -0.0800000000000001 1.88 1.04 1.2828194035462 1.50178518073076 1.00400122451157 -0.5496 1.0456 -0.328 -0.9894 -1.0294 -0.952 -0.6076 0.9368 -1.1952 -0.0916 -1.0124 -0.6192 0.3792 -1.1712 0.396 0.8888 1.0088 0.824 0.4952 -1.1436 1.0804 -0.1468 0.8348 0.3784 -0.6188 0.9768 -0.314 -0.9282 -0.9482 -0.976 -0.6128 0.8704 -1.1156 -0.1248 -0.9572 -0.5676
-0.49 -0.52 0.53 -1.98 0.78 -1.4 2.03 -0.97 1.9 -1.88 1.84 2.24 -0.0800000000000001 -1.12 1.04 -0.119221922591318 1.12391830451138 1.18003014411974 0.9204 -0.4244 0.652 -0.9894 0.4406 -0.952 0.8624 -1.0232 -1.1952 -0.0916 0.4576 -0.6192 0.9192 -0.5112 0.836 -1.1412 0.5388 -1.076 0.9352 -1.0636 -1.1596 -0.0668 0.5148 -0.6616 -1.1888 0.3468 -0.774 1.1018 -0.5082 0.924 -1.0828 0.8304 1.1244 -0.2048 -0.6672 0.4724
-0.49 0.48 0.53 0.02 -2.22 -2.4 0.03 -0.97 -2.1 -1.88 -0.16 -1.76 -2.08 -2.12 -1.96 0.804265678866141 0.947686438867569 0.866945073502555 -0.0596 1.0456 1.142 -0.00939999999999996 0.4406 1.008 0.8624 -0.0432 0.7648 0.8884 0.9476 0.8508 -0.1008 -1.1712 -1.044 -0.0712 -0.4312 -1.096 -0.9448 -0.1836 -0.8396 -1.1068 -1.0852 -1.0616 -0.1288 -1.2432 -1.304 0.0418 -0.5082 -1.196 -1.0828 -0.2296 -0.9956 -1.2648 -1.1972 -1.1176
0.51 -0.52 0.53 -0.98 0.78 1.6 -0.97 -1.97 -2.1 2.12 1.84 2.24 -1.08 -0.12 -0.96 0.502079647809836 0.685847681108294 1.8237468460644 -0.5496 0.3556 0.782 -0.4894 -1.0394 -1.092 1.0224 0.8168 1.0448 -0.6816 -0.1524 -0.5992 0.3992 -0.5112 -0.724 0.4188 1.0588 1.004 -1.1448 -1.0636 -1.1596 0.4532 -0.00519999999999997 0.3784 -0.6588 0.3468 0.816 -0.4882 -1.0382 -1.196 1.0372 0.8304 1.1244 -0.7348 -0.1372 -0.5876
-0.49 -0.52 -0.47 1.02 0.78 1.6 2.03 0.03 1.9 2.12 -1.16 2.24 -1.08 1.88 0.04 -0.010833549917026 1.36075552722027 0.522591303516212 -0.5496 -0.4244 -0.818 -0.9894 -0.0494 -0.952 -1.0976 0.4468 -1.1952 0.3984 -1.0124 -0.1292 -0.6408 -0.5112 -0.724 -1.1412 0.0188 -1.076 -1.1448 0.4964 -1.1596 0.4532 -1.0452 -0.1416 -0.6188 -0.4332 -0.784 -0.9282 -0.00819999999999996 -0.976 -1.0828 0.4004 -1.1156 0.3452 -0.9572 -0.0976
0.51 0.48 0.53 -1.98 -1.22 1.6 0.03 -1.97 0.9 -1.88 1.84 -0.76 -2.08 -0.12 1.04 0.844931671307522 0.45257300622442 3.01506337753202 -1.0596 -0.6644 0.782 0.0206 -1.0394 0.438 -1.0176 0.8168 -0.4852 -1.1916 -0.1524 0.4208 -1.0608 -0.6912 0.876 -0.0712 -0.9112 0.344 -0.9448 0.7764 -0.3596 -1.1068 -0.1252 0.3784 -1.1888 -0.7132 0.816 0.0418 -1.0382 0.394 -1.0828 0.8304 -0.4656 -1.2648 -0.1372 0.4724
-0.49 -0.52 -0.47 1.02 1.78 1.6 -0.97 -0.97 -2.1 0.12 -1.16 0.24 -1.08 -2.12 -1.96 -1.33010863099055 0.235544975959519 -0.248547386049898 -0.5496 -0.9144 -0.818 0.4806 0.4406 1.008 -0.1176 0.4468 -0.2152 0.3984 0.9476 0.8508 -0.6408 -1.0312 -0.724 0.4188 0.5388 1.004 -0.1048 0.4964 -0.1196 0.4532 1.0348 0.8984 -0.6188 -0.9032 -0.784 0.4818 0.4618 0.904 -0.1428 0.4004 -0.1756 0.3452 0.9228 0.8424
-0.49 0.48 -0.47 2.02 -1.22 -2.4 -0.97 1.03 -2.1 -1.88 -0.16 -0.76 1.92 0.88 -1.96 0.642796925082653 2.67292673376994 2.59215134546903 -1.0396 0.5556 1.142 0.4806 -0.5394 1.008 0.8624 -0.0432 0.2748 -1.0716 -0.5224 0.8508 0.8592 -0.6912 -1.044 -0.5512 0.5288 -1.096 -0.9448 -0.1836 -0.3596 0.8132 0.3548 -1.0616 -1.0888 0.5068 1.096 0.4818 -0.4782 0.904 0.7972 -0.0696 0.2944 -1.0648 -0.4872 0.8424
0.51 0.48 0.53 0.02 1.78 -1.4 2.03 0.03 0.9 -1.88 -2.16 2.24 0.92 1.88 2.04 0.66226366806536 1.2832820595825 1.6249963929911 -0.0396 0.8656 -0.748 1.0406 -0.0194 0.438 -1.0176 -1.2232 1.0448 0.3384 0.8676 0.9308 -0.1008 0.7488 -0.564 0.8888 0.0488 0.344 -0.9448 -1.1436 1.0804 0.3332 0.8348 0.8584 -0.1288 0.8768 -0.774 1.1018 0.0218 0.394 -1.0828 -1.2896 1.1244 0.3252 0.9228 1.0024
0.51 0.48 0.53 -0.98 1.78 -1.4 -1.97 2.03 -2.1 0.12 -0.16 1.24 -0.0800000000000001 0.88 -0.96 0.178302015390889 1.78186581828133 1.07669202026313 -0.5496 0.8656 -0.748 -0.9994 1.0006 -1.092 0.00239999999999999 -0.2032 0.5348 -0.1716 0.3576 -0.5992 -0.5808 0.7488 -0.564 -1.0312 1.0088 -1.096 0.0152 -0.1836 0.6004 -0.1468 0.3548 -0.5816 -0.6588 0.8768 -0.774 -1.0182 1.0818 -1.196 -0.0228 -0.2296 0.5944 -0.2048 0.3928 -0.5876
-0.49 0.48 0.53 2.02 -0.22 -2.4 -1.97 -1.97 -0.1 1.12 -1.16 -1.76 1.92 -1.12 -0.96 0.782518557765741 2.31399896220148 1.14377998155618 -1.0396 0.0656 1.142 0.9706 0.9306 0.028 -0.6076 0.4468 0.7648 -1.0716 0.4576 0.3608 0.8592 -0.2112 -1.044 -1.0312 -0.9112 -0.136 0.4952 -0.6636 -0.8396 0.8132 -0.6052 -0.5816 0.9312 -0.1832 -1.304 -1.0182 -1.0382 -0.136 0.5072 -0.7596 -0.9956 0.8552 -0.6672 -0.5876
-0.49 -0.52 -0.47 0.02 -1.22 1.6 -0.97 0.03 -2.1 -1.88 -2.16 -1.76 -2.08 -2.12 0.04 -0.658154466014003 -0.757606987357462 0.285523312596487 -0.0596 0.5556 -0.818 0.4806 -0.0494 1.008 0.8624 0.9368 0.7648 0.8884 0.9476 -0.1292 -0.1208 0.5288 -0.724 0.4188 0.0188 1.004 0.9352 1.0164 0.9204 0.9732 1.0348 -0.1416 -0.1488 0.5068 -0.784 0.4818 -0.00819999999999996 0.904 0.7972 0.8704 0.7644 0.8152 0.9228 -0.0976
0.51 0.48 0.53 -1.98 0.78 -1.4 -0.97 -1.97 -1.1 -1.88 -2.16 -1.76 -1.08 -2.12 -0.96 -0.400242400591847 0.251102570620143 -0.551204889651695 -1.0596 0.3556 -0.748 -0.4894 -1.0394 -0.582 -1.0176 -1.2232 -0.9952 -0.6816 -1.1724 -0.5992 -1.0608 0.2688 -0.564 -0.5512 -0.9112 -0.616 -0.9448 -1.1436 -0.8396 -0.6268 -1.0852 -0.5816 -1.1888 0.3468 -0.774 -0.4882 -1.0382 -0.666 -1.0828 -1.2896 -0.9956 -0.7348 -1.1972 -0.5876
-0.49 0.48 0.53 2.02 0.78 1.6 2.03 2.03 -1.1 2.12 1.84 2.24 1.92 1.88 2.04 1.23910899881232 2.86745990447599 4.36536032007936 -1.0396 -0.4244 -0.818 -0.9894 -1.0294 0.518 -1.0976 -1.0232 -1.1952 -1.0716 -1.0124 -1.1092 0.8592 0.2688 0.876 0.8888 1.0088 -0.616 0.9752 0.7764 1.0804 0.8132 0.8348 0.8584 0.9312 0.3468 0.816 1.1018 1.0818 -0.666 1.0372 0.8304 1.1244 0.8552 0.9228 1.0024
-0.49 0.48 -0.47 -1.98 1.78 0.6 1.03 -1.97 0.9 2.12 1.84 2.24 -1.08 -1.12 2.04 2.56703681412235 0.483153791459605 1.52279697782729 0.9204 -0.9144 -0.328 -0.4994 0.9306 -0.462 -1.0976 -1.0232 -1.1952 0.3984 0.4576 -1.1092 -1.0608 0.7488 0.396 0.4088 -0.9112 0.344 0.9752 0.7764 1.0804 -0.6268 -0.6052 0.8584 0.7912 -0.9032 -0.314 -0.4582 0.9318 -0.506 -1.0828 -1.0096 -1.1156 0.3452 0.4528 -1.0376
-0.49 -0.52 0.53 -0.98 1.78 -2.4 -0.97 1.03 -2.1 2.12 -2.16 -1.76 -0.0800000000000001 -1.12 -0.96 1.27655058911759 0.680465761596016 1.80842627778173 0.4304 -0.9144 1.142 0.4806 -0.5394 1.008 -1.0976 0.9368 0.7648 -0.0916 0.4576 0.3608 0.3992 -1.0312 1.356 0.4188 -0.5012 1.004 -1.1448 1.0164 0.9204 -0.0668 0.5148 0.3784 -0.6588 0.8768 -1.304 -0.4882 0.5518 -1.196 1.0372 -1.2896 -0.9956 -0.2048 -0.6672 -0.5876
0.51 0.48 0.53 0.02 1.78 0.6 0.03 -1.97 1.9 1.12 -0.16 -1.76 0.92 0.88 1.04 0.52035270911257 0.994649664759398 0.908986200798792 -0.0396 0.8656 0.272 0.0206 -1.0394 0.948 0.5124 -0.2032 -0.9952 0.3384 0.3576 0.4208 -0.1008 0.7488 0.396 -0.0712 -0.9112 0.824 0.4952 -0.1836 -0.8396 0.3332 0.3548 0.3784 -0.1288 0.8768 0.286 0.0418 -1.0382 0.924 0.5072 -0.2296 -0.9956 0.3252 0.3928 0.4724
0.51 -0.52 -0.47 -1.98 -0.22 -0.4 1.03 0.03 -2.1 2.12 -2.16 0.24 -2.08 -2.12 1.04 1.45245200458523 2.66771291861072 2.05844017794322 -1.0596 -0.1544 -0.238 0.5306 -0.0194 -1.092 1.0224 -1.2232 0.0248 -1.1916 -1.1724 0.4208 0.9192 0.00880000000000003 0.316 -0.6212 0.0188 1.004 -1.1448 1.0164 -0.1196 0.9732 1.0348 -0.6616 0.7912 0.0368 0.156 -0.4582 -0.00819999999999996 0.904 -1.0828 0.8704 -0.1756 0.8152 0.9228 -0.5676
-0.49 -0.52 -0.47 1.02 -1.22 -0.4 0.03 0.03 -1.1 -0.88 -1.16 1.24 -2.08 0.88 -0.96 1.69922667956975 1.30226799662857 1.14240131613717 -0.5496 0.5556 0.162 -0.00939999999999996 -0.0494 0.518 0.3724 0.4468 -0.7052 0.8884 -0.5224 0.3608 -0.6408 0.5288 0.316 -0.1012 0.0188 0.484 0.4152 0.4964 -0.6396 0.9732 -0.5252 0.3784 -0.6188 0.5068 0.156 0.0118000000000001 -0.00819999999999996 0.434 0.3272 0.4004 -0.6456 0.8152 -0.4872 0.3724
0.51 0.48 0.53 -1.98 1.78 -0.4 2.03 -1.97 1.9 0.12 -0.16 2.24 0.92 1.88 1.04 1.0305521568752 0.792218626889736 1.93930712063948 -1.0596 0.8656 -0.238 1.0406 -1.0394 0.948 0.00239999999999999 -0.2032 1.0448 0.3384 0.8676 0.4208 -1.0608 0.7488 -0.084 0.8888 -0.9112 0.824 0.0152 -0.1836 1.0804 0.3332 0.8348 0.3784 -1.1888 0.8768 -0.244 1.1018 -1.0382 0.924 -0.0228 -0.2296 1.1244 0.3252 0.9228 0.4724
0.51 -0.52 0.53 0.02 1.78 0.6 2.03 1.03 -0.1 -0.88 -1.16 -1.76 1.92 1.88 0.04 1.11241097060472 0.701170196474657 1.44497713655944 -0.0396 0.8656 0.272 1.0406 0.4906 -0.072 -0.5076 -0.7132 -0.9952 0.8484 0.8676 -0.0892 -0.1208 -1.0312 -0.204 -1.1412 -0.5012 -0.036 0.4152 0.4964 0.9204 -1.1068 -1.0452 -0.1416 -0.1288 0.8768 0.286 1.1018 0.5518 -0.136 -0.5528 -0.7596 -0.9956 0.8552 0.9228 -0.0576
0.51 0.48 0.53 -1.98 -0.22 1.6 -0.97 -1.97 -0.1 2.12 -0.16 -1.76 0.92 -0.12 0.04 1.36392190069587 0.694593908845501 0.741555891665707 -1.0596 -0.1544 0.782 -0.4894 -1.0394 -0.072 1.0224 -0.2032 -0.9952 0.3384 -0.1524 -0.0892 -1.0608 -0.2112 0.876 -0.5512 -0.9112 -0.136 0.9752 -0.1836 -0.8396 0.3332 -0.1252 -0.1016 -1.1888 -0.1832 0.816 -0.4882 -1.0382 -0.136 1.0372 -0.2296 -0.9956 0.3252 -0.1372 -0.0576
0.51 -0.52 0.53 2.02 0.78 1.6 -1.97 2.03 1.9 2.12 1.84 2.24 1.92 0.88 0.04 0.0867277290662106 1.61799956406209 1.57434575544721 0.9804 0.3556 0.782 -0.9994 1.0006 0.948 1.0224 0.8168 1.0448 0.8484 0.3576 -0.0892 -1.1608 -0.5112 -0.724 0.9388 -1.0212 -1.076 -1.1448 -1.0636 -1.1596 -1.1068 -0.5252 -0.1416 0.9312 0.3468 0.816 -1.0182 1.0818 0.924 1.0372 0.8304 1.1244 0.8552 0.3928 -0.0576
0.51 0.48 0.53 -1.98 1.78 -0.4 -1.97 -0.97 1.9 -1.88 1.84 -1.76 -1.08 -0.12 -0.96 0.945840882988474 1.31945654917704 1.20799669354859 -1.0596 0.8656 -0.238 -0.9994 -0.5294 0.948 -1.0176 0.8168 -0.9952 -0.6816 -0.1524 -0.5992 -1.0608 0.7488 -0.084 -1.0312 -0.4312 0.824 -0.9448 0.7764 -0.8396 -0.6268 -0.1252 -0.5816 -1.1888 0.8768 -0.244 -1.0182 -0.5082 0.924 -1.0828 0.8304 -0.9956 -0.7348 -0.1372 -0.5876
-0.49 -0.52 -0.47 -0.98 1.78 -2.4 0.03 -1.97 -2.1 -1.88 -2.16 -1.76 0.92 -1.12 1.04 -1.195441335598 -0.922409596985587 -0.483296993194313 0.4304 -0.9144 1.142 -0.00939999999999996 0.9306 1.008 0.8624 0.9368 0.7648 -0.5816 0.4576 -0.6192 0.3992 -1.0312 1.356 -0.1012 1.0588 1.004 0.9352 1.0164 0.9204 -0.5868 0.5148 -0.6616 0.3212 -0.9032 1.096 0.0118000000000001 0.9318 0.904 0.7972 0.8704 0.7644 -0.5948 0.4528 -0.5676
0.51 -0.52 -0.47 -0.98 -2.22 0.6 -1.97 -1.97 -2.1 2.12 1.84 1.24 -0.0800000000000001 -2.12 -0.96 0.852112997976797 0.705250398617991 2.78782195954584 -0.5496 -1.1744 0.272 -0.9994 -1.0394 -1.092 1.0224 0.8168 0.5348 -0.1716 -1.1724 -0.5992 0.3992 1.0488 -0.204 0.9388 1.0588 1.004 -1.1448 -1.0636 -0.6396 -0.0668 1.0348 0.3784 0.3212 0.9768 -0.314 0.9518 0.9318 0.904 -1.0828 -1.0096 -0.6456 -0.1248 0.9228 0.3724
0.51 0.48 0.53 -1.98 1.78 -2.4 2.03 -1.97 1.9 1.12 -1.16 0.24 1.92 0.88 0.04 2.09733267883304 1.16208046634587 1.15025273811496 -1.0596 0.8656 -1.258 1.0406 -1.0394 0.948 0.5124 -0.7132 0.0248 0.8484 0.3576 -0.0892 -1.0608 0.7488 -1.044 0.8888 -0.9112 0.824 0.4952 -0.6636 0.1204 0.8132 0.3548 -0.1016 -1.1888 0.8768 -1.304 1.1018 -1.0382 0.924 0.5072 -0.7596 0.0644 0.8552 0.3928 -0.0576
-0.49 -0.52 -0.47 2.02 -2.22 -1.4 2.03 -1.97 -0.1 -1.88 -0.16 -1.76 -1.08 0.88 -1.96 1.35498075219182 -0.284709997053302 0.406244102197718 -1.0396 1.0456 0.652 -0.9894 0.9306 0.028 0.8624 -0.0432 0.7648 0.3984 -0.5224 0.8508 -1.1608 1.0488 0.836 -1.1412 1.0588 -0.036 0.9352 -0.0236 0.9204 0.4532 -0.5252 0.8984 -1.0888 0.9768 0.626 -0.9282 0.9318 -0.036 0.7972 -0.0696 0.7644 0.3452 -0.4872 0.8424
0.51 0.48 0.53 2.02 1.78 0.6 2.03 -1.97 -2.1 1.12 -2.16 -1.76 -1.08 -2.12 -1.96 0.104243418710477 -0.955773427023334 0.716070973787671 0.9804 0.8656 0.272 1.0406 -1.0394 -1.092 0.5124 -1.2232 -0.9952 -0.6816 -1.1724 -1.1092 0.8592 0.7488 0.396 0.8888 -0.9112 -1.096 0.4952 -1.1436 -0.8396 -0.6268 -1.0852 -1.0616 0.9312 0.8768 0.286 1.1018 -1.0382 -1.196 0.5072 -1.2896 -0.9956 -0.7348 -1.1972 -1.1176
-0.49 0.48 0.53 -0.98 -2.22 -2.4 -0.97 -1.97 1.9 -1.88 -2.16 -1.76 -2.08 -1.12 -1.96 1.56697442384171 0.192706771696484 1.23656168034182 0.4304 1.0456 1.142 0.4806 0.9306 -0.952 0.8624 0.9368 0.7648 0.8884 0.4576 0.8508 -0.5808 -1.1712 -1.044 -0.5512 -0.9112 0.824 -0.9448 -1.1436 -0.8396 -1.1068 -0.6052 -1.0616 -0.6588 -1.2432 -1.304 -0.4882 -1.0382 0.924 -1.0828 -1.2896 -0.9956 -1.2648 -0.6672 -1.1176
-0.49 -0.52 -0.47 1.02 -2.22 0.6 -1.97 -1.97 -1.1 0.12 -0.16 -0.76 -2.08 -2.12 -1.96 1.15558809375219 -0.522756818543608 0.371878400988997 -0.5496 1.0456 -0.328 0.9706 0.9306 0.518 -0.1176 -0.0432 0.2748 0.8884 0.9476 0.8508 -0.6408 1.0488 -0.204 0.9388 1.0588 0.484 -0.1048 -0.0236 0.4004 0.9732 1.0348 0.8984 -0.6188 0.9768 -0.314 0.9518 0.9318 0.434 -0.1428 -0.0696 0.2944 0.8152 0.9228 0.8424
0.51 0.48 0.53 2.02 0.78 -1.4 0.03 -1.97 0.9 -0.88 0.84 -0.76 1.92 1.88 -0.96 1.63419133485121 1.57491719366122 1.70774885794559 0.9804 0.3556 -0.748 0.0206 -1.0394 0.438 -0.5076 0.3068 -0.4852 0.8484 0.8676 -0.5992 0.8592 0.2688 -0.564 -0.0712 -0.9112 0.344 -0.4648 0.2964 -0.3596 0.8132 0.8348 -0.5816 0.9312 0.3468 -0.774 0.0418 -1.0382 0.394 -0.5528 0.3004 -0.4656 0.8552 0.9228 -0.5876
0.51 -0.52 0.53 -1.98 -2.22 -1.4 -0.97 -0.97 -1.1 0.12 -2.16 -0.76 -0.0800000000000001 -1.12 -1.96 -0.0274363740354004 1.71466480810086 1.3364472113785 -1.0596 -1.1744 -0.748 -0.4894 -0.5294 -0.582 0.00239999999999999 -1.2232 -0.4852 -0.1716 -0.6624 -1.1092 0.9192 1.0488 0.836 0.4188 0.5388 0.484 -0.1048 1.0164 0.4004 -0.0668 0.5148 0.8984 -1.1888 -1.2432 -0.774 -0.4882 -0.5082 -0.666 -0.0228 -1.2896 -0.4656 -0.2048 -0.6672 -1.1176
-0.49 -0.52 -0.47 -1.98 -2.22 1.6 -0.97 2.03 0.9 0.12 1.84 1.24 1.92 1.88 1.04 0.592628790895112 1.34644018769045 1.28079427922007 0.9204 1.0456 -0.818 0.4806 -1.0294 -0.462 -0.1176 -1.0232 -0.7052 -1.0716 -1.0124 -0.6192 0.9192 1.0488 -0.724 0.4188 -1.0212 -0.556 -0.1048 -1.0636 -0.6396 -1.1068 -1.0452 -0.6616 0.7912 0.9768 -0.784 0.4818 -0.9482 -0.506 -0.1428 -1.0096 -0.6456 -1.0648 -0.9572 -0.5676
0.51 0.48 0.53 0.02 -2.22 -2.4 0.03 -0.97 0.9 1.12 0.84 -1.76 -2.08 -1.12 -0.96 0.590422004868383 0.905034978123252 -0.395072018121931 -0.0396 -1.1744 -1.258 0.0206 -0.5294 0.438 0.5124 0.3068 -0.9952 -1.1916 -0.6624 -0.5992 -0.1008 -1.1712 -1.044 -0.0712 -0.4312 0.344 0.4952 0.2964 -0.8396 -1.1068 -0.6052 -0.5816 -0.1288 -1.2432 -1.304 0.0418 -0.5082 0.394 0.5072 0.3004 -0.9956 -1.2648 -0.6672 -0.5876
-0.49 0.48 -0.47 0.02 1.78 -2.4 -1.97 -1.97 -2.1 1.12 1.84 -1.76 -0.0800000000000001 -1.12 1.04 0.1513577283353 1.82844702381394 1.52891982222803 -0.0596 -0.9144 1.142 0.9706 0.9306 1.008 -0.6076 -1.0232 0.7648 -0.0916 0.4576 -0.6192 -0.1008 0.7488 -1.044 -1.0312 -0.9112 -1.096 0.4952 0.7764 -0.8396 -0.1468 -0.6052 0.3784 -0.1488 -0.9032 1.096 0.9518 0.9318 0.904 -0.6128 -1.0096 0.7644 -0.1248 0.4528 -0.5676
-0.49 -0.52 0.53 2.02 -2.22 1.6 -1.97 -0.97 -0.1 -1.88 0.84 1.24 0.92 -0.12 -1.96 1.00198878132423 0.688903430768916 0.619495124607718 -1.0396 1.0456 -0.818 0.9706 0.4406 0.028 0.8624 -0.5332 -0.7052 -0.5816 -0.0324 0.8508 -1.1608 1.0488 -0.724 0.9388 0.5388 -0.036 0.9352 -0.5436 -0.6396 -0.5868 -0.00519999999999997 0.8984 0.9312 -1.2432 0.816 -1.0182 -0.5082 -0.136 -1.0828 0.3004 0.5944 0.3252 -0.1372 -1.1176
-0.49 -0.52 -0.47 2.02 -1.22 -1.4 2.03 1.03 1.9 1.12 -2.16 -1.76 -2.08 -2.12 -1.96 -2.1619244959431 -1.83060557532944 -0.602621566711697 -1.0396 0.5556 0.652 -0.9894 -0.5394 -0.952 -0.6076 0.9368 0.7648 0.8884 0.9476 0.8508 -1.1608 0.5288 0.836 -1.1412 -0.5012 -1.076 -0.6248 1.0164 0.9204 0.9732 1.0348 0.8984 -1.0888 0.5068 0.626 -0.9282 -0.4782 -0.976 -0.6128 0.8704 0.7644 0.8152 0.9228 0.8424
0.51 0.48 -0.47 -1.98 1.78 -2.4 2.03 -0.97 1.9 -0.88 -1.16 0.24 -2.08 -0.12 -0.96 0.745247143021865 1.49293044609984 1.74485915424936 -1.0596 0.8656 -1.258 1.0406 -0.5294 0.948 -0.5076 -0.7132 0.0248 -1.1916 -0.1524 -0.5992 -1.0608 0.7488 -1.044 0.8888 -0.4312 0.824 -0.4648 -0.6636 0.1204 -1.1068 -0.1252 -0.5816 0.7912 -0.9032 1.096 -0.9282 0.4618 -0.976 0.3272 0.4004 -0.1756 0.8152 -0.0172 0.3724
-0.49 -0.52 -0.47 -1.98 -1.22 -1.4 -1.97 0.03 -0.1 -1.88 -0.16 1.24 -2.08 -2.12 -0.96 -1.03056591315247 -1.18894743541914 0.229947490537402 0.9204 0.5556 0.652 0.9706 -0.0494 0.028 0.8624 -0.0432 -0.7052 0.8884 0.9476 0.3608 0.9192 0.5288 0.836 0.9388 0.0188 -0.036 0.9352 -0.0236 -0.6396 0.9732 1.0348 0.3784 0.7912 0.5068 0.626 0.9518 -0.00819999999999996 -0.036 0.7972 -0.0696 -0.6456 0.8152 0.9228 0.3724
-0.49 0.48 -0.47 -1.98 -0.22 1.6 2.03 -0.97 1.9 2.12 0.84 -0.76 0.92 -0.12 -1.96 0.0763455180500813 1.18582393682372 1.45049440442699 0.9204 0.0656 -0.818 -0.9894 0.4406 -0.952 -1.0976 -0.5332 0.2748 -0.5816 -0.0324 0.8508 -1.0608 -0.2112 0.876 0.8888 -0.4312 0.824 0.9752 0.2964 -0.3596 0.3332 -0.1252 -1.0616 0.7912 0.0368 -0.784 -0.9282 0.4618 -0.976 -1.0828 -0.5396 0.2944 -0.5948 -0.0172 0.8424
-0.49 -0.52 -0.47 2.02 -0.22 1.6 2.03 1.03 0.9 -0.88 0.84 2.24 1.92 1.88 2.04 0.832888149117393 2.16998012026319 2.96528924325862 -1.0396 0.0656 -0.818 -0.9894 -0.5394 -0.462 0.3724 -0.5332 -1.1952 -1.0716 -1.0124 -1.1092 -1.1608 0.00880000000000003 -0.724 -1.1412 -0.5012 -0.556 0.4152 -0.5436 -1.1596 -1.1068 -1.0452 -1.1816 -1.0888 0.0368 -0.784 -0.9282 -0.4782 -0.506 0.3272 -0.5396 -1.1156 -1.0648 -0.9572 -1.0376
-0.49 -0.52 -0.47 -1.98 0.78 1.6 -1.97 2.03 -2.1 0.12 -1.16 -0.76 -1.08 -1.12 -1.96 0.339701728896925 0.520384237238712 0.603235314268327 0.9204 -0.4244 -0.818 0.9706 -1.0294 1.008 -0.1176 0.4468 0.2748 0.3984 0.4576 0.8508 0.9192 -0.5112 -0.724 0.9388 -1.0212 1.004 -0.1048 0.4964 0.4004 0.4532 0.5148 0.8984 0.7912 -0.4332 -0.784 0.9518 -0.9482 0.904 -0.1428 0.4004 0.2944 0.3452 0.4528 0.8424
-0.49 -0.52 -0.47 2.02 -2.22 -0.4 0.03 -0.97 0.9 0.12 0.84 0.24 -2.08 -2.12 -1.96 0.923148784825833 -0.0742408518515947 0.88105945630205 -1.0396 1.0456 0.162 -0.00939999999999996 0.4406 -0.462 -0.1176 -0.5332 -0.2152 0.8884 0.9476 0.8508 -1.1608 1.0488 0.316 -0.1012 0.5388 -0.556 -0.1048 -0.5436 -0.1196 0.9732 1.0348 0.8984 -1.0888 0.9768 0.156 0.0118000000000001 0.4618 -0.506 -0.1428 -0.5396 -0.1756 0.8152 0.9228 0.8424
0.51 -0.52 0.53 2.02 1.78 1.6 2.03 2.03 -0.1 2.12 1.84 2.24 1.92 0.88 2.04 0.215105660883417 -0.497921589492025 -0.441594296456714 0.9804 0.8656 0.782 1.0406 1.0006 -0.072 1.0224 0.8168 1.0448 0.8484 0.3576 0.9308 -1.1608 -1.0312 -0.724 -1.1412 -1.0212 -0.036 -1.1448 -1.0636 -1.1596 -1.1068 -0.5252 -1.1816 0.9312 0.8768 0.816 1.1018 1.0818 -0.136 1.0372 0.8304 1.1244 0.8552 0.3928 1.0024
-0.49 0.48 -0.47 -1.98 1.78 1.6 2.03 2.03 1.9 0.12 0.84 2.24 0.92 -0.12 2.04 1.42687557200429 1.09725055920808 2.03450388751703 0.9204 -0.9144 -0.818 -0.9894 -1.0294 -0.952 -0.1176 -0.5332 -1.1952 -0.5816 -0.0324 -1.1092 -1.0608 0.7488 0.876 0.8888 1.0088 0.824 0.0152 0.2964 1.0804 0.3332 -0.1252 0.8584 0.7912 -0.9032 -0.784 -0.9282 -0.9482 -0.976 -0.1428 -0.5396 -1.1156 -0.5948 -0.0172 -1.0376
0.51 0.48 -0.47 1.02 -2.22 -2.4 -1.97 2.03 0.9 0.12 -0.16 0.24 -2.08 -2.12 0.04 1.08477148898968 -0.972838697475318 0.253659813661805 0.4704 -1.1744 -1.258 -0.9994 1.0006 0.438 0.00239999999999999 -0.2032 0.0248 -1.1916 -1.1724 -0.0892 0.3792 -1.1712 -1.044 -1.0312 1.0088 0.344 0.0152 -0.1836 0.1204 -1.1068 -1.0852 -0.1016 -0.6188 0.9768 1.096 0.9518 -0.9482 -0.506 -0.1428 -0.0696 -0.1756 0.8152 0.9228 -0.0976
0.51 0.48 0.53 1.02 -2.22 -1.4 2.03 0.03 1.9 2.12 1.84 1.24 1.92 1.88 2.04 0.296418695766019 0.507625050266222 1.91348851253546 0.4704 -1.1744 -0.748 1.0406 -0.0194 0.948 1.0224 0.8168 0.5348 0.8484 0.8676 0.9308 0.3792 -1.1712 -0.564 0.8888 0.0488 0.824 0.9752 0.7764 0.6004 0.8132 0.8348 0.8584 0.4012 -1.2432 -0.774 1.1018 0.0218 0.924 1.0372 0.8304 0.5944 0.8552 0.9228 1.0024
0.51 -0.52 0.53 1.02 -0.22 1.6 -1.97 -1.97 -0.1 -0.88 1.84 1.24 -0.0800000000000001 -2.12 1.04 0.954175813104321 1.54670828200061 1.53144163624616 0.4704 -0.1544 0.782 -0.9994 -1.0394 -0.072 -0.5076 0.8168 0.5348 -0.1716 -1.1724 0.4208 -0.6408 0.00880000000000003 -0.724 0.9388 1.0588 -0.036 0.4152 -1.0636 -0.6396 -0.0668 1.0348 -0.6616 0.4012 -0.1832 0.816 -1.0182 -1.0382 -0.136 -0.5528 0.8304 0.5944 -0.2048 -1.1972 0.4724
-0.49 -0.52 -0.47 2.02 0.78 -1.4 -1.97 2.03 1.9 1.12 -0.16 1.24 0.92 1.88 0.04 0.270649544523905 1.45118128341203 1.31451760017211 -1.0396 -0.4244 0.652 0.9706 -1.0294 -0.952 -0.6076 -0.0432 -0.7052 -0.5816 -1.0124 -0.1292 -1.1608 -0.5112 0.836 0.9388 -1.0212 -1.076 -0.6248 -0.0236 -0.6396 -0.5868 -1.0452 -0.1416 -1.0888 -0.4332 0.626 0.9518 -0.9482 -0.976 -0.6128 -0.0696 -0.6456 -0.5948 -0.9572 -0.0976
-0.49 -0.52 -0.47 2.02 1.78 0.6 2.03 0.03 0.9 2.12 1.84 -1.76 0.92 -1.12 0.04 1.35744531159293 0.18854782679364 0.595300378708032 -1.0396 -0.9144 -0.328 -0.9894 -0.0494 -0.462 -1.0976 -1.0232 0.7648 -0.5816 0.4576 -0.1292 -1.1608 -1.0312 -0.204 -1.1412 0.0188 -0.556 -1.1448 -1.0636 0.9204 -0.5868 0.5148 -0.1416 -1.0888 -0.9032 -0.314 -0.9282 -0.00819999999999996 -0.506 -1.0828 -1.0096 0.7644 -0.5948 0.4528 -0.0976
-0.49 0.48 0.53 -0.98 1.78 1.6 -1.97 2.03 0.9 2.12 1.84 -0.76 1.92 1.88 2.04 -0.267790104450938 0.566892105041583 1.26412930741046 0.4304 -0.9144 -0.818 0.9706 -1.0294 -0.462 -1.0976 -1.0232 0.2748 -1.0716 -1.0124 -1.1092 -0.5808 0.7488 0.876 -1.0312 1.0088 0.344 0.9752 0.7764 -0.3596 0.8132 0.8348 0.8584 -0.6588 0.8768 0.816 -1.0182 1.0818 0.394 1.0372 0.8304 -0.4656 0.8552 0.9228 1.0024
-0.49 -0.52 -0.47 -1.98 -0.22 -0.4 -1.97 2.03 1.9 1.12 -0.16 -1.76 -1.08 0.88 1.04 0.220356173378831 -0.0923700638748506 -0.291612101818512 0.9204 0.0656 0.162 0.9706 -1.0294 -0.952 -0.6076 -0.0432 0.7648 0.3984 -0.5224 -0.6192 0.9192 0.00880000000000003 0.316 0.9388 -1.0212 -1.076 -0.6248 -0.0236 0.9204 0.4532 -0.5252 -0.6616 0.7912 0.0368 0.156 0.9518 -0.9482 -0.976 -0.6128 -0.0696 0.7644 0.3452 -0.4872 -0.5676
-0.49 0.48 -0.47 1.02 -0.22 -0.4 2.03 -0.97 1.9 -0.88 -0.16 2.24 1.92 1.88 2.04 0.137011284525884 -0.14571623029353 1.38431759291189 -0.5496 0.0656 0.162 -0.9894 0.4406 -0.952 0.3724 -0.0432 -1.1952 -1.0716 -1.0124 -1.1092 0.3792 -0.2112 -0.084 0.8888 -0.4312 0.824 -0.4648 -0.1836 1.0804 0.8132 0.8348 0.8584 -0.6188 0.0368 0.156 -0.9282 0.4618 -0.976 0.3272 -0.0696 -1.1156 -1.0648 -0.9572 -1.0376
0.51 0.48 -0.47 2.02 1.78 -2.4 -1.97 -1.97 -2.1 -1.88 1.84 0.24 -0.0800000000000001 1.88 2.04 1.75489731101874 3.05801694405212 2.72374955553821 0.9804 0.8656 -1.258 -0.9994 -1.0394 -1.092 -1.0176 0.8168 0.0248 -0.1716 0.8676 0.9308 0.8592 0.7488 -1.044 -1.0312 -0.9112 -1.096 -0.9448 0.7764 0.1204 -0.1468 0.8348 0.8584 -1.0888 -0.9032 1.096 0.9518 0.9318 0.904 0.7972 -1.0096 -0.1756 -0.1248 -0.9572 -1.0376
-0.49 -0.52 -0.47 -1.98 -2.22 1.6 2.03 -0.97 0.9 -1.88 -1.16 -1.76 -2.08 0.88 -1.96 0.132960389085969 0.958720856109937 0.711095294703325 0.9204 1.0456 -0.818 -0.9894 0.4406 -0.462 0.8624 0.4468 0.7648 0.8884 -0.5224 0.8508 0.9192 1.0488 -0.724 -1.1412 0.5388 -0.556 0.9352 0.4964 0.9204 0.9732 -0.5252 0.8984 0.7912 0.9768 -0.784 -0.9282 0.4618 -0.506 0.7972 0.4004 0.7644 0.8152 -0.4872 0.8424
0.51 0.48 0.53 -0.98 -0.22 1.6 -1.97 1.03 -1.1 -0.88 1.84 2.24 -1.08 0.88 2.04 2.06793865411453 2.52793593676691 1.66923256858684 -0.5496 -0.1544 0.782 -0.9994 0.4906 -0.582 -0.5076 0.8168 1.0448 -0.6816 0.3576 0.9308 -0.5808 -0.2112 0.876 -1.0312 0.5288 -0.616 -0.4648 0.7764 1.0804 -0.6268 0.3548 0.8584 -0.6588 -0.1832 0.816 -1.0182 0.5518 -0.666 -0.5528 0.8304 1.1244 -0.7348 0.3928 1.0024
-0.49 -0.52 -0.47 -1.98 -0.22 -0.4 -1.97 -1.97 -2.1 -1.88 -0.16 -1.76 -1.08 -2.12 -0.96 0.462145796296875 0.196070853188609 0.281843002151844 0.9204 0.0656 0.162 0.9706 0.9306 1.008 0.8624 -0.0432 0.7648 0.3984 0.9476 0.3608 0.9192 0.00880000000000003 0.316 0.9388 1.0588 1.004 0.9352 -0.0236 0.9204 0.4532 1.0348 0.3784 0.7912 0.0368 0.156 0.9518 0.9318 0.904 0.7972 -0.0696 0.7644 0.3452 0.9228 0.3724
0.51 -0.52 -0.47 -0.98 -1.22 -0.4 1.03 2.03 0.9 -1.88 -2.16 -1.76 1.92 0.88 -0.96 0.0428841363107066 -0.0223689944292184 0.346144327285961 -0.5496 -0.6644 -0.238 0.5306 1.0006 0.438 -1.0176 -1.2232 -0.9952 0.8484 0.3576 -0.5992 0.3992 0.5288 0.316 -0.6212 -1.0212 -0.556 0.9352 1.0164 0.9204 -1.1068 -0.5252 0.3784 0.3212 0.5068 0.156 -0.4582 -0.9482 -0.506 0.7972 0.8704 0.7644 -1.0648 -0.4872 0.3724
-0.49 0.48 0.53 -0.98 -0.22 1.6 -0.97 2.03 0.9 -1.88 -2.16 -0.76 -0.0800000000000001 -0.12 1.04 0.616734461917236 0.955589597971639 0.951296519590021 0.4304 0.0656 -0.818 0.4806 -1.0294 -0.462 0.8624 0.9368 0.2748 -0.0916 -0.0324 -0.6192 -0.5808 -0.2112 0.876 -0.5512 1.0088 0.344 -0.9448 -1.1436 -0.3596 -0.1468 -0.1252 0.3784 -0.6588 -0.1832 0.816 -0.4882 1.0818 0.394 -1.0828 -1.2896 -0.4656 -0.2048 -0.1372 0.4724
0.51 0.48 0.53 2.02 0.78 -0.4 1.03 -1.97 1.9 -0.88 -1.16 -1.76 0.92 -1.12 -1.96 0.392220758842867 1.17155511665058 1.46169712383955 0.9804 0.3556 -0.238 0.5306 -1.0394 0.948 -0.5076 -0.7132 -0.9952 0.3384 -0.6624 -1.1092 0.8592 0.2688 -0.084 0.4088 -0.9112 0.824 -0.4648 -0.6636 -0.8396 0.3332 -0.6052 -1.0616 0.9312 0.3468 -0.244 0.5718 -1.0382 0.924 -0.5528 -0.7596 -0.9956 0.3252 -0.6672 -1.1176
-0.49 0.48 0.53 2.02 -2.22 -0.4 1.03 2.03 1.9 0.12 1.84 2.24 -0.0800000000000001 0.88 1.04 0.676389144322132 1.15912059195388 1.76440779145513 -1.0396 1.0456 0.162 -0.4994 -1.0294 -0.952 -0.1176 -1.0232 -1.1952 -0.0916 -0.5224 -0.6192 0.8592 -1.1712 -0.084 0.4088 1.0088 0.824 0.0152 0.7764 1.0804 -0.1468 0.3548 0.3784 0.9312 -1.2432 -0.244 0.5718 1.0818 0.924 -0.0228 0.8304 1.1244 -0.2048 0.3928 0.4724
0.51 -0.52 -0.47 -1.98 -2.22 1.6 -1.97 -1.97 1.9 -1.88 -2.16 0.24 -0.0800000000000001 -0.12 -0.96 0.402514971920682 0.539494871212868 1.50121265725193 -1.0596 -1.1744 0.782 -0.9994 -1.0394 0.948 -1.0176 -1.2232 0.0248 -0.1716 -0.1524 -0.5992 0.9192 1.0488 -0.724 0.9388 1.0588 -1.076 0.9352 1.0164 -0.1196 -0.0668 -0.00519999999999997 0.3784 0.7912 0.9768 -0.784 0.9518 0.9318 -0.976 0.7972 0.8704 -0.1756 -0.1248 -0.0172 0.3724
0.51 0.48 0.53 -1.98 -2.22 0.6 2.03 2.03 -0.1 2.12 1.84 2.24 1.92 -0.12 2.04 0.862746037214604 0.451430895892117 1.15187103960336 -1.0596 -1.1744 0.272 1.0406 1.0006 -0.072 1.0224 0.8168 1.0448 0.8484 -0.1524 0.9308 -1.0608 -1.1712 0.396 0.8888 1.0088 -0.136 0.9752 0.7764 1.0804 0.8132 -0.1252 0.8584 -1.1888 -1.2432 0.286 1.1018 1.0818 -0.136 1.0372 0.8304 1.1244 0.8552 -0.1372 1.0024
0.51 0.48 0.53 2.02 1.78 1.6 -1.97 2.03 1.9 2.12 0.84 2.24 1.92 0.88 2.04 1.69679384949472 2.43485856374819 3.20248669250032 0.9804 0.8656 0.782 -0.9994 1.0006 0.948 1.0224 0.3068 1.0448 0.8484 0.3576 0.9308 0.8592 0.7488 0.876 -1.0312 1.0088 0.824 0.9752 0.2964 1.0804 0.8132 0.3548 0.8584 0.9312 0.8768 0.816 -1.0182 1.0818 0.924 1.0372 0.3004 1.1244 0.8552 0.3928 1.0024
-0.49 -0.52 0.53 2.02 -1.22 1.6 1.03 -1.97 -0.1 0.12 -1.16 -1.76 -1.08 -1.12 -0.96 -0.351400703935496 0.559491406854071 1.34531603034071 -1.0396 0.5556 -0.818 -0.4994 0.9306 0.028 -0.1176 0.4468 0.7648 0.3984 0.4576 0.3608 -1.1608 0.5288 -0.724 -0.6212 1.0588 -0.036 -0.1048 0.4964 0.9204 0.4532 0.5148 0.3784 0.9312 -0.7132 0.816 0.5718 -1.0382 -0.136 -0.0228 -0.7596 -0.9956 -0.7348 -0.6672 -0.5876
0.51 0.48 0.53 2.02 1.78 -2.4 2.03 -0.97 -1.1 2.12 -0.16 2.24 1.92 0.88 2.04 1.54732174428082 1.26266870899215 2.72783672193851 0.9804 0.8656 -1.258 1.0406 -0.5294 -0.582 1.0224 -0.2032 1.0448 0.8484 0.3576 0.9308 0.8592 0.7488 -1.044 0.8888 -0.4312 -0.616 0.9752 -0.1836 1.0804 0.8132 0.3548 0.8584 0.9312 0.8768 -1.304 1.1018 -0.5082 -0.666 1.0372 -0.2296 1.1244 0.8552 0.3928 1.0024
0.51 0.48 0.53 -1.98 -0.22 1.6 1.03 2.03 -0.1 0.12 -0.16 -0.76 -0.0800000000000001 1.88 1.04 1.88239262207939 3.04736713285809 3.44784506745504 -1.0596 -0.1544 0.782 0.5306 1.0006 -0.072 0.00239999999999999 -0.2032 -0.4852 -0.1716 0.8676 0.4208 -1.0608 -0.2112 0.876 0.4088 1.0088 -0.136 0.0152 -0.1836 -0.3596 -0.1468 0.8348 0.3784 -1.1888 -0.1832 0.816 0.5718 1.0818 -0.136 -0.0228 -0.2296 -0.4656 -0.2048 0.9228 0.4724
0.51 -0.52 -0.47 -1.98 -2.22 -1.4 2.03 2.03 -1.1 2.12 0.84 1.24 1.92 1.88 1.04 0.74896074179101 0.31658921127683 1.50100115837229 -1.0596 -1.1744 -0.748 1.0406 1.0006 -0.582 1.0224 0.3068 0.5348 0.8484 0.8676 0.4208 0.9192 1.0488 0.836 -1.1412 -1.0212 0.484 -1.1448 -0.5436 -0.6396 -1.1068 -1.0452 -0.6616 0.7912 0.9768 0.626 -0.9282 -0.9482 0.434 -1.0828 -0.5396 -0.6456 -1.0648 -0.9572 -0.5676
0.51 0.48 0.53 2.02 -0.22 1.6 -0.97 1.03 0.9 -1.88 1.84 0.24 0.92 1.88 -1.96 1.25440233999996 1.12691465664525 1.0515493224344 0.9804 -0.1544 0.782 -0.4894 0.4906 0.438 -1.0176 0.8168 0.0248 0.3384 0.8676 -1.1092 0.8592 -0.2112 0.876 -0.5512 0.5288 0.344 -0.9448 0.7764 0.1204 0.3332 0.8348 -1.0616 0.9312 -0.1832 0.816 -0.4882 0.5518 0.394 -1.0828 0.8304 0.0644 0.3252 0.9228 -1.1176
-0.49 -0.52 -0.47 -1.98 -1.22 -2.4 0.03 -1.97 -2.1 -1.88 -0.16 -1.76 -1.08 -2.12 -1.96 0.145276441048278 0.780293277616247 -0.591576042167714 0.9204 0.5556 1.142 -0.00939999999999996 0.9306 1.008 0.8624 -0.0432 0.7648 0.3984 0.9476 0.8508 0.9192 0.5288 1.356 -0.1012 1.0588 1.004 0.9352 -0.0236 0.9204 0.4532 1.0348 0.8984 0.7912 0.5068 1.096 0.0118000000000001 0.9318 0.904 0.7972 -0.0696 0.7644 0.3452 0.9228 0.8424
-0.49 0.48 -0.47 0.02 1.78 -2.4 2.03 0.03 -2.1 -0.88 1.84 -1.76 0.92 0.88 1.04 1.21266832380821 1.41764591593711 2.1782787027846 -0.0596 -0.9144 1.142 -0.9894 -0.0494 1.008 0.3724 -1.0232 0.7648 -0.5816 -0.5224 -0.6192 -0.1008 0.7488 -1.044 0.8888 0.0488 -1.096 -0.4648 0.7764 -0.8396 0.3332 0.3548 0.3784 -0.1488 -0.9032 1.096 -0.9282 -0.00819999999999996 0.904 0.3272 -1.0096 0.7644 -0.5948 -0.4872 -0.5676
-0.49 -0.52 -0.47 -1.98 -2.22 -2.4 -1.97 1.03 1.9 -1.88 -2.16 0.24 -1.08 -0.12 -1.96 -0.802529235727487 0.110708725347756 1.28933192533925 0.9204 1.0456 1.142 0.9706 -0.5394 -0.952 0.8624 0.9368 -0.2152 0.3984 -0.0324 0.8508 0.9192 1.0488 1.356 0.9388 -0.5012 -1.076 0.9352 1.0164 -0.1196 0.4532 -0.00519999999999997 0.8984 0.7912 0.9768 1.096 0.9518 -0.4782 -0.976 0.7972 0.8704 -0.1756 0.3452 -0.0172 0.8424
0.51 -0.52 0.53 2.02 1.78 1.6 -1.97 2.03 -2.1 -0.88 1.84 1.24 -0.0800000000000001 0.88 1.04 0.889022241744493 0.727651627958037 0.509003307112038 0.9804 0.8656 0.782 -0.9994 1.0006 -1.092 -0.5076 0.8168 0.5348 -0.1716 0.3576 0.4208 -1.1608 -1.0312 -0.724 0.9388 -1.0212 1.004 0.4152 -1.0636 -0.6396 -0.0668 -0.5252 -0.6616 0.9312 0.8768 0.816 -1.0182 1.0818 -1.196 -0.5528 0.8304 0.5944 -0.2048 0.3928 0.4724
0.51 0.48 0.53 0.02 -1.22 1.6 2.03 0.03 0.9 0.12 1.84 0.24 1.92 -0.12 1.04 0.0418718312999335 1.27482452344161 1.99127588161654 -0.0396 -0.6644 0.782 1.0406 -0.0194 0.438 0.00239999999999999 0.8168 0.0248 0.8484 -0.1524 0.4208 -0.1008 -0.6912 0.876 0.8888 0.0488 0.344 0.0152 0.7764 0.1204 0.8132 -0.1252 0.3784 -0.1288 -0.7132 0.816 1.1018 0.0218 0.394 -0.0228 0.8304 0.0644 0.8552 -0.1372 0.4724
0.51 -0.52 -0.47 0.02 1.78 -1.4 0.03 0.03 -0.1 2.12 0.84 2.24 1.92 -0.12 2.04 -0.171599407321613 -0.601800188806257 0.0898602874571957 -0.0396 0.8656 -0.748 0.0206 -0.0194 -0.072 1.0224 0.3068 1.0448 0.8484 -0.1524 0.9308 -0.1208 -1.0312 0.836 -0.1012 0.0188 -0.036 -1.1448 -0.5436 -1.1596 -1.1068 -0.00519999999999997 -1.1816 -0.1488 -0.9032 0.626 0.0118000000000001 -0.00819999999999996 -0.036 -1.0828 -0.5396 -1.1156 -1.0648 -0.0172 -1.0376
