0.4 0.48 0.55 -1.87 -1.87 1.82 1.08 -1.98 1.72 -1.91 -1.99 2.17 -1.02 -2.16 -1.89 -0.0923595877162413 0.936986307069388 1.86185863165605 -0.686 -0.806 0.816 0.324 -0.894 0.666 -0.868 -0.752 0.846 -0.486 -0.898 -0.792 -1.0152 -0.9852 0.8672 0.5268 -0.9408 0.8012 -0.8436 -1.0604 0.9132 -0.5592 -1.0036 -0.8644 -1.167 -1.177 0.952 0.558 -1.218 0.832 -1.161 -1.139 1.137 -0.742 -1.186 -1.179
0.4 -0.52 0.55 1.13 -1.87 1.82 2.08 -1.98 1.72 -0.91 -1.99 -1.83 -2.02 -1.16 -1.89 0.228041490376258 -0.836258141759669 -0.227479670180359 0.514 -0.806 0.816 0.724 -0.894 0.666 -0.468 -0.752 -0.754 -0.886 -0.498 -0.792 -0.7052 0.8848 -0.9528 -1.0732 1.0392 -0.9188 0.5464 0.9296 0.8232 0.9808 0.6364 1.0256 0.483 -1.177 0.952 1.108 -1.218 0.832 -0.611 -1.139 -1.063 -1.292 -0.636 -1.179
-0.6 0.48 -0.45 0.13 0.13 1.82 1.08 -1.98 1.72 1.09 -0.99 -1.83 -0.02 1.84 -0.89 1.53249698195598 0.566369844181227 1.51249338914776 -0.016 -0.136 -1.004 -0.756 1.086 -1.054 -0.758 0.638 1.076 -0.066 -1.138 0.498 -0.0552 -0.0252 0.8672 0.5268 -0.9408 0.8012 0.5964 -0.5804 -1.0068 -0.0792 0.9164 -0.3844 -0.197 -0.207 -0.868 -0.522 0.762 -0.888 -0.601 0.401 0.767 -0.172 -0.826 0.261
0.4 0.48 0.55 2.13 2.13 -2.18 2.08 -1.98 1.72 -1.91 0.01 0.17 -0.02 -0.16 -1.89 1.46156045549669 1.10461879797395 0.671012991319627 0.914 0.794 -0.784 0.724 -0.894 0.666 -0.868 0.048 0.046 -0.086 -0.098 -0.792 0.9048 0.9348 -1.0528 1.0068 -0.9408 0.8012 -0.8436 -0.1004 -0.0468 -0.0792 -0.0436 -0.8644 1.033 1.023 -1.248 1.108 -1.218 0.832 -1.161 -0.039 0.037 -0.192 -0.086 -1.179
-0.6 0.48 0.55 2.13 1.13 1.82 2.08 2.02 0.72 1.09 2.01 0.17 1.98 -0.16 -1.89 -0.0363476032745788 1.30385512449468 2.97794913329463 -1.216 -0.736 -1.004 -1.356 -1.314 -0.454 -0.758 -1.162 -0.124 -1.266 0.062 1.098 0.9048 0.4548 0.8672 1.0068 0.9792 0.3212 0.5964 0.8596 -0.0468 0.8808 -0.0436 -0.8644 1.033 0.473 0.952 1.108 0.982 0.282 0.489 1.061 0.037 0.908 -0.086 -1.179
-0.6 -0.52 0.55 1.13 -1.87 1.82 1.08 -1.98 0.72 2.09 1.01 -1.83 1.98 0.84 1.11 1.71005610610818 0.744035549610107 2.22247280794627 -0.616 1.064 -1.004 -0.756 1.086 -0.454 -1.358 -0.562 1.076 -1.266 -0.538 -0.702 -0.7052 0.8848 -0.9528 -0.5532 1.0392 -0.3988 -1.0136 -0.6304 0.8232 -1.0992 -0.4036 -0.5344 0.483 -1.177 0.952 0.558 -1.218 0.282 1.039 0.511 -1.063 0.908 0.464 0.471
0.4 0.48 0.55 2.13 0.13 1.82 -1.92 1.02 -1.28 2.09 -0.99 -1.83 -0.02 -1.16 -0.89 -0.786990543759945 0.328755963908088 0.718280360653945 0.914 -0.00600000000000001 0.816 -0.876 0.306 -0.534 0.732 -0.352 -0.754 -0.086 -0.498 -0.392 0.9048 -0.0252 0.8672 -0.9132 0.4992 -0.6388 1.0764 -0.5804 -1.0068 -0.0792 -0.5236 -0.3844 1.033 -0.077 0.952 -1.092 0.432 -0.818 1.039 -0.589 -1.063 -0.192 -0.636 -0.629
0.4 0.48 0.55 -0.87 -1.87 0.82 -1.92 1.02 1.72 0.0900000000000001 2.01 2.17 1.98 0.84 2.11 0.99623223959147 2.02140622843259 1.61201078470794 -0.286 -0.806 0.416 -0.876 0.306 0.666 -0.068 0.848 0.846 0.714 0.302 0.808 -0.5352 -0.9852 0.3872 -0.9132 0.4992 0.8012 0.1164 0.8596 0.9132 0.8808 0.4364 1.0556 -0.617 -1.177 0.402 -1.092 0.432 0.832 -0.061 1.061 1.137 0.908 0.464 1.021
0.4 0.48 0.55 -1.87 -1.87 0.82 -1.92 2.02 0.72 -1.91 -0.99 2.17 1.98 -2.16 2.11 0.501859996611728 2.34569321043473 0.75824840754576 -0.686 -0.806 0.416 -0.876 0.706 0.266 -0.868 -0.352 0.846 0.714 -0.898 0.808 -1.0152 -0.9852 0.3872 -0.9132 0.9792 0.3212 -0.8436 -0.5804 0.9132 0.8808 -1.0036 1.0556 -1.167 -1.177 0.402 -1.092 0.982 0.282 -1.161 -0.589 1.137 0.908 -1.186 1.021
0.4 -0.52 -0.45 -1.87 -1.87 -2.18 -1.92 -0.98 1.72 -0.91 0.01 -1.83 -2.02 -2.16 -0.89 -0.638540671881837 0.654107737035224 1.21781772802136 -0.686 -0.806 -0.784 -0.876 -0.494 0.666 -0.468 0.048 -0.754 -0.886 -0.898 -0.392 0.8548 0.8848 1.1272 1.0068 0.5192 -0.9188 0.5464 -0.1104 0.8232 0.9808 1.1564 0.5056 0.703 0.693 0.932 0.828 0.312 -0.888 0.299 -0.049 0.767 0.728 0.974 0.261
0.4 0.48 0.55 -0.87 1.13 -2.18 1.08 2.02 1.72 0.0900000000000001 2.01 2.17 1.98 1.84 0.11 -0.454481008672758 1.53853633488442 2.11408637596366 -0.286 0.394 -0.784 0.324 0.706 0.666 -0.068 0.848 0.846 0.714 0.702 0.00799999999999998 -0.5352 0.4548 -1.0528 0.5268 0.9792 0.8012 0.1164 0.8596 0.9132 0.8808 0.9164 0.0956 -0.617 0.473 -1.248 0.558 0.982 0.832 -0.061 1.061 1.137 0.908 1.014 -0.079
0.4 -0.52 -0.45 -1.87 -1.87 0.82 -1.92 -1.98 -2.28 -1.91 -1.99 -1.83 -1.02 -2.16 -1.89 0.475899207154891 0.413967886697895 -1.33955556140193 -0.686 -0.806 0.416 -0.876 -0.894 -0.934 -0.868 -0.752 -0.754 -0.486 -0.898 -0.792 0.8548 0.8848 -0.4328 1.0068 1.0392 1.1612 1.0664 0.9296 0.8232 0.4608 1.1564 1.0256 0.703 0.693 -0.418 0.828 0.762 0.912 0.749 0.851 0.767 0.278 0.974 0.711
-0.6 0.48 0.55 -0.87 0.13 -1.18 -1.92 2.02 -0.28 -1.91 0.01 1.17 -2.02 -2.16 0.11 0.840234220121689 0.744757120822005 0.667745108918717 0.584 -0.136 0.796 1.044 -1.314 0.146 1.042 0.038 -0.724 1.134 1.262 -0.102 -0.5352 -0.0252 -0.5728 -0.9132 0.9792 -0.1588 -0.8436 -0.1004 0.4332 -1.0392 -1.0036 0.0956 -0.617 -0.077 -0.698 -1.092 0.982 -0.268 -1.161 -0.039 0.587 -1.292 -1.186 -0.079
0.4 0.48 0.55 2.13 2.13 0.82 -1.92 2.02 -1.28 1.09 0.01 2.17 -0.02 1.84 0.11 0.475630168205728 1.53038449213723 0.125982616264881 0.914 0.794 0.416 -0.876 0.706 -0.534 0.332 0.048 0.846 -0.086 0.702 0.00799999999999998 0.9048 0.9348 0.3872 -0.9132 0.9792 -0.6388 0.5964 -0.1004 0.9132 -0.0792 0.9164 0.0956 1.033 1.023 0.402 -1.092 0.982 -0.818 0.489 -0.039 1.137 -0.192 1.014 -0.079
-0.6 0.48 -0.45 2.13 -1.87 1.82 2.08 -1.98 1.72 1.09 1.01 2.17 0.98 -0.16 -1.89 -1.00970485410162 -0.475481897792176 -0.496822668977277 -1.216 1.064 -1.004 -1.356 1.086 -1.054 -0.758 -0.562 -1.324 -0.666 0.062 1.098 0.9048 -0.9852 0.8672 1.0068 -0.9408 0.8012 0.5964 0.3796 0.9132 0.4008 -0.0436 -0.8644 -1.097 0.693 -0.868 -0.972 0.762 -0.888 -0.601 -0.499 -1.033 -0.622 0.074 0.711
-0.6 -0.52 0.55 -1.87 1.13 0.82 -0.92 1.02 1.72 2.09 2.01 -0.83 0.98 -2.16 0.11 2.43055969576026 2.8924739904102 3.24417016697323 1.184 -0.736 -0.404 0.444 -0.714 -1.054 -1.358 -1.162 0.476 -0.666 1.262 -0.102 0.8548 -0.6752 -0.4328 0.4868 -0.5208 -0.9188 -1.0136 -1.1504 0.3032 -0.5792 1.1564 -0.0144 -1.167 0.473 0.402 -0.542 0.432 0.832 1.039 1.061 -0.513 0.358 -1.186 -0.079
-0.6 0.48 -0.45 2.13 -1.87 1.82 -1.92 -1.98 -0.28 -0.91 0.01 1.17 -1.02 -1.16 0.11 2.31259025435474 0.584678357855974 2.3321178236927 -1.216 1.064 -1.004 1.044 1.086 0.146 0.442 0.038 -0.724 0.534 0.662 -0.102 0.9048 -0.9852 0.8672 -0.9132 -0.9408 -0.1588 -0.3636 -0.1004 0.4332 -0.5592 -0.5236 0.0956 -1.097 0.693 -0.868 0.828 0.762 0.012 0.299 -0.049 -0.583 0.278 0.524 -0.189
0.4 0.48 0.55 -0.87 1.13 1.82 -0.92 -0.98 -1.28 0.0900000000000001 2.01 -1.83 1.98 0.84 1.11 0.864817245827698 -0.187734542343701 1.08520344892126 -0.286 0.394 0.816 -0.476 -0.494 -0.534 -0.068 0.848 -0.754 0.714 0.302 0.408 -0.5352 0.4548 0.8672 -0.4332 -0.4608 -0.6388 0.1164 0.8596 -1.0068 0.8808 0.4364 0.5756 -0.617 0.473 0.952 -0.542 -0.668 -0.818 -0.061 1.061 -1.063 0.908 0.464 0.471
-0.6 -0.52 -0.45 -1.87 2.13 1.82 0.0800000000000001 -1.98 0.72 -1.91 -1.99 -1.83 -2.02 -2.16 -1.89 0.62754752117888 0.101771369956885 0.136404859281129 1.184 -1.336 -1.004 -0.156 1.086 -0.454 1.042 1.238 1.076 1.134 1.262 1.098 0.8548 -1.1952 -0.9528 -0.0332 1.0392 -0.3988 1.0664 0.9296 0.8232 0.9808 1.1564 1.0256 0.703 -1.107 -0.868 -0.072 0.762 -0.438 0.749 0.851 0.767 0.728 0.974 0.711
0.4 -0.52 -0.45 -1.87 -1.87 -1.18 -1.92 1.02 1.72 2.09 -1.99 -1.83 -1.02 1.84 0.11 1.70289630988116 1.28338419924503 1.02810754860112 -0.686 -0.806 -0.384 -0.876 0.306 0.666 0.732 -0.752 -0.754 -0.486 0.702 0.00799999999999998 0.8548 0.8848 0.6072 1.0068 -0.5208 -0.9188 -1.0136 0.9296 0.8232 0.4608 -0.9236 -0.0144 0.703 0.693 0.482 0.828 -0.588 -0.888 -1.051 0.851 0.767 0.278 -0.826 -0.189
-0.6 0.48 0.55 2.13 2.13 -1.18 -1.92 0.02 -2.28 -1.91 0.01 1.17 1.98 -0.16 2.11 1.45389199128357 2.39163584819562 4.45799096335668 -1.216 -1.336 0.796 1.044 -0.114 1.346 1.042 0.038 -0.724 -1.266 0.062 -1.302 0.9048 0.9348 -0.5728 -0.9132 0.0192 -1.1188 -0.8436 -0.1004 0.4332 0.8808 -0.0436 1.0556 1.033 1.023 -0.698 -1.092 -0.118 -1.368 -1.161 -0.039 0.587 0.908 -0.086 1.021
0.4 -0.52 -0.45 -1.87 -1.87 1.82 2.08 1.02 1.72 2.09 0.01 -0.83 0.98 1.84 2.11 -0.049915920277305 -0.480709558810624 1.98413839059484 -0.686 -0.806 0.816 0.724 0.306 0.666 0.732 0.048 -0.354 0.314 0.702 0.808 0.8548 0.8848 -0.9528 -1.0732 -0.5208 -0.9188 -1.0136 -0.1104 0.3032 -0.5792 -0.9236 -1.0544 0.703 0.693 -0.868 -0.972 -0.588 -0.888 -1.051 -0.049 0.317 -0.622 -0.826 -1.089
0.4 -0.52 0.55 0.13 -1.87 -2.18 0.0800000000000001 -0.98 1.72 -1.91 -1.99 1.17 -1.02 -2.16 1.11 2.29972256213963 1.83658428678654 1.31205951038517 0.114 -0.806 -0.784 -0.076 -0.494 0.666 -0.868 -0.752 0.446 -0.486 -0.898 0.408 -0.1852 0.8848 1.1272 -0.0332 0.5192 -0.9188 1.0664 0.9296 -0.7368 0.4608 1.1564 -0.5344 -0.067 -1.177 -1.248 0.00800000000000001 -0.668 0.832 -1.161 -1.139 0.587 -0.742 -1.186 0.471
0.4 -0.52 -0.45 -1.87 2.13 -1.18 0.0800000000000001 2.02 -1.28 2.09 1.01 -0.83 0.98 1.84 1.11 1.57249109697688 2.54720290703693 2.74713399064928 -0.686 0.794 -0.384 -0.076 0.706 -0.534 0.732 0.448 -0.354 0.314 0.702 0.408 0.8548 -1.1952 0.6072 -0.0332 -1.0408 0.6412 -1.0136 -0.6304 0.3032 -0.5792 -0.9236 -0.5344 0.703 -1.107 0.482 -0.072 -1.038 0.462 -1.051 -0.499 0.317 -0.622 -0.826 -0.639
0.4 -0.52 -0.45 -1.87 2.13 1.82 2.08 0.02 -1.28 -1.91 -0.99 -1.83 -2.02 -1.16 -1.89 1.26786810063924 1.23422014634223 -0.179323688328741 -0.686 0.794 0.816 0.724 -0.094 -0.534 -0.868 -0.352 -0.754 -0.886 -0.498 -0.792 0.8548 -1.1952 -0.9528 -1.0732 -0.000800000000000032 0.6412 1.0664 0.4096 0.8232 0.9808 0.6364 1.0256 0.703 -1.107 -0.868 -0.972 -0.138 0.462 0.749 0.401 0.767 0.728 0.524 0.711
-0.6 -0.52 -0.45 1.13 -0.87 0.82 -1.92 -1.98 -0.28 -1.91 -1.99 -1.83 -2.02 -0.16 -1.89 1.64808613158681 -0.511272976523677 0.312634113566544 -0.616 0.464 -0.404 1.044 1.086 0.146 1.042 1.238 1.076 1.134 0.062 1.098 -0.7052 0.3648 -0.4328 1.0068 1.0392 0.1212 1.0664 0.9296 0.8232 0.9808 0.1164 1.0256 -0.647 0.243 -0.418 0.828 0.762 0.012 0.749 0.851 0.767 0.728 0.074 0.711
0.4 0.48 -0.45 -0.87 1.13 -2.18 -0.92 2.02 1.72 0.0900000000000001 1.01 -0.83 -0.02 1.84 0.11 2.2778263816558 -0.6697734051046 1.71348594801591 -0.286 0.394 -0.784 -0.476 0.706 0.666 -0.068 0.448 -0.354 -0.086 0.702 0.00799999999999998 -0.5352 0.4548 -1.0528 -0.4332 0.9792 0.8012 0.1164 0.3796 -0.5268 -0.0792 0.9164 0.0956 0.253 -0.657 0.932 0.378 -1.038 -0.888 -0.151 -0.499 0.317 -0.172 -0.826 -0.189
-0.6 -0.52 0.55 2.13 2.13 -2.18 0.0800000000000001 -0.98 1.72 -0.91 1.01 -0.83 -0.02 1.84 2.11 0.705133642581821 2.63498987376746 2.51451301022629 -1.216 -1.336 1.396 -0.156 0.486 -1.054 0.442 -0.562 0.476 -0.066 -1.138 -1.302 -1.2252 -1.1952 1.1272 -0.0332 0.5192 -0.9188 0.5464 -0.6304 0.3032 -0.0592 -0.9236 -1.0544 1.033 1.023 -1.248 0.00800000000000001 -0.668 0.832 -0.611 0.511 -0.513 -0.192 1.014 1.021
-0.6 -0.52 -0.45 -1.87 0.13 -0.18 2.08 -0.98 1.72 2.09 0.01 2.17 -0.02 1.84 -0.89 0.0392127986837862 -1.72621629903769 0.842721284146171 1.184 -0.136 0.196 -1.356 0.486 -1.054 -1.358 0.038 -1.324 -0.066 -1.138 0.498 0.8548 -0.1552 0.0872 -1.0732 0.5192 -0.9188 -1.0136 -0.1104 -1.2568 -0.0592 -0.9236 0.5056 0.703 -0.207 0.032 -0.972 0.312 -0.888 -1.051 -0.049 -1.033 -0.172 -0.826 0.261
0.4 -0.52 0.55 -0.87 -1.87 -0.18 2.08 1.02 -1.28 0.0900000000000001 2.01 -1.83 -2.02 -2.16 0.11 -0.350567815695064 1.04950477779515 1.00381485799091 -0.286 -0.806 0.016 0.724 0.306 -0.534 -0.068 0.848 -0.754 -0.886 -0.898 0.00799999999999998 0.3348 0.8848 0.0872 -1.0732 -0.5208 0.6412 0.0264 -1.1504 0.8232 0.9808 1.1564 -0.0144 -0.617 -1.177 -0.148 1.108 0.432 -0.818 -0.061 1.061 -1.063 -1.292 -1.186 -0.079
-0.6 0.48 0.55 0.13 2.13 1.82 -0.92 0.02 -2.28 0.0900000000000001 -0.99 -0.83 0.98 -0.16 -0.89 0.345383513190583 -0.703502745798321 -0.371962000112959 -0.016 -1.336 -1.004 0.444 -0.114 1.346 -0.158 0.638 0.476 -0.666 0.062 0.498 -0.0552 0.9348 0.8672 -0.4332 0.0192 -1.1188 0.1164 -0.5804 -0.5268 0.4008 -0.0436 -0.3844 -0.067 1.023 0.952 -0.542 -0.118 -1.368 -0.061 -0.589 -0.513 0.358 -0.086 -0.629
-0.6 -0.52 -0.45 -1.87 -1.87 1.82 1.08 2.02 1.72 -1.91 -1.99 -1.83 -2.02 -0.16 0.11 -1.30759403017978 -0.208407522579489 -0.751939783101355 1.184 1.064 -1.004 -0.756 -1.314 -1.054 1.042 1.238 1.076 1.134 0.062 -0.102 0.8548 0.8848 -0.9528 -0.5532 -1.0408 -0.9188 1.0664 0.9296 0.8232 0.9808 0.1164 -0.0144 0.703 0.693 -0.868 -0.522 -1.038 -0.888 0.749 0.851 0.767 0.728 0.074 -0.189
0.4 -0.52 -0.45 2.13 -1.87 1.82 -1.92 0.02 -2.28 -1.91 -0.99 -1.83 -2.02 -2.16 -1.89 1.30571191491327 2.74800516836905 1.91987505105117 0.914 -0.806 0.816 -0.876 -0.094 -0.934 -0.868 -0.352 -0.754 -0.886 -0.898 -0.792 -1.2252 0.8848 -0.9528 1.0068 -0.000800000000000032 1.1612 1.0664 0.4096 0.8232 0.9808 1.1564 1.0256 -1.097 0.693 -0.868 0.828 -0.138 0.912 0.749 0.401 0.767 0.728 0.974 0.711
0.4 0.48 0.55 -0.87 -0.87 0.82 -0.92 1.02 -0.28 2.09 -0.99 2.17 -0.02 1.84 1.11 0.92563808803167 1.71638363405254 1.80348096678016 -0.286 -0.406 0.416 -0.476 0.306 -0.134 0.732 -0.352 0.846 -0.086 0.702 0.408 -0.5352 -0.5052 0.3872 -0.4332 0.4992 -0.1588 1.0764 -0.5804 0.9132 -0.0792 0.9164 0.5756 -0.617 -0.627 0.402 -0.542 0.432 -0.268 1.039 -0.589 1.137 -0.192 1.014 0.471
0.4 0.48 -0.45 -0.87 2.13 -2.18 -1.92 0.02 1.72 -1.91 0.01 -1.83 -2.02 -2.16 0.11 -0.0225019555063466 2.3521608984964 2.32017046348333 -0.286 0.794 -0.784 -0.876 -0.094 0.666 -0.868 0.048 -0.754 -0.886 -0.898 0.00799999999999998 -0.5352 0.9348 -1.0528 -0.9132 0.0192 0.8012 -0.8436 -0.1004 -1.0068 -1.0392 -1.0036 0.0956 0.253 -1.107 0.932 0.828 -0.138 -0.888 0.749 -0.049 0.767 0.728 0.974 -0.189
-0.6 0.48 -0.45 -1.87 2.13 -2.18 -0.92 1.02 -2.28 -1.91 2.01 -1.83 0.98 0.84 -0.89 -0.938642020475454 -0.603148990666832 0.890627339133808 1.184 -1.336 1.396 0.444 -0.714 1.346 1.042 -1.162 1.076 -0.666 -0.538 0.498 -1.0152 0.9348 -1.0528 -0.4332 0.4992 -1.1188 -0.8436 0.8596 -1.0068 0.4008 0.4364 -0.3844 0.703 -1.107 0.932 0.378 -0.588 0.912 0.749 -0.949 0.767 -0.622 -0.376 0.261
-0.6 -0.52 -0.45 -1.87 -1.87 0.82 -1.92 0.02 0.72 0.0900000000000001 -0.99 0.17 -2.02 -1.16 -1.89 0.305500985803905 0.849403635994108 1.26398696277072 1.184 1.064 -0.404 1.044 -0.114 -0.454 -0.158 0.638 -0.124 1.134 0.662 1.098 0.8548 0.8848 -0.4328 1.0068 -0.000800000000000032 -0.3988 0.0264 0.4096 -0.2168 0.9808 0.6364 1.0256 0.703 0.693 -0.418 0.828 -0.138 -0.438 -0.151 0.401 -0.133 0.728 0.524 0.711
0.4 -0.52 0.55 2.13 -1.87 -0.18 1.08 -1.98 -2.28 1.09 -1.99 -1.83 0.98 -0.16 0.11 1.39765123601367 0.588181144866957 1.07889833242655 0.914 -0.806 0.016 0.324 -0.894 -0.934 0.332 -0.752 -0.754 0.314 -0.098 0.00799999999999998 -1.2252 0.8848 0.0872 -0.5532 1.0392 1.1612 -0.4936 0.9296 0.8232 -0.5792 0.1164 -0.0144 1.033 -1.177 -0.148 0.558 -1.218 -1.368 0.489 -1.139 -1.063 0.358 -0.086 -0.079
0.4 0.48 -0.45 1.13 -1.87 -2.18 0.0800000000000001 0.02 -0.28 -1.91 0.01 -1.83 -0.02 -0.16 -1.89 1.36085916823381 2.94345298590069 1.2864171611366 0.514 -0.806 -0.784 -0.076 -0.094 -0.134 -0.868 0.048 -0.754 -0.086 -0.098 -0.792 0.4248 -0.9852 -1.0528 0.0468 0.0192 -0.1588 -0.8436 -0.1004 -1.0068 -0.0792 -0.0436 -0.8644 -0.647 0.693 0.932 -0.072 -0.138 0.012 0.749 -0.049 0.767 -0.172 0.074 0.711
0.4 0.48 0.55 2.13 2.13 -0.18 1.08 2.02 1.72 1.09 2.01 2.17 0.98 1.84 2.11 2.50626159836165 3.09077630740913 3.86308164360458 0.914 0.794 0.016 0.324 0.706 0.666 0.332 0.848 0.846 0.314 0.702 0.808 0.9048 0.9348 -0.0928 0.5268 0.9792 0.8012 0.5964 0.8596 0.9132 0.4008 0.9164 1.0556 1.033 1.023 -0.148 0.558 0.982 0.832 0.489 1.061 1.137 0.358 1.014 1.021
-0.6 0.48 -0.45 2.13 -1.87 -2.18 1.08 -1.98 -2.28 -1.91 2.01 0.17 -2.02 -2.16 0.11 0.380304736517301 -0.547787557788316 -0.519720195060379 -1.216 1.064 1.396 -0.756 1.086 1.346 1.042 -1.162 -0.124 1.134 1.262 -0.102 0.9048 -0.9852 -1.0528 0.5268 -0.9408 -1.1188 -0.8436 0.8596 -0.0468 -1.0392 -1.0036 0.0956 -1.097 0.693 0.932 -0.522 0.762 0.912 0.749 -0.949 -0.133 0.728 0.974 -0.189
0.4 -0.52 -0.45 -0.87 -0.87 -0.18 0.0800000000000001 -1.98 -2.28 2.09 2.01 1.17 -1.02 0.84 -1.89 -0.366038216203684 -0.491655864294215 0.358012745879607 -0.286 -0.406 0.016 -0.076 -0.894 -0.934 0.732 0.848 0.446 -0.486 0.302 -0.792 0.3348 0.3648 0.0872 -0.0332 1.0392 1.1612 -1.0136 -1.1504 -0.7368 0.4608 -0.4036 1.0256 0.253 0.243 0.032 -0.072 0.762 0.912 -1.051 -0.949 -0.583 0.278 -0.376 0.711
-0.6 -0.52 0.55 -1.87 2.13 1.82 0.0800000000000001 1.02 1.72 2.09 2.01 2.17 1.98 1.84 2.11 0.773637474782401 1.83739566304378 1.60735339107838 1.184 -1.336 -1.004 -0.156 -0.714 -1.054 -1.358 -1.162 -1.324 -1.266 -1.138 -1.302 0.8548 -1.1952 -0.9528 -0.0332 -0.5208 -0.9188 -1.0136 -1.1504 -1.2568 -1.0992 -0.9236 -1.0544 -1.167 1.023 0.952 0.00800000000000001 0.432 0.832 1.039 1.061 1.137 0.908 1.014 1.021
-0.6 -0.52 -0.45 2.13 -1.87 -2.18 0.0800000000000001 0.02 -1.28 0.0900000000000001 1.01 2.17 -0.02 -0.16 0.11 1.26109454378468 1.77582618874098 1.85876669299825 -1.216 1.064 1.396 -0.156 -0.114 0.746 -0.158 -0.562 -1.324 -0.066 0.062 -0.102 -1.2252 0.8848 1.1272 -0.0332 -0.000800000000000032 0.6412 0.0264 -0.6304 -1.2568 -0.0592 0.1164 -0.0144 -1.097 0.693 0.932 -0.072 -0.138 0.462 -0.151 -0.499 -1.033 -0.172 0.074 -0.189
0.4 0.48 0.55 2.13 2.13 -1.18 1.08 -1.98 0.72 1.09 2.01 -0.83 1.98 1.84 2.11 0.717728336755311 2.36228576220241 0.63007439614383 0.914 0.794 -0.384 0.324 -0.894 0.266 0.332 0.848 -0.354 0.714 0.702 0.808 0.9048 0.9348 -0.5728 0.5268 -0.9408 0.3212 0.5964 0.8596 -0.5268 0.8808 0.9164 1.0556 1.033 1.023 -0.698 0.558 -1.218 0.282 0.489 1.061 -0.513 0.908 1.014 1.021
-0.6 0.48 0.55 -1.87 -0.87 1.82 0.0800000000000001 -1.98 1.72 -1.91 -1.99 -0.83 1.98 -1.16 2.11 1.29364238827994 2.00161770357631 1.42220932326006 1.184 0.464 -1.004 -0.156 1.086 -1.054 1.042 1.238 0.476 -1.266 0.662 -1.302 -1.0152 -0.5052 0.8672 0.0468 -0.9408 0.8012 -0.8436 -1.0604 -0.5268 0.8808 -0.5236 1.0556 -1.167 -0.627 0.952 0.00800000000000001 -1.218 0.832 -1.161 -1.139 -0.513 0.908 -0.636 1.021
-0.6 -0.52 -0.45 -1.87 -1.87 -2.18 -1.92 -1.98 -2.28 -1.91 -1.99 -1.83 -1.02 -1.16 1.11 -0.668447462104658 0.763900950676127 0.803882479035197 1.184 1.064 1.396 1.044 1.086 1.346 1.042 1.238 1.076 0.534 0.662 -0.702 0.8548 0.8848 1.1272 1.0068 1.0392 1.1612 1.0664 0.9296 0.8232 0.4608 0.6364 -0.5344 0.703 0.693 0.932 0.828 0.762 0.912 0.749 0.851 0.767 0.278 0.524 -0.639
0.4 0.48 0.55 -1.87 -1.87 -2.18 2.08 2.02 1.72 2.09 -1.99 -0.83 -2.02 -0.16 -0.89 -1.25129283268243 0.187547440634092 -0.530241808351334 -0.686 -0.806 -0.784 0.724 0.706 0.666 0.732 -0.752 -0.354 -0.886 -0.098 -0.392 -1.0152 -0.9852 -1.0528 1.0068 0.9792 0.8012 1.0764 -1.0604 -0.5268 -1.0392 -0.0436 -0.3844 -1.167 -1.177 -1.248 1.108 0.982 0.832 1.039 -1.139 -0.513 -1.292 -0.086 -0.629
-0.6 0.48 -0.45 2.13 -1.87 1.82 1.08 2.02 0.72 -0.91 2.01 2.17 -0.02 0.84 2.11 1.71995755306088 2.08082858768586 2.58042282004411 -1.216 1.064 -1.004 -0.756 -1.314 -0.454 0.442 -1.162 -1.324 -0.066 -0.538 -1.302 0.9048 -0.9852 0.8672 0.5268 0.9792 0.3212 -0.3636 0.8596 0.9132 -0.0792 0.4364 1.0556 -1.097 0.693 -0.868 -0.522 -1.038 -0.438 0.299 -0.949 -1.033 -0.172 -0.376 -1.089
0.4 0.48 0.55 1.13 2.13 1.82 -1.92 2.02 1.72 -1.91 0.01 -0.83 1.98 -2.16 -0.89 0.476603556070268 0.590704336634029 0.958486948270388 0.514 0.794 0.816 -0.876 0.706 0.666 -0.868 0.048 -0.354 0.714 -0.898 -0.392 0.4248 0.9348 0.8672 -0.9132 0.9792 0.8012 -0.8436 -0.1004 -0.5268 0.8808 -1.0036 -0.3844 0.483 1.023 0.952 -1.092 0.982 0.832 -1.161 -0.039 -0.513 0.908 -1.186 -0.629
0.4 -0.52 0.55 2.13 0.13 1.82 -1.92 2.02 1.72 2.09 2.01 -1.83 -0.02 1.84 0.11 1.33692786590582 2.22876422152259 2.99136536697555 0.914 -0.00600000000000001 0.816 -0.876 0.706 0.666 0.732 0.848 -0.754 -0.086 0.702 0.00799999999999998 -1.2252 -0.1552 -0.9528 1.0068 -1.0408 -0.9188 -1.0136 -1.1504 0.8232 -0.0592 -0.9236 -0.0144 1.033 -0.077 0.952 -1.092 0.982 0.832 1.039 1.061 -1.063 -0.192 1.014 -0.079
-0.6 -0.52 -0.45 -0.87 -1.87 0.82 -1.92 -0.98 -2.28 -0.91 0.01 -1.83 1.98 1.84 2.11 1.98020400220818 0.418686388393157 1.4191069523984 0.584 1.064 -0.404 1.044 0.486 1.346 0.442 0.038 1.076 -1.266 -1.138 -1.302 0.3348 0.8848 -0.4328 1.0068 0.5192 1.1612 0.5464 -0.1104 0.8232 -1.0992 -0.9236 -1.0544 0.253 0.693 -0.418 0.828 0.312 0.912 0.299 -0.049 0.767 -1.072 -0.826 -1.089
0.4 0.48 -0.45 2.13 2.13 -0.18 -1.92 -1.98 0.72 -1.91 -0.99 2.17 1.98 0.84 -0.89 -0.782396978671802 0.0589337174812486 -0.495934075137331 0.914 0.794 0.016 -0.876 -0.894 0.266 -0.868 -0.352 0.846 0.714 0.302 -0.392 0.9048 0.9348 -0.0928 -0.9132 -0.9408 0.3212 -0.8436 -0.5804 0.9132 0.8808 0.4364 -0.3844 -1.097 -1.107 0.032 0.828 0.762 -0.438 0.749 0.401 -1.033 -1.072 -0.376 0.261
0.4 0.48 -0.45 -0.87 -0.87 1.82 0.0800000000000001 -1.98 -1.28 2.09 0.01 -0.83 0.98 1.84 -0.89 -0.418309673625215 -2.04809062253865 -0.857717408714115 -0.286 -0.406 0.816 -0.076 -0.894 -0.534 0.732 0.048 -0.354 0.314 0.702 -0.392 -0.5352 -0.5052 0.8672 0.0468 -0.9408 -0.6388 1.0764 -0.1004 -0.5268 0.4008 0.9164 -0.3844 0.253 0.243 -0.868 -0.072 0.762 0.462 -1.051 -0.049 0.317 -0.622 -0.826 0.261
0.4 -0.52 -0.45 -0.87 2.13 -1.18 -1.92 -1.98 -0.28 1.09 -0.99 -0.83 0.98 0.84 -0.89 1.01215420260891 -0.0216859026614184 -0.479727127184263 -0.286 0.794 -0.384 -0.876 -0.894 -0.134 0.332 -0.352 -0.354 0.314 0.302 -0.392 0.3348 -1.1952 0.6072 1.0068 1.0392 0.1212 -0.4936 0.4096 0.3032 -0.5792 -0.4036 0.5056 0.253 -1.107 0.482 0.828 0.762 0.012 -0.601 0.401 0.317 -0.622 -0.376 0.261
-0.6 -0.52 -0.45 2.13 -0.87 -1.18 -1.92 0.02 -2.28 -1.91 -0.99 -1.83 -2.02 -2.16 -1.89 -0.712251386401383 -0.934065149910779 -0.754252509759788 -1.216 0.464 0.796 1.044 -0.114 1.346 1.042 0.638 1.076 1.134 1.262 1.098 -1.2252 0.3648 0.6072 1.0068 -0.000800000000000032 1.1612 1.0664 0.4096 0.8232 0.9808 1.1564 1.0256 -1.097 0.243 0.482 0.828 -0.138 0.912 0.749 0.401 0.767 0.728 0.974 0.711
-0.6 -0.52 -0.45 2.13 -1.87 1.82 2.08 -0.98 1.72 1.09 2.01 2.17 1.98 1.84 2.11 0.434030921166616 1.14206296532436 1.39862490849761 -1.216 1.064 -1.004 -1.356 0.486 -1.054 -0.758 -1.162 -1.324 -1.266 -1.138 -1.302 -1.2252 0.8848 -0.9528 -1.0732 0.5192 -0.9188 -0.4936 -1.1504 -1.2568 -1.0992 -0.9236 -1.0544 -1.097 0.693 -0.868 -0.972 0.312 -0.888 -0.601 -0.949 -1.033 -1.072 -0.826 -1.089
0.4 0.48 -0.45 -1.87 -0.87 -1.18 -0.92 -1.98 -2.28 -1.91 2.01 -1.83 -1.02 -1.16 -1.89 -0.0441009300488032 -0.492901473405868 1.32763522708981 -0.686 -0.406 -0.384 -0.476 -0.894 -0.934 -0.868 0.848 -0.754 -0.486 -0.498 -0.792 -1.0152 -0.5052 -0.5728 -0.4332 -0.9408 -1.1188 -0.8436 0.8596 -1.0068 -0.5592 -0.5236 -0.8644 0.703 0.243 0.482 0.378 0.762 0.912 0.749 -0.949 0.767 0.278 0.524 0.711
0.4 -0.52 -0.45 -1.87 -0.87 -0.18 0.0800000000000001 2.02 1.72 -1.91 -1.99 -0.83 0.98 -1.16 2.11 0.460676617871962 0.441864325347933 0.781534478487242 -0.686 -0.406 0.016 -0.076 0.706 0.666 -0.868 -0.752 -0.354 0.314 -0.498 0.808 0.8548 0.3648 0.0872 -0.0332 -1.0408 -0.9188 1.0664 0.9296 0.3032 -0.5792 0.6364 -1.0544 0.703 0.243 0.032 -0.072 -1.038 -0.888 0.749 0.851 0.317 -0.622 0.524 -1.089
-0.6 0.48 0.55 2.13 -1.87 0.82 -1.92 2.02 1.72 1.09 -0.99 0.17 -2.02 -0.16 0.11 -0.590937615239607 -0.100982699386604 0.650649931104812 -1.216 1.064 -0.404 1.044 -1.314 -1.054 -0.758 0.638 -0.124 1.134 0.062 -0.102 0.9048 -0.9852 0.3872 -0.9132 0.9792 0.8012 0.5964 -0.5804 -0.0468 -1.0392 -0.0436 0.0956 1.033 -1.177 0.402 -1.092 0.982 0.832 0.489 -0.589 0.037 -1.292 -0.086 -0.079
0.4 0.48 0.55 -1.87 2.13 -2.18 -0.92 1.02 -0.28 -1.91 -0.99 2.17 -2.02 -1.16 -0.89 -0.203426417292488 0.239519086068778 1.59261308447084 -0.686 0.794 -0.784 -0.476 0.306 -0.134 -0.868 -0.352 0.846 -0.886 -0.498 -0.392 -1.0152 0.9348 -1.0528 -0.4332 0.4992 -0.1588 -0.8436 -0.5804 0.9132 -1.0392 -0.5236 -0.3844 -1.167 1.023 -1.248 -0.542 0.432 -0.268 -1.161 -0.589 1.137 -1.292 -0.636 -0.629
0.4 0.48 0.55 -1.87 2.13 -1.18 1.08 1.02 1.72 2.09 -0.99 2.17 1.98 -1.16 2.11 1.76817478781132 1.52933492203968 0.771217944409305 -0.686 0.794 -0.384 0.324 0.306 0.666 0.732 -0.352 0.846 0.714 -0.498 0.808 -1.0152 0.9348 -0.5728 0.5268 0.4992 0.8012 1.0764 -0.5804 0.9132 0.8808 -0.5236 1.0556 -1.167 1.023 -0.698 0.558 0.432 0.832 1.039 -0.589 1.137 0.908 -0.636 1.021
0.4 0.48 0.55 0.13 2.13 -0.18 1.08 -1.98 -1.28 1.09 2.01 0.17 0.98 1.84 2.11 0.616816542265125 1.0858264380393 1.14129500960956 0.114 0.794 0.016 0.324 -0.894 -0.534 0.332 0.848 0.046 0.314 0.702 0.808 -0.0552 0.9348 -0.0928 0.5268 -0.9408 -0.6388 0.5964 0.8596 -0.0468 0.4008 0.9164 1.0556 -0.067 1.023 -0.148 0.558 -1.218 -0.818 0.489 1.061 0.037 0.358 1.014 1.021
-0.6 0.48 -0.45 -1.87 2.13 -0.18 0.0800000000000001 0.02 -1.28 2.09 0.01 2.17 -2.02 -0.16 -0.89 0.525324442402934 1.35883405189808 0.759822278291506 1.184 -1.336 0.196 -0.156 -0.114 0.746 -1.358 0.038 -1.324 1.134 0.062 0.498 -1.0152 0.9348 -0.0928 0.0468 0.0192 -0.6388 1.0764 -0.1004 0.9132 -1.0392 -0.0436 -0.3844 0.703 -1.107 0.032 -0.072 -0.138 0.462 -1.051 -0.049 -1.033 0.728 0.074 0.261
0.4 0.48 -0.45 1.13 -1.87 -1.18 -0.92 -0.98 1.72 1.09 2.01 2.17 1.98 1.84 -0.89 0.709979288260341 1.08718945080847 1.43212095572666 0.514 -0.806 -0.384 -0.476 -0.494 0.666 0.332 0.848 0.846 0.714 0.702 -0.392 0.4248 -0.9852 -0.5728 -0.4332 -0.4608 0.8012 0.5964 0.8596 0.9132 0.8808 0.9164 -0.3844 -0.647 0.693 0.482 0.378 0.312 -0.888 -0.601 -0.949 -1.033 -1.072 -0.826 0.261
0.4 -0.52 -0.45 -1.87 -0.87 1.82 2.08 1.02 -2.28 2.09 -1.99 2.17 -1.02 1.84 2.11 -0.0562379037692549 0.171701624319636 0.52779590671558 -0.686 -0.406 0.816 0.724 0.306 -0.934 0.732 -0.752 0.846 -0.486 0.702 0.808 0.8548 0.3648 -0.9528 -1.0732 -0.5208 1.1612 -1.0136 0.9296 -1.2568 0.4608 -0.9236 -1.0544 0.703 0.243 -0.868 -0.972 -0.588 0.912 -1.051 0.851 -1.033 0.278 -0.826 -1.089
0.4 -0.52 0.55 2.13 2.13 -1.18 2.08 2.02 0.72 2.09 0.01 0.17 1.98 1.84 1.11 -0.527330240167431 0.399682540716348 -0.247201537401173 0.914 0.794 -0.384 0.724 0.706 0.266 0.732 0.048 0.046 0.714 0.702 0.408 -1.2252 -1.1952 0.6072 -1.0732 -1.0408 -0.3988 -1.0136 -0.1104 -0.2168 -1.0992 -0.9236 -0.5344 1.033 1.023 -0.698 1.108 0.982 0.282 1.039 -0.039 0.037 0.908 1.014 0.471
-0.6 -0.52 -0.45 -1.87 2.13 -0.18 2.08 1.02 -0.28 0.0900000000000001 -0.99 2.17 1.98 0.84 0.11 0.556845629946014 -0.300556247223153 0.615711969410265 1.184 -1.336 0.196 -1.356 -0.714 0.146 -0.158 0.638 -1.324 -1.266 -0.538 -0.102 0.8548 -1.1952 0.0872 -1.0732 -0.5208 0.1212 0.0264 0.4096 -1.2568 -1.0992 -0.4036 -0.0144 0.703 -1.107 0.032 -0.972 -0.588 0.012 -0.151 0.401 -1.033 -1.072 -0.376 -0.189
-0.6 0.48 -0.45 2.13 1.13 -2.18 1.08 0.02 0.72 -0.91 -1.99 0.17 -2.02 -1.16 -0.89 -0.212994316293569 0.0983913257157198 0.934628579814473 -1.216 -0.736 1.396 -0.756 -0.114 -0.454 0.442 1.238 -0.124 1.134 0.662 0.498 0.9048 0.4548 -1.0528 0.5268 0.0192 0.3212 -0.3636 -1.0604 -0.0468 -1.0392 -0.5236 -0.3844 -1.097 -0.657 0.932 -0.522 -0.138 -0.438 0.299 0.851 -0.133 0.728 0.524 0.261
0.4 0.48 0.55 1.13 -1.87 -2.18 2.08 1.02 0.72 -1.91 -1.99 1.17 -0.02 -2.16 -1.89 0.315824602936166 -0.205621774816961 0.385389808984854 0.514 -0.806 -0.784 0.724 0.306 0.266 -0.868 -0.752 0.446 -0.086 -0.898 -0.792 0.4248 -0.9852 -1.0528 1.0068 0.4992 0.3212 -0.8436 -1.0604 0.4332 -0.0792 -1.0036 -0.8644 0.483 -1.177 -1.248 1.108 0.432 0.282 -1.161 -1.139 0.587 -0.192 -1.186 -1.179
-0.6 0.48 0.55 -1.87 0.13 -1.18 -1.92 2.02 -2.28 1.09 2.01 -1.83 -2.02 -1.16 -1.89 1.08045573464355 1.09733691900634 0.265146013996006 1.184 -0.136 0.796 1.044 -1.314 1.346 -0.758 -1.162 1.076 1.134 0.662 1.098 -1.0152 -0.0252 -0.5728 -0.9132 0.9792 -1.1188 0.5964 0.8596 -1.0068 -1.0392 -0.5236 -0.8644 -1.167 -0.077 -0.698 -1.092 0.982 -1.368 0.489 1.061 -1.063 -1.292 -0.636 -1.179
0.4 0.48 0.55 1.13 0.13 -2.18 0.0800000000000001 0.02 -0.28 -1.91 1.01 -0.83 -1.02 -2.16 -1.89 -0.120304779157675 0.789960139987114 -0.143830197122797 0.514 -0.00600000000000001 -0.784 -0.076 -0.094 -0.134 -0.868 0.448 -0.354 -0.486 -0.898 -0.792 0.4248 -0.0252 -1.0528 0.0468 0.0192 -0.1588 -0.8436 0.3796 -0.5268 -0.5592 -1.0036 -0.8644 0.483 -0.077 -1.248 0.00800000000000001 -0.118 -0.268 -1.161 0.511 -0.513 -0.742 -1.186 -1.179
-0.6 0.48 0.55 2.13 -1.87 1.82 2.08 -1.98 -0.28 1.09 1.01 -1.83 -0.02 0.84 0.11 0.323792001401557 1.67704707067441 1.79215300124558 -1.216 1.064 -1.004 -1.356 1.086 0.146 -0.758 -0.562 1.076 -0.066 -0.538 -0.102 0.9048 -0.9852 0.8672 1.0068 -0.9408 -0.1588 0.5964 0.3796 -1.0068 -0.0792 0.4364 0.0956 1.033 -1.177 0.952 1.108 -1.218 -0.268 0.489 0.511 -1.063 -0.192 0.464 -0.079
-0.6 -0.52 -0.45 -0.87 0.13 -1.18 -0.92 -1.98 1.72 0.0900000000000001 -0.99 -0.83 -2.02 -2.16 -1.89 0.537499693555627 -0.303948106049048 0.684846682365092 0.584 -0.136 0.796 0.444 1.086 -1.054 -0.158 0.638 0.476 1.134 1.262 1.098 0.3348 -0.1552 0.6072 0.4868 1.0392 -0.9188 0.0264 0.4096 0.3032 0.9808 1.1564 1.0256 0.253 -0.207 0.482 0.378 0.762 -0.888 -0.151 0.401 0.317 0.728 0.974 0.711
0.4 -0.52 -0.45 1.13 1.13 -1.18 0.0800000000000001 2.02 1.72 2.09 2.01 2.17 1.98 1.84 2.11 1.29515479707299 1.7961604266469 1.59079888000389 0.514 0.394 -0.384 -0.076 0.706 0.666 0.732 0.848 0.846 0.714 0.702 0.808 -0.7052 -0.6752 0.6072 -0.0332 -1.0408 -0.9188 -1.0136 -1.1504 -1.2568 -1.0992 -0.9236 -1.0544 -0.647 -0.657 0.482 -0.072 -1.038 -0.888 -1.051 -0.949 -1.033 -1.072 -0.826 -1.089
0.4 -0.52 -0.45 1.13 -1.87 0.82 2.08 2.02 -1.28 2.09 -0.99 0.17 1.98 0.84 0.11 1.14749070312394 1.34051651779633 0.91444243481585 0.514 -0.806 0.416 0.724 0.706 -0.534 0.732 -0.352 0.046 0.714 0.302 0.00799999999999998 -0.7052 0.8848 -0.4328 -1.0732 -1.0408 0.6412 -1.0136 0.4096 -0.2168 -1.0992 -0.4036 -0.0144 -0.647 0.693 -0.418 -0.972 -1.038 0.462 -1.051 0.401 -0.133 -1.072 -0.376 -0.189
-0.6 -0.52 -0.45 0.13 -0.87 -2.18 -1.92 -1.98 -1.28 -1.91 -0.99 0.17 -2.02 -1.16 -1.89 0.558700889133442 0.444091077954226 1.21364737510067 -0.016 0.464 1.396 1.044 1.086 0.746 1.042 0.638 -0.124 1.134 0.662 1.098 -0.1852 0.3648 1.1272 1.0068 1.0392 0.6412 1.0664 0.4096 -0.2168 0.9808 0.6364 1.0256 -0.197 0.243 0.932 0.828 0.762 0.462 0.749 0.401 -0.133 0.728 0.524 0.711
0.4 0.48 0.55 -1.87 0.13 -0.18 2.08 -1.98 1.72 0.0900000000000001 0.01 1.17 -0.02 0.84 -0.89 1.89478346833807 1.65627888023597 2.26926667559259 -0.686 -0.00600000000000001 0.016 0.724 -0.894 0.666 -0.068 0.048 0.446 -0.086 0.302 -0.392 -1.0152 -0.0252 -0.0928 1.0068 -0.9408 0.8012 0.1164 -0.1004 0.4332 -0.0792 0.4364 -0.3844 -1.167 -0.077 -0.148 1.108 -1.218 0.832 -0.061 -0.039 0.587 -0.192 0.464 -0.629
-0.6 -0.52 -0.45 2.13 1.13 0.82 1.08 2.02 0.72 1.09 1.01 1.17 -0.02 -1.16 0.11 0.888419604623618 2.25334909785023 2.08476110471277 -1.216 -0.736 -0.404 -0.756 -1.314 -0.454 -0.758 -0.562 -0.724 -0.066 0.662 -0.102 -1.2252 -0.6752 -0.4328 -0.5532 -1.0408 -0.3988 -0.4936 -0.6304 -0.7368 -0.0592 0.6364 -0.0144 -1.097 -0.657 -0.418 -0.522 -1.038 -0.438 -0.601 -0.499 -0.583 -0.172 0.524 -0.189
0.4 0.48 -0.45 -1.87 -1.87 -0.18 2.08 1.02 -2.28 -0.91 1.01 1.17 -1.02 -0.16 -0.89 -0.631533231862585 0.538184184005757 -0.0277116374333596 -0.686 -0.806 0.016 0.724 0.306 -0.934 -0.468 0.448 0.446 -0.486 -0.098 -0.392 -1.0152 -0.9852 -0.0928 1.0068 0.4992 -1.1188 -0.3636 0.3796 0.4332 -0.5592 -0.0436 -0.3844 0.703 0.693 0.032 -0.972 -0.588 0.912 0.299 -0.499 -0.583 0.278 0.074 0.261
-0.6 0.48 -0.45 -1.87 0.13 1.82 -0.92 -1.98 -1.28 0.0900000000000001 2.01 -0.83 -0.02 -0.16 0.11 0.408957282195321 0.458279335497356 1.11911762772292 1.184 -0.136 -1.004 0.444 1.086 0.746 -0.158 -1.162 0.476 -0.066 0.062 -0.102 -1.0152 -0.0252 0.8672 -0.4332 -0.9408 -0.6388 0.1164 0.8596 -0.5268 -0.0792 -0.0436 0.0956 0.703 -0.207 -0.868 0.378 0.762 0.462 -0.151 -0.949 0.317 -0.172 0.074 -0.189
0.4 0.48 0.55 0.13 2.13 -0.18 0.0800000000000001 -0.98 -0.28 2.09 2.01 0.17 0.98 -1.16 0.11 0.663490079714303 0.491904579285901 0.80481994874296 0.114 0.794 0.016 -0.076 -0.494 -0.134 0.732 0.848 0.046 0.314 -0.498 0.00799999999999998 -0.0552 0.9348 -0.0928 0.0468 -0.4608 -0.1588 1.0764 0.8596 -0.0468 0.4008 -0.5236 0.0956 -0.067 1.023 -0.148 0.00800000000000001 -0.668 -0.268 1.039 1.061 0.037 0.358 -0.636 -0.079
0.4 0.48 -0.45 2.13 -1.87 0.82 2.08 -1.98 0.72 -1.91 -0.99 -1.83 -2.02 -1.16 0.11 -0.165980198075703 -0.0671111787945537 0.0691888616776567 0.914 -0.806 0.416 0.724 -0.894 0.266 -0.868 -0.352 -0.754 -0.886 -0.498 0.00799999999999998 0.9048 -0.9852 0.3872 1.0068 -0.9408 0.3212 -0.8436 -0.5804 -1.0068 -1.0392 -0.5236 0.0956 -1.097 0.693 -0.418 -0.972 0.762 -0.438 0.749 0.401 0.767 0.728 0.524 -0.189
-0.6 -0.52 -0.45 0.13 2.13 1.82 -1.92 -1.98 1.72 -1.91 2.01 2.17 1.98 1.84 1.11 1.37008549995311 2.14549394465787 2.21936729892021 -0.016 -1.336 -1.004 1.044 1.086 -1.054 1.042 -1.162 -1.324 -1.266 -1.138 -0.702 -0.1852 -1.1952 -0.9528 1.0068 1.0392 -0.9188 1.0664 -1.1504 -1.2568 -1.0992 -0.9236 -0.5344 -0.197 -1.107 -0.868 0.828 0.762 -0.888 0.749 -0.949 -1.033 -1.072 -0.826 -0.639
0.4 -0.52 -0.45 -0.87 -1.87 -2.18 2.08 0.02 -2.28 -1.91 0.01 -1.83 -0.02 -1.16 -1.89 -0.101385904319432 0.564650708494421 0.711195424428313 -0.286 -0.806 -0.784 0.724 -0.094 -0.934 -0.868 0.048 -0.754 -0.086 -0.498 -0.792 0.3348 0.8848 1.1272 -1.0732 -0.000800000000000032 1.1612 1.0664 -0.1104 0.8232 -0.0592 0.6364 1.0256 0.253 0.693 0.932 -0.972 -0.138 0.912 0.749 -0.049 0.767 -0.172 0.524 0.711
0.4 -0.52 -0.45 -1.87 2.13 -0.18 1.08 1.02 -2.28 1.09 2.01 -0.83 -1.02 -0.16 1.11 1.27176523717619 0.84794293446787 1.0422718222751 -0.686 0.794 0.016 0.324 0.306 -0.934 0.332 0.848 -0.354 -0.486 -0.098 0.408 0.8548 -1.1952 0.0872 -0.5532 -0.5208 1.1612 -0.4936 -1.1504 0.3032 0.4608 0.1164 -0.5344 0.703 -1.107 0.032 -0.522 -0.588 0.912 -0.601 -0.949 0.317 0.278 0.074 -0.639
0.4 -0.52 -0.45 1.13 0.13 -1.18 -0.92 2.02 -2.28 -1.91 -0.99 2.17 0.98 0.84 0.11 0.5716138661162 0.949976227734704 0.5803627722216 0.514 -0.00600000000000001 -0.384 -0.476 0.706 -0.934 -0.868 -0.352 0.846 0.314 0.302 0.00799999999999998 -0.7052 -0.1552 0.6072 0.4868 -1.0408 1.1612 1.0664 0.4096 -1.2568 -0.5792 -0.4036 -0.0144 -0.647 -0.207 0.482 0.378 -1.038 0.912 0.749 0.401 -1.033 -0.622 -0.376 -0.189
0.4 -0.52 -0.45 -0.87 -0.87 1.82 2.08 2.02 0.72 0.0900000000000001 -1.99 1.17 0.98 1.84 1.11 -0.394131221113196 -0.280807513762027 0.646709185870801 -0.286 -0.406 0.816 0.724 0.706 0.266 -0.068 -0.752 0.446 0.314 0.702 0.408 0.3348 0.3648 -0.9528 -1.0732 -1.0408 -0.3988 0.0264 0.9296 -0.7368 -0.5792 -0.9236 -0.5344 0.253 0.243 -0.868 -0.972 -1.038 -0.438 -0.151 0.851 -0.583 -0.622 -0.826 -0.639
0.4 0.48 0.55 2.13 2.13 1.82 2.08 -0.98 1.72 2.09 -1.99 -0.83 0.98 -0.16 2.11 1.57465738796173 1.79648258909623 2.80871147955091 0.914 0.794 0.816 0.724 -0.494 0.666 0.732 -0.752 -0.354 0.314 -0.098 0.808 0.9048 0.9348 0.8672 1.0068 -0.4608 0.8012 1.0764 -1.0604 -0.5268 0.4008 -0.0436 1.0556 1.033 1.023 0.952 1.108 -0.668 0.832 1.039 -1.139 -0.513 0.358 -0.086 1.021
0.4 0.48 0.55 2.13 0.13 1.82 2.08 -1.98 -0.28 1.09 2.01 0.17 1.98 -0.16 0.11 1.04313072940801 1.14424851801304 1.07295998203012 0.914 -0.00600000000000001 0.816 0.724 -0.894 -0.134 0.332 0.848 0.046 0.714 -0.098 0.00799999999999998 0.9048 -0.0252 0.8672 1.0068 -0.9408 -0.1588 0.5964 0.8596 -0.0468 0.8808 -0.0436 0.0956 1.033 -0.077 0.952 1.108 -1.218 -0.268 0.489 1.061 0.037 0.908 -0.086 -0.079
0.4 -0.52 -0.45 2.13 2.13 -2.18 -1.92 1.02 -0.28 1.09 -1.99 0.17 -1.02 -2.16 -1.89 0.546687825836103 0.856706099576632 1.29935348329586 0.914 0.794 -0.784 -0.876 0.306 -0.134 0.332 -0.752 0.046 -0.486 -0.898 -0.792 -1.2252 -1.1952 1.1272 1.0068 -0.5208 0.1212 -0.4936 0.9296 -0.2168 0.4608 1.1564 1.0256 -1.097 -1.107 0.932 0.828 -0.588 0.012 -0.601 0.851 -0.133 0.278 0.974 0.711
-0.6 0.48 -0.45 -1.87 -0.87 1.82 -1.92 0.02 0.72 -1.91 -0.99 2.17 -0.02 -0.16 0.11 1.60564104141921 2.47795640657254 3.46674264725336 1.184 0.464 -1.004 1.044 -0.114 -0.454 1.042 0.638 -1.324 -0.066 0.062 -0.102 -1.0152 -0.5052 0.8672 -0.9132 0.0192 0.3212 -0.8436 -0.5804 0.9132 -0.0792 -0.0436 0.0956 0.703 0.243 -0.868 0.828 -0.138 -0.438 0.749 0.401 -1.033 -0.172 0.074 -0.189
-0.6 0.48 0.55 1.13 0.13 -2.18 -1.92 2.02 -1.28 0.0900000000000001 -1.99 -1.83 1.98 1.84 0.11 0.634712048380845 0.467968685543925 -0.0438232675518307 -0.616 -0.136 1.396 1.044 -1.314 0.746 -0.158 1.238 1.076 -1.266 -1.138 -0.102 0.4248 -0.0252 -1.0528 -0.9132 0.9792 -0.6388 0.1164 -1.0604 -1.0068 0.8808 0.9164 0.0956 0.483 -0.077 -1.248 -1.092 0.982 -0.818 -0.061 -1.139 -1.063 0.908 1.014 -0.079
0.4 -0.52 0.55 1.13 2.13 1.82 -1.92 2.02 -2.28 1.09 -1.99 0.17 -0.02 1.84 1.11 0.669490180127057 0.371015839692153 0.574250406640028 0.514 0.794 0.816 -0.876 0.706 -0.934 0.332 -0.752 0.046 -0.086 0.702 0.408 -0.7052 -1.1952 -0.9528 1.0068 -1.0408 1.1612 -0.4936 0.9296 -0.2168 -0.0592 -0.9236 -0.5344 0.483 1.023 0.952 -1.092 0.982 -1.368 0.489 -1.139 0.037 -0.192 1.014 0.471
-0.6 -0.52 -0.45 2.13 0.13 -2.18 2.08 -0.98 -0.28 1.09 1.01 -0.83 -1.02 1.84 1.11 0.490160717667576 0.47160957694662 0.912474837136237 -1.216 -0.136 1.396 -1.356 0.486 0.146 -0.758 -0.562 0.476 0.534 -1.138 -0.702 -1.2252 -0.1552 1.1272 -1.0732 0.5192 0.1212 -0.4936 -0.6304 0.3032 0.4608 -0.9236 -0.5344 -1.097 -0.207 0.932 -0.972 0.312 0.012 -0.601 -0.499 0.317 0.278 -0.826 -0.639
0.4 -0.52 -0.45 -1.87 2.13 0.82 -1.92 2.02 0.72 2.09 2.01 -1.83 -2.02 -1.16 2.11 0.347573158823538 0.874799169012619 1.1393163528944 -0.686 0.794 0.416 -0.876 0.706 0.266 0.732 0.848 -0.754 -0.886 -0.498 0.808 0.8548 -1.1952 -0.4328 1.0068 -1.0408 -0.3988 -1.0136 -1.1504 0.8232 0.9808 0.6364 -1.0544 0.703 -1.107 -0.418 0.828 -1.038 -0.438 -1.051 -0.949 0.767 0.728 0.524 -1.089
0.4 -0.52 -0.45 -1.87 0.13 -0.18 2.08 -1.98 -0.28 1.09 0.01 0.17 0.98 0.84 -0.89 0.192451592027076 0.677763446331369 0.890449170245721 -0.686 -0.00600000000000001 0.016 0.724 -0.894 -0.134 0.332 0.048 0.046 0.314 0.302 -0.392 0.8548 -0.1552 0.0872 -1.0732 1.0392 0.1212 -0.4936 -0.1104 -0.2168 -0.5792 -0.4036 0.5056 0.703 -0.207 0.032 -0.972 0.762 0.012 -0.601 -0.049 -0.133 -0.622 -0.376 0.261
0.4 -0.52 0.55 -1.87 -0.87 -2.18 -0.92 0.02 1.72 -1.91 1.01 2.17 1.98 0.84 1.11 0.445935053279507 1.19785384728162 2.08283439154434 -0.686 -0.406 -0.784 -0.476 -0.094 0.666 -0.868 0.448 0.846 0.714 0.302 0.408 0.8548 0.3648 1.1272 0.4868 -0.000800000000000032 -0.9188 1.0664 -0.6304 -1.2568 -1.0992 -0.4036 -0.5344 -1.167 -0.627 -1.248 -0.542 -0.118 0.832 -1.161 0.511 1.137 0.908 0.464 0.471
-0.6 0.48 0.55 -0.87 -1.87 0.82 -1.92 2.02 -2.28 -1.91 0.01 -1.83 -2.02 -0.16 -1.89 1.98075349918575 1.75281361919973 2.11877420163764 0.584 1.064 -0.404 1.044 -1.314 1.346 1.042 0.038 1.076 1.134 0.062 1.098 -0.5352 -0.9852 0.3872 -0.9132 0.9792 -1.1188 -0.8436 -0.1004 -1.0068 -1.0392 -0.0436 -0.8644 -0.617 -1.177 0.402 -1.092 0.982 -1.368 -1.161 -0.039 -1.063 -1.292 -0.086 -1.179
0.4 0.48 0.55 0.13 2.13 1.82 2.08 0.02 -2.28 2.09 -1.99 2.17 -1.02 1.84 2.11 1.17297413111165 2.08036869886842 2.02055423411126 0.114 0.794 0.816 0.724 -0.094 -0.934 0.732 -0.752 0.846 -0.486 0.702 0.808 -0.0552 0.9348 0.8672 1.0068 0.0192 -1.1188 1.0764 -1.0604 0.9132 -0.5592 0.9164 1.0556 -0.067 1.023 0.952 1.108 -0.118 -1.368 1.039 -1.139 1.137 -0.742 1.014 1.021
