0.55 -0.46 -0.44 1.02 0.65 -1.97 -1.86 -1.05 -1.97 0.18 -1.9 -2.24 1.04 -1.96 -2.02 -1.48627282748647 -0.936914867976965 -1.2855440206866 0.382 0.355 -1.017 -1.056 -0.585 -1.247 -0.072 -1.12 -1.234 0.504 -1.146 -1.092 -0.3684 -0.338 0.8224 0.8612 0.466 0.8324 0.00439999999999997 0.798 1.0208 -0.5468 0.9332 0.8684 -0.4976 -0.272 0.7636 0.7268 0.494 0.6936 -0.1484 0.872 0.8212 -0.6252 0.8348 0.8176
-0.45 -0.46 -0.44 2.02 1.65 -0.97 -0.86 1.95 -0.97 -1.82 2.1 -1.24 1.04 0.04 -2.02 0.887442195992639 0.778337999519154 1.28655614124214 -1.088 -0.745 0.503 0.354 -0.885 0.273 0.648 -1.02 0.556 -0.536 -0.086 0.928 -0.8284 -0.798 0.3624 0.4012 -0.914 0.3724 0.9244 -1.042 0.5608 -0.5468 0.0132 0.8684 -0.9376 -0.712 0.3236 0.2868 -0.826 0.2536 0.7316 -0.888 0.3812 -0.6252 -0.0452 0.8176
0.55 -0.46 0.56 1.02 -0.35 -0.97 -0.86 0.95 1.03 0.18 2.1 0.76 -0.96 2.04 1.98 -0.287990965881189 1.04412004897149 2.0577901739224 0.382 -0.195 -0.467 -0.506 0.515 0.403 -0.072 1.08 0.416 -0.596 1.054 1.108 -0.3684 0.122 0.3624 0.4012 -0.454 -0.5476 0.00439999999999997 -1.042 -0.3592 0.3732 -0.9068 -0.9716 0.5224 -0.182 -0.6464 -0.5732 0.564 0.4036 0.0316000000000001 1.212 0.2612 -0.7052 1.1148 1.0376
-0.45 -0.46 -0.44 -0.98 -2.35 1.03 1.14 1.95 0.03 2.18 1.1 -0.24 1.04 2.04 -1.02 -0.8280191290105 0.691256185166531 2.22243667263775 0.262 1.055 -0.397 -0.546 -0.885 -0.177 -1.152 -0.57 0.106 -0.536 -0.986 0.478 0.5516 1.042 -0.5576 -0.5188 -0.914 -0.0876 -0.9156 -0.582 0.1008 -0.5468 -0.9068 0.4084 0.3824 1.048 -0.5564 -0.5932 -0.826 -0.1864 -1.0284 -0.448 -0.0588 -0.6252 -0.9252 0.3776
-0.45 -0.46 0.56 -1.98 -2.35 1.03 -0.86 1.95 1.03 -1.82 -1.9 -2.24 0.04 -1.96 -2.02 0.856388113398322 0.698656559811804 -1.20063924864261 0.712 1.055 -0.397 0.354 -0.885 -0.627 0.648 0.78 1.006 -0.086 0.814 0.928 1.0116 1.042 -0.5576 0.4012 -0.914 -0.5476 0.9244 0.798 1.0208 -0.0868 0.9332 0.8684 -1.1576 -1.302 0.4736 -0.5732 1.124 0.4036 -1.0884 -1.028 -1.4188 -0.1452 -1.1252 -1.2024
-0.45 0.54 -0.44 -0.98 1.65 0.03 1.14 0.95 1.03 -1.82 0.1 -0.24 -0.96 2.04 0.98 1.29902833966112 1.38435290191497 3.68358476323019 0.262 -0.745 0.053 -0.546 -0.435 -0.627 0.648 -0.12 0.106 0.364 -0.986 -0.422 -0.4284 0.852 -0.0676000000000001 0.6212 0.496 0.4824 -0.8956 -0.022 -0.1392 -0.5868 1.1332 0.4684 0.3824 -0.712 -0.1164 -0.5932 -0.386 -0.6264 0.7316 -0.008 -0.0588 0.2548 -0.9252 -0.5024
0.55 0.54 -0.44 1.02 1.65 -0.97 0.14 -0.0499999999999998 2.03 -1.82 2.1 -2.24 2.04 2.04 0.98 -0.336972067475895 0.935052284374232 1.48344938382921 0.382 0.905 -0.467 0.044 -0.035 0.953 -1.172 1.08 -1.234 1.054 1.054 0.558 0.6516 0.852 -0.6076 0.0812 -0.044 1.0224 -0.8956 1.058 -1.2192 1.0332 1.1332 0.4684 -0.4976 -0.712 0.3236 -0.1532 0.054 -1.0664 0.7316 -0.888 0.8212 -1.0652 -0.9252 -0.5024
-0.45 0.54 0.56 1.02 -0.35 -1.97 -0.86 0.95 0.03 1.18 0.1 -2.24 1.04 1.04 -1.02 -0.428713237624089 0.821270547249119 -0.97535844771229 -0.638 0.155 0.953 0.354 -0.435 -0.177 -0.702 -0.12 1.006 -0.536 -0.536 0.478 0.6516 -0.228 -1.1476 -0.4588 0.496 -0.0576000000000001 0.7244 -0.022 -1.2192 0.4932 0.5932 -0.6116 0.5224 -0.182 -1.2064 -0.5732 0.564 -0.1564 0.5916 0.092 -1.4188 0.4148 0.5548 -0.6424
0.55 -0.46 -0.44 2.02 -0.35 -0.97 1.14 0.95 2.03 2.18 1.1 1.76 0.04 2.04 -0.02 0.73446577187688 0.210464658190647 0.945862829261106 0.932 -0.195 -0.467 0.594 0.515 0.953 1.028 0.53 0.966 -0.046 1.054 0.00800000000000002 -0.8284 0.122 0.3624 -0.5188 -0.454 -1.0076 -0.9156 -0.582 -0.8192 -0.0868 -0.9068 -0.0516 -0.9376 0.168 0.3236 -0.5932 -0.386 -1.0664 -1.0284 -0.448 -0.9388 -0.1852 -0.9252 -0.0624
0.55 0.54 0.56 2.02 0.65 -0.97 0.14 0.95 2.03 2.18 2.1 0.76 2.04 2.04 -2.02 0.935935785325637 1.1260133387564 1.80229113974281 0.932 0.355 -0.467 0.044 0.515 0.953 1.028 1.08 0.416 1.054 1.054 -1.092 1.1916 0.312 -0.6076 0.0812 0.496 1.0224 1.2644 1.058 0.4008 1.0332 1.1332 -1.1516 1.0824 0.378 -0.6464 -0.0131999999999999 0.564 0.9636 1.1516 1.212 0.2612 0.9748 1.1148 -1.2024
-0.45 -0.46 -0.44 -1.98 0.65 0.03 0.14 -2.05 -1.97 -0.82 2.1 -0.24 1.04 0.04 -1.02 -0.0450967434598664 0.205972271604912 1.18023083481629 0.712 -0.295 0.053 -0.096 0.915 0.723 0.198 -1.02 0.106 -0.536 -0.086 0.478 1.0116 -0.338 -0.0976 -0.0588 0.926 0.8324 0.4644 -1.042 0.1008 -0.5468 0.0132 0.4084 0.8224 -0.272 -0.1164 -0.1532 0.934 0.6936 0.2916 -0.888 -0.0588 -0.6252 -0.0452 0.3776
-0.45 0.54 0.56 -1.98 1.65 2.03 0.14 -2.05 1.03 -0.82 -1.9 0.76 0.04 0.04 -0.02 -0.260327671905284 1.62775670678128 1.64292990661169 0.712 -0.745 -0.847 -0.096 0.915 -0.627 0.198 0.78 -0.344 -0.086 -0.086 0.028 -0.9684 0.852 1.0124 0.0812 -1.124 0.4824 -0.3556 -1.102 0.4008 -0.0468 0.0532 -0.0716 -1.1576 0.938 1.0336 -0.0131999999999999 -1.116 0.4036 -0.5284 -1.028 0.2612 -0.1452 -0.00519999999999997 -0.0824
0.55 0.54 -0.44 -1.98 -2.35 2.03 -1.86 1.95 2.03 -1.82 2.1 0.76 2.04 0.04 1.98 2.45877157689894 1.73391738730517 3.1569990311171 -1.268 -1.295 1.183 -1.056 1.065 0.953 -1.172 1.08 0.416 1.054 -0.046 1.108 -0.9684 -1.308 1.0124 -0.9988 1.036 1.0224 -0.8956 1.058 0.4008 1.0332 0.0532 1.0084 0.8224 1.048 -0.9964 0.7268 -0.826 -1.0664 0.7316 -0.888 -0.4988 -1.0652 -0.0452 -0.9424
0.55 0.54 -0.44 -1.98 -0.35 -1.97 -1.86 -1.05 0.03 -1.82 -0.9 -2.24 1.04 2.04 0.98 1.39337635011138 1.29435773314678 2.90229265942889 -1.268 -0.195 -1.017 -1.056 -0.585 -0.147 -1.172 -0.57 -1.234 0.504 1.054 0.558 -0.9684 -0.228 -1.1476 -0.9988 -0.584 -0.0576000000000001 -0.8956 -0.562 -1.2192 0.4932 1.1332 0.4684 0.8224 0.168 0.7636 0.7268 0.494 -0.1864 0.7316 0.432 0.8212 -0.6252 -0.9252 -0.5024
0.55 -0.46 -0.44 -1.98 0.65 0.03 -1.86 -1.05 -1.97 -1.82 0.1 -2.24 -1.96 0.04 0.98 0.718962337200632 3.06354324001706 1.69398861332107 -1.268 0.355 0.083 -1.056 -0.585 -1.247 -1.172 -0.02 -1.234 -1.146 -0.046 0.558 1.0116 -0.338 -0.0976 0.8612 0.466 0.8324 0.9244 -0.122 1.0208 0.8332 0.0132 -0.5116 0.8224 -0.272 -0.1164 0.7268 0.494 0.6936 0.7316 -0.008 0.8212 0.6948 -0.0452 -0.5024
0.55 0.54 0.56 2.02 1.65 2.03 1.14 1.95 0.03 -1.82 2.1 1.76 -0.96 1.04 1.98 -1.3191536456274 0.449908468724192 1.3093598182425 0.932 0.905 1.183 0.594 1.065 -0.147 -1.172 1.08 0.966 -0.596 0.504 1.108 1.1916 0.852 1.0124 0.6212 1.036 -0.0576000000000001 -0.8956 1.058 0.9408 -0.5868 0.5932 1.0084 1.0824 0.938 1.0336 0.5468 1.124 -0.1564 -1.0884 1.212 0.8212 -0.7052 0.5548 1.0376
-0.45 0.54 -0.44 -1.98 -2.35 -1.97 -0.86 -0.0499999999999998 -1.97 -1.82 -1.9 -2.24 -1.96 -1.96 -2.02 0.287474625302109 0.149021946520698 1.14346999006276 0.712 1.055 0.953 0.354 0.015 0.723 0.648 0.78 1.006 0.814 0.814 0.928 -0.9684 -1.308 -1.1476 -0.4588 -0.044 -1.1376 -0.8956 -1.102 -1.2192 -1.1268 -1.0268 -1.1516 0.8224 1.048 0.7636 0.2868 0.054 0.6936 0.7316 0.872 0.8212 0.6948 0.8348 0.8176
0.55 0.54 0.56 -1.98 1.65 2.03 -0.86 1.95 0.03 2.18 2.1 -0.24 2.04 1.04 -0.02 1.92039106631256 2.17814720883234 0.776498573952663 -1.268 0.905 1.183 -0.506 1.065 -0.147 1.028 1.08 -0.134 1.054 0.504 0.00800000000000002 -0.9684 0.852 1.0124 -0.4588 1.036 -0.0576000000000001 1.2644 1.058 -0.1392 1.0332 0.5932 -0.0716 -1.1576 0.938 1.0336 -0.5732 1.124 -0.1564 1.1516 1.212 -0.2988 0.9748 0.5548 -0.0824
0.55 -0.46 -0.44 2.02 0.65 0.03 1.14 -0.0499999999999998 0.03 1.18 0.1 0.76 -1.96 2.04 -2.02 -0.127350801088797 -0.796083288159263 1.24610132815215 0.932 0.355 0.083 0.594 -0.035 -0.147 0.478 -0.02 0.416 -1.146 1.054 -1.092 -0.8284 -0.338 -0.0976 -0.5188 0.00600000000000002 -0.0876 -0.4556 -0.122 -0.3592 0.8332 -0.9068 0.8684 -0.9376 -0.272 -0.1164 -0.5932 0.054 -0.1864 -0.5884 -0.008 -0.4988 0.6948 -0.9252 0.8176
-0.45 0.54 0.56 -0.98 1.65 2.03 2.14 -1.05 -1.97 2.18 0.1 1.76 2.04 2.04 1.98 2.53649117404079 1.94098984454201 3.11997810057033 0.262 -0.745 -0.847 -0.996 0.465 0.723 -1.152 -0.12 -0.794 -0.986 -0.986 -0.872 -0.4284 0.852 1.0124 1.1612 -0.584 -1.1376 1.2644 -0.022 0.9408 1.0332 1.1332 1.0084 -0.5976 0.938 1.0336 1.1068 -0.556 -1.2764 1.1516 0.092 0.8212 0.9748 1.1148 1.0376
0.55 0.54 0.56 2.02 -1.35 2.03 -1.86 -2.05 -0.97 -1.82 -1.9 -2.24 -1.96 -1.96 -2.02 1.67723012623618 0.577679209776933 0.366671261689294 0.932 -0.745 1.183 -1.056 -1.135 -0.697 -1.172 -1.12 -1.234 -1.146 -1.146 -1.092 1.1916 -0.768 1.0124 -0.9988 -1.124 -0.5976 -0.8956 -1.102 -1.2192 -1.1268 -1.0268 -1.1516 1.0824 -0.742 1.0336 -1.1332 -1.116 -0.7164 -1.0884 -1.028 -1.4188 -1.2652 -1.1252 -1.2024
-0.45 -0.46 -0.44 2.02 1.65 2.03 -1.86 0.95 0.03 2.18 1.1 1.76 2.04 1.04 0.98 1.33036377030087 2.08817067888909 0.396744258390687 -1.088 -0.745 -0.847 0.804 -0.435 -0.177 -1.152 -0.57 -0.794 -0.986 -0.536 -0.422 -0.8284 -0.798 -1.0176 0.8612 -0.454 -0.0876 -0.9156 -0.582 -0.8192 -1.0068 -0.4468 -0.5116 -0.9376 -0.712 -0.9964 0.7268 -0.386 -0.1864 -1.0284 -0.448 -0.9388 -1.0652 -0.4852 -0.5024
-0.45 -0.46 0.56 1.02 -2.35 2.03 -0.86 -0.0499999999999998 2.03 2.18 2.1 1.76 1.04 2.04 1.98 0.283258827159808 -0.220232135534834 -1.07505603960239 -0.638 1.055 -0.847 0.354 0.015 -1.077 -1.152 -1.02 -0.794 -0.536 -0.986 -0.872 -0.3684 1.042 -1.0176 0.4012 0.00600000000000002 -1.0076 -0.9156 -1.042 -0.8192 -0.5468 -0.9068 -0.9716 0.5224 -1.302 1.0336 -0.5732 0.00399999999999998 0.9636 1.1516 1.212 0.8212 0.4148 1.1148 1.0376
-0.45 0.54 0.56 1.02 0.65 0.03 -1.86 -0.0499999999999998 -0.97 1.18 2.1 1.76 2.04 0.04 1.98 -1.22975992366584 0.67892289923873 1.25566352539838 -0.638 -0.295 0.053 0.804 0.015 0.273 -0.702 -1.02 -0.794 -0.986 -0.086 -0.872 0.6516 0.312 -0.0676000000000001 -0.9988 -0.044 -0.5976 0.7244 1.058 0.9408 1.0332 0.0532 1.0084 0.5224 0.378 -0.0864 -1.1332 0.00399999999999998 -0.7164 0.5916 1.212 0.8212 0.9748 -0.00519999999999997 1.0376
0.55 0.54 0.56 -0.98 -2.35 2.03 2.14 -2.05 2.03 0.18 -1.9 -2.24 1.04 -1.96 -0.02 2.90523400672241 1.60201020294737 1.60150752858865 -0.718 -1.295 1.183 1.144 -1.135 0.953 -0.072 -1.12 -1.234 0.504 -1.146 0.00800000000000002 -0.4284 -1.308 1.0124 1.1612 -1.124 1.0224 0.1844 -1.102 -1.2192 0.4932 -1.0268 -0.0716 -0.5976 -1.302 1.0336 1.1068 -1.116 0.9636 0.0316000000000001 -1.028 -1.4188 0.4148 -1.1252 -0.0824
-0.45 -0.46 -0.44 0.02 1.65 0.03 -1.86 0.95 -0.97 -1.82 -0.9 -2.24 1.04 0.04 -2.02 0.523500631749307 1.81705605647326 -2.42885091440461 -0.188 -0.745 0.053 0.804 -0.435 0.273 0.648 0.33 1.006 -0.536 -0.086 0.928 0.0916 -0.798 -0.0976 0.8612 -0.454 0.3724 0.9244 0.338 1.0208 -0.5468 0.0132 0.8684 -0.0576 -0.712 -0.1164 0.7268 -0.386 0.2536 0.7316 0.432 0.8212 -0.6252 -0.0452 0.8176
0.55 0.54 -0.44 2.02 1.65 -0.97 -0.86 0.95 2.03 2.18 1.1 -1.24 -0.96 -1.96 0.98 0.62854498039291 1.69192379178522 0.652302165975542 0.932 0.905 -0.467 -0.506 0.515 0.953 1.028 0.53 -0.684 -0.596 -1.146 0.558 1.1916 0.852 -0.6076 -0.4588 0.496 1.0224 1.2644 0.518 -0.6792 -0.5868 -1.0268 0.4684 -0.9376 -0.712 0.3236 0.2868 -0.386 -1.0664 -1.0284 -0.448 0.3812 0.2548 0.8348 -0.5024
0.55 0.54 0.56 -1.98 -0.35 -0.97 2.14 1.95 -1.97 0.18 -0.9 0.76 -1.96 -0.96 -0.02 -0.191874851725006 2.11516355845678 2.4550769322369 -1.268 -0.195 -0.467 1.144 1.065 -1.247 -0.072 -0.57 0.416 -1.146 -0.596 0.00800000000000002 -0.9684 -0.228 -0.6076 1.1612 1.036 -1.1376 0.1844 -0.562 0.4008 -1.1268 -0.4868 -0.0716 -1.1576 -0.182 -0.6464 1.1068 1.124 -1.2764 0.0316000000000001 -0.468 0.2612 -1.2652 -0.5652 -0.0824
-0.45 0.54 0.56 -1.98 -1.35 2.03 1.14 -1.05 -1.97 -1.82 -1.9 0.76 1.04 -1.96 -2.02 2.39642093466168 0.49741512122004 0.396939228920804 0.712 0.605 -0.847 -0.546 0.465 0.723 0.648 0.78 -0.344 -0.536 0.814 0.928 -0.9684 -0.768 1.0124 0.6212 -0.584 -1.1376 -0.8956 -1.102 0.4008 0.4932 -1.0268 -1.1516 -1.1576 -0.742 1.0336 0.5468 -0.556 -1.2764 -1.0884 -1.028 0.2612 0.4148 -1.1252 -1.2024
-0.45 -0.46 -0.44 2.02 -0.35 1.03 -1.86 -0.0499999999999998 -0.97 2.18 -1.9 0.76 -0.96 0.04 1.98 0.468721871103687 0.660852607024317 2.34478458414215 -1.088 0.155 -0.397 0.804 0.015 0.273 -1.152 0.78 -0.344 0.364 -0.086 -0.872 -0.8284 0.122 -0.5576 0.8612 0.00600000000000002 0.3724 -0.9156 0.798 -0.3592 0.3732 0.0132 -0.9716 -0.9376 0.168 -0.5564 0.7268 0.054 0.2536 -1.0284 0.872 -0.4988 0.2548 -0.0452 -0.9424
-0.45 0.54 0.56 -1.98 -2.35 2.03 2.14 -0.0499999999999998 0.03 -0.82 2.1 1.76 1.04 2.04 1.98 2.20171094378826 3.55942876798035 2.20698303228341 0.712 1.055 -0.847 -0.996 0.015 -0.177 0.198 -1.02 -0.794 -0.536 -0.986 -0.872 -0.9684 -1.308 1.0124 1.1612 -0.044 -0.0576000000000001 -0.3556 1.058 0.9408 0.4932 1.1332 1.0084 -1.1576 -1.302 1.0336 1.1068 0.00399999999999998 -0.1564 -0.5284 1.212 0.8212 0.4148 1.1148 1.0376
0.55 0.54 0.56 -1.98 0.65 2.03 2.14 -1.05 2.03 -1.82 -1.9 -2.24 1.04 0.04 -2.02 0.719914669771864 1.17972794571888 1.4214190066982 -1.268 0.355 1.183 1.144 -0.585 0.953 -1.172 -1.12 -1.234 0.504 -0.046 -1.092 -0.9684 0.312 1.0124 1.1612 -0.584 1.0224 -0.8956 -1.102 -1.2192 0.4932 0.0532 -1.1516 -1.1576 0.378 1.0336 1.1068 -0.556 0.9636 -1.0884 -1.028 -1.4188 0.4148 -0.00519999999999997 -1.2024
-0.45 0.54 0.56 0.02 1.65 1.03 2.14 -1.05 2.03 -1.82 -0.9 -0.24 1.04 1.04 -0.02 1.03814358232422 1.07838446006668 -0.110850771067277 -0.188 -0.745 -0.397 -0.996 0.465 -1.077 0.648 0.33 0.106 -0.536 -0.536 0.028 0.1116 0.852 0.4724 1.1612 -0.584 1.0224 -0.8956 -0.562 -0.1392 0.4932 0.5932 -0.0716 -0.0376 0.938 0.4736 1.1068 -0.556 0.9636 -1.0884 -0.468 -0.2988 0.4148 0.5548 -0.0824
-0.45 -0.46 0.56 -0.98 1.65 1.03 2.14 -2.05 2.03 -0.82 -1.9 -2.24 -0.96 0.04 -1.02 -0.584963299452642 1.32175956282969 -1.16220858681999 0.262 -0.745 -0.397 -0.996 0.915 -1.077 0.198 0.78 1.006 0.364 -0.086 0.478 0.5516 -0.798 -0.5576 -0.9788 0.926 -1.0076 0.4644 0.798 1.0208 0.3732 0.0132 0.4084 -0.5976 0.938 0.4736 1.1068 -1.116 0.9636 -0.5284 -1.028 -1.4188 -0.7052 -0.00519999999999997 -0.6424
0.55 -0.46 -0.44 1.02 1.65 0.03 2.14 -2.05 -1.97 -1.82 2.1 -1.24 1.04 2.04 -0.02 0.866731272756941 0.130844800666249 1.61142744302889 0.382 0.905 0.083 1.144 -1.135 -1.247 -1.172 1.08 -0.684 0.504 1.054 0.00800000000000002 -0.3684 -0.798 -0.0976 -0.9788 0.926 0.8324 0.9244 -1.042 0.5608 -0.5468 -0.9068 -0.0516 -0.4976 -0.712 -0.1164 -1.0332 0.934 0.6936 0.7316 -0.888 0.3812 -0.6252 -0.9252 -0.0624
0.55 0.54 0.56 -1.98 0.65 -1.97 2.14 -2.05 2.03 1.18 -1.9 1.76 -0.96 -0.96 -2.02 0.0244039337984765 0.882456093309612 0.889314256759693 -1.268 0.355 -1.017 1.144 -1.135 0.953 0.478 -1.12 0.966 -0.596 -0.596 -1.092 -0.9684 0.312 -1.1476 1.1612 -1.124 1.0224 0.7244 -1.102 0.9408 -0.5868 -0.4868 -1.1516 -1.1576 0.378 -1.2064 1.1068 -1.116 0.9636 0.5916 -1.028 0.8212 -0.7052 -0.5652 -1.2024
-0.45 -0.46 -0.44 2.02 -2.35 -0.97 -1.86 -0.0499999999999998 -0.97 -0.82 -0.9 -1.24 -0.96 -0.96 -0.02 0.69178462285976 1.63506059037185 1.88006802350247 -1.088 1.055 0.503 0.804 0.015 0.273 0.198 0.33 0.556 0.364 0.364 0.028 -0.8284 1.042 0.3624 0.8612 0.00600000000000002 0.3724 0.4644 0.338 0.5608 0.3732 0.4732 -0.0516 -0.9376 1.048 0.3236 0.7268 0.054 0.2536 0.2916 0.432 0.3812 0.2548 0.3948 -0.0624
-0.45 -0.46 -0.44 2.02 -2.35 0.03 -1.86 -1.05 2.03 1.18 2.1 1.76 0.04 1.04 1.98 0.514505249981401 1.36425084712174 0.786941403239912 -1.088 1.055 0.053 0.804 0.465 -1.077 -0.702 -1.02 -0.794 -0.086 -0.536 -0.872 -0.8284 1.042 -0.0976 0.8612 0.466 -1.0076 -0.4556 -1.042 -0.8192 -0.0868 -0.4468 -0.9716 -0.9376 1.048 -0.1164 0.7268 0.494 -1.0664 -0.5884 -0.888 -0.9388 -0.1852 -0.4852 -0.9424
0.55 0.54 -0.44 2.02 0.65 0.03 -1.86 0.95 -1.97 -0.82 1.1 1.76 -0.96 -1.96 -0.02 0.79660576325224 0.815624854396157 -0.369667877178088 0.932 0.355 0.083 -1.056 0.515 -1.247 -0.622 0.53 0.966 -0.596 -1.146 0.00800000000000002 1.1916 0.312 -0.0676000000000001 -0.9988 0.496 -1.1376 -0.3556 0.518 0.9408 -0.5868 -1.0268 -0.0716 -0.9376 -0.272 -0.1164 0.7268 -0.386 0.6936 0.2916 -0.448 -0.9388 0.2548 0.8348 -0.0624
0.55 0.54 0.56 1.02 -2.35 2.03 -0.86 0.95 1.03 0.18 -1.9 1.76 -0.96 -1.96 -0.02 0.736984601039033 0.935420686054609 0.950396315306356 0.382 -1.295 1.183 -0.506 0.515 0.403 -0.072 -1.12 0.966 -0.596 -1.146 0.00800000000000002 0.6516 -1.308 1.0124 -0.4588 0.496 0.4824 0.1844 -1.102 0.9408 -0.5868 -1.0268 -0.0716 0.5224 -1.302 1.0336 -0.5732 0.564 0.4036 0.0316000000000001 -1.028 0.8212 -0.7052 -1.1252 -0.0824
0.55 0.54 0.56 2.02 0.65 2.03 2.14 1.95 2.03 2.18 2.1 1.76 2.04 2.04 1.98 2.34899414873398 1.30243909944477 1.74256778683931 0.932 0.355 1.183 1.144 1.065 0.953 1.028 1.08 0.966 1.054 1.054 1.108 1.1916 0.312 1.0124 1.1612 1.036 1.0224 1.2644 1.058 0.9408 1.0332 1.1332 1.0084 1.0824 0.378 1.0336 1.1068 1.124 0.9636 1.1516 1.212 0.8212 0.9748 1.1148 1.0376
0.55 -0.46 0.56 2.02 1.65 -0.97 -1.86 1.95 2.03 2.18 -1.9 0.76 2.04 2.04 0.98 1.8537097817181 2.5886902411742 2.69958122482343 0.932 0.905 -0.467 -1.056 1.065 0.953 1.028 -1.12 0.416 1.054 1.054 0.558 -0.8284 -0.798 0.3624 0.8612 -0.914 -1.0076 -0.9156 0.798 -0.3592 -1.0068 -0.9068 -0.5116 1.0824 0.938 -0.6464 -1.1332 1.124 0.9636 1.1516 -1.028 0.2612 0.9748 1.1148 0.4776
0.55 -0.46 0.56 -0.98 1.65 1.03 2.14 -2.05 -0.97 2.18 1.1 0.76 2.04 1.04 1.98 1.70819481635246 0.388696465202932 0.709528099666043 -0.718 0.905 0.633 1.144 -1.135 -0.697 1.028 0.53 0.416 1.054 0.504 1.108 0.5516 -0.798 -0.5576 -0.9788 0.926 0.3724 -0.9156 -0.582 -0.3592 -1.0068 -0.4468 -0.9716 -0.5976 0.938 0.4736 1.1068 -1.116 -0.7164 1.1516 0.652 0.2612 0.9748 0.5548 1.0376
0.55 -0.46 0.56 2.02 -2.35 1.03 0.14 1.95 2.03 0.18 1.1 1.76 2.04 2.04 1.98 0.603589718173173 1.60240700123052 1.10797897630957 0.932 -1.295 0.633 0.044 1.065 0.953 -0.072 0.53 0.966 1.054 1.054 1.108 -0.8284 1.042 -0.5576 -0.0588 -0.914 -1.0076 0.00439999999999997 -0.582 -0.8192 -1.0068 -0.9068 -0.9716 1.0824 -1.302 0.4736 -0.0131999999999999 1.124 0.9636 0.0316000000000001 0.652 0.8212 0.9748 1.1148 1.0376
0.55 -0.46 -0.44 1.02 1.65 -1.97 -0.86 0.95 0.03 -1.82 -1.9 1.76 -1.96 1.04 -2.02 -0.103276332137169 -1.22695035951549 -1.14094444688992 0.382 0.905 -1.017 -0.506 0.515 -0.147 -1.172 -1.12 0.966 -1.146 0.504 -1.092 -0.3684 -0.798 0.8224 0.4012 -0.454 -0.0876 0.9244 0.798 -0.8192 0.8332 -0.4468 0.8684 -0.4976 -0.712 0.7636 0.2868 -0.386 -0.1864 0.7316 0.872 -0.9388 0.6948 -0.4852 0.8176
-0.45 -0.46 0.56 0.02 1.65 2.03 2.14 -0.0499999999999998 -0.97 -1.82 0.1 1.76 -0.96 0.04 1.98 -0.0280181768788513 -0.145702615056264 -0.204038915546187 -0.188 -0.745 -0.847 -0.996 0.015 0.273 0.648 -0.12 -0.794 0.364 -0.086 -0.872 0.0916 -0.798 -1.0176 -0.9788 0.00600000000000002 0.3724 0.9244 -0.122 -0.8192 0.3732 0.0132 -0.9716 -0.0376 0.938 1.0336 1.1068 0.00399999999999998 -0.7164 -1.0884 0.092 0.8212 -0.7052 -0.00519999999999997 1.0376
0.55 -0.46 0.56 1.02 -2.35 -1.97 0.14 -2.05 1.03 2.18 -0.9 -0.24 2.04 -0.96 -1.02 -0.358856368541475 1.10196478531385 1.3377908336904 0.382 -1.295 -1.017 0.044 -1.135 0.403 1.028 -0.57 -0.134 1.054 -0.596 -0.542 -0.3684 1.042 0.8224 -0.0588 0.926 -0.5476 -0.9156 0.338 0.1008 -1.0068 0.4732 0.4084 0.5224 -1.302 -1.2064 -0.0131999999999999 -1.116 0.4036 1.1516 -0.468 -0.2988 0.9748 -0.5652 -0.6424
-0.45 -0.46 -0.44 -0.98 -0.35 -0.97 1.14 0.95 -0.97 -1.82 -1.9 -0.24 0.04 -1.96 -2.02 1.50367976501 -0.026113034015151 0.784543439017618 0.262 0.155 0.503 -0.546 -0.435 0.273 0.648 0.78 0.106 -0.086 0.814 0.928 0.5516 0.122 0.3624 -0.5188 -0.454 0.3724 0.9244 0.798 0.1008 -0.0868 0.9332 0.8684 0.3824 0.168 0.3236 -0.5932 -0.386 0.2536 0.7316 0.872 -0.0588 -0.1852 0.8348 0.8176
0.55 -0.46 -0.44 1.02 1.65 -1.97 -0.86 -0.0499999999999998 -1.97 2.18 0.1 -0.24 -1.96 -1.96 -0.02 0.655138146633751 2.27918227661492 2.02219655977402 0.382 0.905 -1.017 -0.506 -0.035 -1.247 1.028 -0.02 -0.134 -1.146 -1.146 0.00800000000000002 -0.3684 -0.798 0.8224 0.4012 0.00600000000000002 0.8324 -0.9156 -0.122 0.1008 0.8332 0.9332 -0.0516 -0.4976 -0.712 0.7636 0.2868 0.054 0.6936 -1.0284 -0.008 -0.0588 0.6948 0.8348 -0.0624
-0.45 0.54 0.56 -1.98 1.65 0.03 -0.86 1.95 -1.97 -1.82 0.1 -0.24 0.04 -1.96 0.98 1.3574212553214 0.70701663090938 1.42823766707507 0.712 -0.745 0.053 0.354 -0.885 0.723 0.648 -0.12 0.106 -0.086 0.814 -0.422 -0.9684 0.852 -0.0676000000000001 -0.4588 1.036 -1.1376 -0.8956 -0.022 -0.1392 -0.0468 -1.0268 0.4684 -1.1576 0.938 -0.0864 -0.5732 1.124 -1.2764 -1.0884 0.092 -0.2988 -0.1452 -1.1252 0.4776
0.55 0.54 0.56 -1.98 -2.35 -1.97 0.14 1.95 1.03 0.18 2.1 1.76 0.04 0.04 -0.02 -1.04425044365886 -0.15927685693787 0.689378029126472 -1.268 -1.295 -1.017 0.044 1.065 0.403 -0.072 1.08 0.966 -0.046 -0.046 0.00800000000000002 -0.9684 -1.308 -1.1476 0.0812 1.036 0.4824 0.1844 1.058 0.9408 -0.0468 0.0532 -0.0716 -1.1576 -1.302 -1.2064 -0.0131999999999999 1.124 0.4036 0.0316000000000001 1.212 0.8212 -0.1452 -0.00519999999999997 -0.0824
0.55 0.54 0.56 2.02 1.65 -1.97 2.14 1.95 2.03 -1.82 1.1 1.76 0.04 -1.96 1.98 0.688279996241683 1.90574866925137 3.11469262668488 0.932 0.905 -1.017 1.144 1.065 0.953 -1.172 0.53 0.966 -0.046 -1.146 1.108 1.1916 0.852 -1.1476 1.1612 1.036 1.0224 -0.8956 0.518 0.9408 -0.0468 -1.0268 1.0084 1.0824 0.938 -1.2064 1.1068 1.124 0.9636 -1.0884 0.652 0.8212 -0.1452 -1.1252 1.0376
0.55 0.54 0.56 1.02 -0.35 -1.97 0.14 1.95 2.03 2.18 -0.9 1.76 2.04 0.04 -0.02 0.127922757704128 2.19357724135429 1.90441593877023 0.382 -0.195 -1.017 0.044 1.065 0.953 1.028 -0.57 0.966 1.054 -0.046 0.00800000000000002 0.6516 -0.228 -1.1476 0.0812 1.036 1.0224 1.2644 -0.562 0.9408 1.0332 0.0532 -0.0716 0.5224 -0.182 -1.2064 -0.0131999999999999 1.124 0.9636 1.1516 -0.468 0.8212 0.9748 -0.00519999999999997 -0.0824
-0.45 0.54 -0.44 -1.98 -1.35 -1.97 -1.86 -0.0499999999999998 -1.97 -1.82 -0.9 -1.24 -1.96 -0.96 -2.02 0.474961680867243 1.36761090549518 0.874129727585036 0.712 0.605 0.953 0.804 0.015 0.723 0.648 0.33 0.556 0.814 0.364 0.928 -0.9684 -0.768 -1.1476 -0.9988 -0.044 -1.1376 -0.8956 -0.562 -0.6792 -1.1268 -0.4868 -1.1516 0.8224 0.608 0.7636 0.7268 0.054 0.6936 0.7316 0.432 0.3812 0.6948 0.3948 0.8176
-0.45 -0.46 -0.44 -1.98 -2.35 0.03 -0.86 -0.0499999999999998 -1.97 1.18 0.1 -1.24 -1.96 1.04 -0.02 0.223537047314536 -0.374816907490409 -1.46325276772981 0.712 1.055 0.053 0.354 0.015 0.723 -0.702 -0.12 0.556 0.814 -0.536 0.028 1.0116 1.042 -0.0976 0.4012 0.00600000000000002 0.8324 -0.4556 -0.122 0.5608 0.8332 -0.4468 -0.0516 0.8224 1.048 -0.1164 0.2868 0.054 0.6936 -0.5884 -0.008 0.3812 0.6948 -0.4852 -0.0624
-0.45 -0.46 -0.44 -1.98 1.65 2.03 2.14 -0.0499999999999998 0.03 1.18 0.1 -2.24 -1.96 -0.96 -0.02 0.514974968839679 1.68051306107515 1.42595547630558 0.712 -0.745 -0.847 -0.996 0.015 -0.177 -0.702 -0.12 1.006 0.814 0.364 0.028 1.0116 -0.798 -1.0176 -0.9788 0.00600000000000002 -0.0876 -0.4556 -0.122 1.0208 0.8332 0.4732 -0.0516 0.8224 -0.712 -0.9964 -1.0332 0.054 -0.1864 -0.5884 -0.008 0.8212 0.6948 0.3948 -0.0624
-0.45 -0.46 0.56 2.02 1.65 -1.97 1.14 0.95 -0.97 -0.82 -1.9 1.76 -1.96 0.04 -2.02 0.760388696442296 0.482111810325466 0.561587359055627 -1.088 -0.745 0.953 -0.546 -0.435 0.273 0.198 0.78 -0.794 0.814 -0.086 0.928 -0.8284 -0.798 0.8224 -0.5188 -0.454 0.3724 0.4644 0.798 -0.8192 0.8332 0.0132 0.8684 1.0824 0.938 -1.2064 0.5468 0.564 -0.7164 -0.5284 -1.028 0.8212 -1.2652 -0.00519999999999997 -1.2024
-0.45 -0.46 -0.44 2.02 -2.35 1.03 -0.86 -0.0499999999999998 -0.97 -1.82 -0.9 1.76 -1.96 -0.96 -2.02 -0.501558402888798 0.342668907199008 -0.0521816201823614 -1.088 1.055 -0.397 0.354 0.015 0.273 0.648 0.33 -0.794 0.814 0.364 0.928 -0.8284 1.042 -0.5576 0.4012 0.00600000000000002 0.3724 0.9244 0.338 -0.8192 0.8332 0.4732 0.8684 -0.9376 1.048 -0.5564 0.2868 0.054 0.2536 0.7316 0.432 -0.9388 0.6948 0.3948 0.8176
0.55 -0.46 -0.44 2.02 -2.35 2.03 -1.86 -2.05 -1.97 -0.82 1.1 1.76 -1.96 0.04 -2.02 0.517634334391844 1.5983388444438 0.403350030171603 0.932 -1.295 1.183 -1.056 -1.135 -1.247 -0.622 0.53 0.966 -1.146 -0.046 -1.092 -0.8284 1.042 -1.0176 0.8612 0.926 0.8324 0.4644 -0.582 -0.8192 0.8332 0.0132 0.8684 -0.9376 1.048 -0.9964 0.7268 0.934 0.6936 0.2916 -0.448 -0.9388 0.6948 -0.0452 0.8176
-0.45 -0.46 -0.44 -1.98 -1.35 2.03 -1.86 1.95 1.03 2.18 -0.9 1.76 2.04 -0.96 -0.02 2.0187969241828 -0.43961566398285 1.12936300928418 0.712 0.605 -0.847 0.804 -0.885 -0.627 -1.152 0.33 -0.794 -0.986 0.364 0.028 1.0116 0.582 -1.0176 0.8612 -0.914 -0.5476 -0.9156 0.338 -0.8192 -1.0068 0.4732 -0.0516 0.8224 0.608 -0.9964 0.7268 -0.826 -0.6264 -1.0284 0.432 -0.9388 -1.0652 0.3948 -0.0624
-0.45 -0.46 -0.44 0.02 0.65 2.03 0.14 -0.0499999999999998 -1.97 -1.82 -0.9 -0.24 -0.96 -1.96 -1.02 0.541958585678703 0.61164715100163 1.46820611261863 -0.188 -0.295 -0.847 -0.096 0.015 0.723 0.648 0.33 0.106 0.364 0.814 0.478 0.0916 -0.338 -1.0176 -0.0588 0.00600000000000002 0.8324 0.9244 0.338 0.1008 0.3732 0.9332 0.4084 -0.0576 -0.272 -0.9964 -0.1532 0.054 0.6936 0.7316 0.432 -0.0588 0.2548 0.8348 0.3776
-0.45 -0.46 0.56 2.02 0.65 0.03 -1.86 -1.05 -1.97 0.18 -1.9 1.76 -0.96 -0.96 -0.02 -0.804670753088856 0.670490965544182 1.28275033628079 -1.088 -0.295 0.053 0.804 0.465 0.723 -0.252 0.78 -0.794 0.364 0.364 0.028 -0.8284 -0.338 -0.0976 0.8612 0.466 0.8324 0.00439999999999997 0.798 -0.8192 0.3732 0.4732 -0.0516 1.0824 0.378 -0.0864 -1.1332 -0.556 -1.2764 0.0316000000000001 -1.028 0.8212 -0.7052 -0.5652 -0.0824
0.55 0.54 0.56 2.02 1.65 -1.97 -1.86 -1.05 -0.97 1.18 2.1 0.76 2.04 2.04 -0.02 0.199093127963233 2.32479528875984 0.696668931020223 0.932 0.905 -1.017 -1.056 -0.585 -0.697 0.478 1.08 0.416 1.054 1.054 0.00800000000000002 1.1916 0.852 -1.1476 -0.9988 -0.584 -0.5976 0.7244 1.058 0.4008 1.0332 1.1332 -0.0716 1.0824 0.938 -1.2064 -1.1332 -0.556 -0.7164 0.5916 1.212 0.2612 0.9748 1.1148 -0.0824
-0.45 0.54 0.56 2.02 -0.35 2.03 -1.86 -1.05 -1.97 -1.82 1.1 -1.24 2.04 0.04 1.98 1.02302702411303 2.28235030734897 2.38853943927812 -1.088 0.155 -0.847 0.804 0.465 0.723 0.648 -0.57 0.556 -0.986 -0.086 -0.872 1.1916 -0.228 1.0124 -0.9988 -0.584 -1.1376 -0.8956 0.518 -0.6792 1.0332 0.0532 1.0084 1.0824 -0.182 1.0336 -1.1332 -0.556 -1.2764 -1.0884 0.652 -0.8588 0.9748 -0.00519999999999997 1.0376
-0.45 0.54 -0.44 -1.98 0.65 -1.97 0.14 -1.05 -0.97 -1.82 -1.9 -2.24 -1.96 -0.96 -1.02 0.501925109423588 0.584652840855575 1.64121332730751 0.712 -0.295 0.953 -0.096 0.465 0.273 0.648 0.78 1.006 0.814 0.364 0.478 -0.9684 0.312 -1.1476 0.0812 -0.584 -0.5976 -0.8956 -1.102 -1.2192 -1.1268 -0.4868 -0.6116 0.8224 -0.272 0.7636 -0.1532 0.494 0.2536 0.7316 0.872 0.8212 0.6948 0.3948 0.3776
-0.45 -0.46 -0.44 -0.98 1.65 -1.97 0.14 1.95 0.03 0.18 1.1 1.76 0.04 2.04 0.98 1.24493632338004 -0.547516100172505 2.83974436483694 0.262 -0.745 0.953 -0.096 -0.885 -0.177 -0.252 -0.57 -0.794 -0.086 -0.986 -0.422 0.5516 -0.798 0.8224 -0.0588 -0.914 -0.0876 0.00439999999999997 -0.582 -0.8192 -0.0868 -0.9068 -0.5116 0.3824 -0.712 0.7636 -0.1532 -0.826 -0.1864 -0.1484 -0.448 -0.9388 -0.1852 -0.9252 -0.5024
-0.45 -0.46 -0.44 2.02 1.65 2.03 -0.86 1.95 2.03 2.18 2.1 -1.24 1.04 1.04 0.98 1.1400923468284 1.59736781573333 0.868258472026386 -1.088 -0.745 -0.847 0.354 -0.885 -1.077 -1.152 -1.02 0.556 -0.536 -0.536 -0.422 -0.8284 -0.798 -1.0176 0.4012 -0.914 -1.0076 -0.9156 -1.042 0.5608 -0.5468 -0.4468 -0.5116 -0.9376 -0.712 -0.9964 0.2868 -0.826 -1.0664 -1.0284 -0.888 0.3812 -0.6252 -0.4852 -0.5024
0.55 -0.46 0.56 2.02 1.65 -1.97 2.14 1.95 -0.97 2.18 -0.9 -1.24 2.04 0.04 0.98 1.00642715123535 1.17582150057353 1.05247327333805 0.932 0.905 -1.017 1.144 1.065 -0.697 1.028 -0.57 -0.684 1.054 -0.046 0.558 -0.8284 -0.798 0.8224 -0.9788 -0.914 0.3724 -0.9156 0.338 0.5608 -1.0068 0.0132 -0.5116 1.0824 0.938 -1.2064 1.1068 1.124 -0.7164 1.1516 -0.468 -0.8588 0.9748 -0.00519999999999997 0.4776
0.55 -0.46 -0.44 -1.98 -2.35 2.03 -0.86 -0.0499999999999998 1.03 -1.82 -1.9 -2.24 -0.96 0.04 -2.02 -0.271678435311146 -0.2354379314508 0.169788208155043 -1.268 -1.295 1.183 -0.506 -0.035 0.403 -1.172 -1.12 -1.234 -0.596 -0.046 -1.092 1.0116 1.042 -1.0176 0.4012 0.00600000000000002 -0.5476 0.9244 0.798 1.0208 0.3732 0.0132 0.8684 0.8224 1.048 -0.9964 0.2868 0.054 -0.6264 0.7316 0.872 0.8212 0.2548 -0.0452 0.8176
-0.45 -0.46 -0.44 2.02 -2.35 -1.97 1.14 -2.05 -1.97 -1.82 -0.9 -2.24 -1.96 2.04 0.98 0.435233757481034 0.514865427752192 -0.217573880377077 -1.088 1.055 0.953 -0.546 0.915 0.723 0.648 0.33 1.006 0.814 -0.986 -0.422 -0.8284 1.042 0.8224 -0.5188 0.926 0.8324 0.9244 0.338 1.0208 0.8332 -0.9068 -0.5116 -0.9376 1.048 0.7636 -0.5932 0.934 0.6936 0.7316 0.432 0.8212 0.6948 -0.9252 -0.5024
0.55 -0.46 0.56 0.02 -2.35 -1.97 1.14 -2.05 0.03 2.18 -0.9 -1.24 -1.96 -1.96 -2.02 0.025017012628917 0.507744201779802 0.589474829772644 -0.168 -1.295 -1.017 0.594 -1.135 -0.147 1.028 -0.57 -0.684 -1.146 -1.146 -1.092 0.0916 1.042 0.8224 -0.5188 0.926 -0.0876 -0.9156 0.338 0.5608 0.8332 0.9332 0.8684 -0.0376 -1.302 -1.2064 0.5468 -1.116 -0.1564 1.1516 -0.468 -0.8588 -1.2652 -1.1252 -1.2024
-0.45 0.54 -0.44 1.02 1.65 -0.97 -1.86 -0.0499999999999998 2.03 -0.82 -0.9 -1.24 -1.96 -1.96 -2.02 -0.25747361225582 -0.1539489340076 -1.26926528528741 -0.638 -0.745 0.503 0.804 0.015 -1.077 0.198 0.33 0.556 0.814 0.814 0.928 0.6516 0.852 -0.6076 -0.9988 -0.044 1.0224 -0.3556 -0.562 -0.6792 -1.1268 -1.0268 -1.1516 -0.4976 -0.712 0.3236 0.7268 0.054 -1.0664 0.2916 0.432 0.3812 0.6948 0.8348 0.8176
0.55 -0.46 -0.44 -0.98 0.65 -0.97 1.14 -2.05 1.03 0.18 0.1 0.76 2.04 -1.96 -0.02 -1.14074112997917 -0.409285325883884 -0.157557111971435 -0.718 0.355 -0.467 0.594 -1.135 0.403 -0.072 -0.02 0.416 1.054 -1.146 0.00800000000000002 0.5516 -0.338 0.3624 -0.5188 0.926 -0.5476 0.00439999999999997 -0.122 -0.3592 -1.0068 0.9332 -0.0516 0.3824 -0.272 0.3236 -0.5932 0.934 -0.6264 -0.1484 -0.008 -0.4988 -1.0652 0.8348 -0.0624
0.55 0.54 0.56 0.02 1.65 2.03 -0.86 -2.05 -0.97 2.18 -1.9 -0.24 -0.96 2.04 -0.02 0.11492031074984 0.0458819886199016 0.267288380328257 -0.168 0.905 1.183 -0.506 -1.135 -0.697 1.028 -1.12 -0.134 -0.596 1.054 0.00800000000000002 0.1116 0.852 1.0124 -0.4588 -1.124 -0.5976 1.2644 -1.102 -0.1392 -0.5868 1.1332 -0.0716 -0.0376 0.938 1.0336 -0.5732 -1.116 -0.7164 1.1516 -1.028 -0.2988 -0.7052 1.1148 -0.0824
-0.45 0.54 -0.44 1.02 -0.35 2.03 2.14 1.95 -1.97 -0.82 2.1 -0.24 -1.96 0.04 -1.02 -0.282171154583748 0.00394255417060388 -0.986894246983765 -0.638 0.155 -0.847 -0.996 -0.885 0.723 0.198 -1.02 0.106 0.814 -0.086 0.478 0.6516 -0.228 1.0124 1.1612 1.036 -1.1376 -0.3556 1.058 -0.1392 -1.1268 0.0532 -0.6116 -0.4976 0.168 -0.9964 -1.0332 -0.826 0.6936 0.2916 -0.888 -0.0588 0.6948 -0.0452 0.3776
-0.45 -0.46 -0.44 -1.98 1.65 -1.97 2.14 -0.0499999999999998 -0.97 -1.82 0.1 -2.24 0.04 -1.96 -2.02 -0.238812168959385 0.292960797889486 0.432971460196107 0.712 -0.745 0.953 -0.996 0.015 0.273 0.648 -0.12 1.006 -0.086 0.814 0.928 1.0116 -0.798 0.8224 -0.9788 0.00600000000000002 0.3724 0.9244 -0.122 1.0208 -0.0868 0.9332 0.8684 0.8224 -0.712 0.7636 -1.0332 0.054 0.2536 0.7316 -0.008 0.8212 -0.1852 0.8348 0.8176
-0.45 -0.46 -0.44 2.02 1.65 0.03 -1.86 1.95 -1.97 2.18 -1.9 1.76 -1.96 -0.96 -0.02 2.21105410786811 0.981288935861808 0.492732088160199 -1.088 -0.745 0.053 0.804 -0.885 0.723 -1.152 0.78 -0.794 0.814 0.364 0.028 -0.8284 -0.798 -0.0976 0.8612 -0.914 0.8324 -0.9156 0.798 -0.8192 0.8332 0.4732 -0.0516 -0.9376 -0.712 -0.1164 0.7268 -0.826 0.6936 -1.0284 0.872 -0.9388 0.6948 0.3948 -0.0624
-0.45 -0.46 -0.44 -1.98 -2.35 0.03 1.14 -1.05 -1.97 -0.82 0.1 -2.24 -1.96 -0.96 -1.02 0.355213482904247 1.27091128956756 0.897561092909282 0.712 1.055 0.053 -0.546 0.465 0.723 0.198 -0.12 1.006 0.814 0.364 0.478 1.0116 1.042 -0.0976 -0.5188 0.466 0.8324 0.4644 -0.122 1.0208 0.8332 0.4732 0.4084 0.8224 1.048 -0.1164 -0.5932 0.494 0.6936 0.2916 -0.008 0.8212 0.6948 0.3948 0.3776
-0.45 0.54 0.56 -1.98 -1.35 0.03 -1.86 -1.05 -1.97 0.18 2.1 -1.24 0.04 2.04 -1.02 1.00188639874072 1.40051877501993 2.15025006874931 0.712 0.605 0.053 0.804 0.465 0.723 -0.252 -1.02 0.556 -0.086 -0.986 0.478 -0.9684 -0.768 -0.0676000000000001 -0.9988 -0.584 -1.1376 0.1844 1.058 -0.6792 -0.0468 1.1332 -0.6116 -1.1576 -0.742 -0.0864 -1.1332 -0.556 -1.2764 0.0316000000000001 1.212 -0.8588 -0.1452 1.1148 -0.6424
0.55 0.54 0.56 1.02 -1.35 2.03 -1.86 -1.05 2.03 0.18 0.1 1.76 0.04 -0.96 -2.02 0.956923118385787 1.52240286174742 1.76820539415763 0.382 -0.745 1.183 -1.056 -0.585 0.953 -0.072 -0.02 0.966 -0.046 -0.596 -1.092 0.6516 -0.768 1.0124 -0.9988 -0.584 1.0224 0.1844 -0.022 0.9408 -0.0468 -0.4868 -1.1516 0.5224 -0.742 1.0336 -1.1332 -0.556 0.9636 0.0316000000000001 0.092 0.8212 -0.1452 -0.5652 -1.2024
0.55 -0.46 -0.44 -1.98 1.65 1.03 0.14 -2.05 -1.97 -1.82 -0.9 -2.24 -1.96 -1.96 -1.02 1.44096618696031 3.23565213759309 3.2429518956266 -1.268 0.905 0.633 0.044 -1.135 -1.247 -1.172 -0.57 -1.234 -1.146 -1.146 -0.542 1.0116 -0.798 -0.5576 -0.0588 0.926 0.8324 0.9244 0.338 1.0208 0.8332 0.9332 0.4084 0.8224 -0.712 -0.5564 -0.1532 0.934 0.6936 0.7316 0.432 0.8212 0.6948 0.8348 0.3776
-0.45 0.54 0.56 -1.98 -0.35 -1.97 1.14 0.95 2.03 1.18 1.1 0.76 0.04 -0.96 0.98 0.972110195083322 0.62883150735501 1.379931947823 0.712 0.155 0.953 -0.546 -0.435 -1.077 -0.702 -0.57 -0.344 -0.086 0.364 -0.422 -0.9684 -0.228 -1.1476 0.6212 0.496 1.0224 0.7244 0.518 0.4008 -0.0468 -0.4868 0.4684 -1.1576 -0.182 -1.2064 0.5468 0.564 0.9636 0.5916 0.652 0.2612 -0.1452 -0.5652 0.4776
-0.45 -0.46 -0.44 -1.98 0.65 -1.97 2.14 -2.05 1.03 0.18 -0.9 1.76 1.04 2.04 0.98 0.181761045169482 0.181279266423116 0.887587293799474 0.712 -0.295 0.953 -0.996 0.915 -0.627 -0.252 0.33 -0.794 -0.536 -0.986 -0.422 1.0116 -0.338 0.8224 -0.9788 0.926 -0.5476 0.00439999999999997 0.338 -0.8192 -0.5468 -0.9068 -0.5116 0.8224 -0.272 0.7636 -1.0332 0.934 -0.6264 -0.1484 0.432 -0.9388 -0.6252 -0.9252 -0.5024
0.55 0.54 -0.44 0.02 -1.35 2.03 2.14 0.95 1.03 2.18 2.1 1.76 -0.96 -1.96 1.98 0.295103459147646 -0.417645632344298 1.09939855711498 -0.168 -0.745 1.183 1.144 0.515 0.403 1.028 1.08 0.966 -0.596 -1.146 1.108 0.1116 -0.768 1.0124 1.1612 0.496 0.4824 1.2644 1.058 0.9408 -0.5868 -1.0268 1.0084 -0.0576 0.608 -0.9964 -1.0332 -0.386 -0.6264 -1.0284 -0.888 -0.9388 0.2548 0.8348 -0.9424
-0.45 -0.46 -0.44 -1.98 0.65 0.03 0.14 -2.05 2.03 -1.82 2.1 1.76 1.04 -1.96 0.98 -0.73334776823717 0.171187495273941 -0.511669711199107 0.712 -0.295 0.053 -0.096 0.915 -1.077 0.648 -1.02 -0.794 -0.536 0.814 -0.422 1.0116 -0.338 -0.0976 -0.0588 0.926 -1.0076 0.9244 -1.042 -0.8192 -0.5468 0.9332 -0.5116 0.8224 -0.272 -0.1164 -0.1532 0.934 -1.0664 0.7316 -0.888 -0.9388 -0.6252 0.8348 -0.5024
0.55 -0.46 -0.44 2.02 -2.35 -1.97 2.14 -2.05 2.03 2.18 2.1 -0.24 2.04 2.04 -0.02 1.64347391470401 0.750229903090604 1.67568499274046 0.932 -1.295 -1.017 1.144 -1.135 0.953 1.028 1.08 -0.134 1.054 1.054 0.00800000000000002 -0.8284 1.042 0.8224 -0.9788 0.926 -1.0076 -0.9156 -1.042 0.1008 -1.0068 -0.9068 -0.0516 -0.9376 1.048 0.7636 -1.0332 0.934 -1.0664 -1.0284 -0.888 -0.0588 -1.0652 -0.9252 -0.0624
-0.45 0.54 0.56 0.02 -0.35 -0.97 -0.86 -2.05 -0.97 -1.82 -1.9 1.76 0.04 -1.96 -0.02 -0.308296201466748 -0.864105508537061 0.112703170936328 -0.188 0.155 0.503 0.354 0.915 0.273 0.648 0.78 -0.794 -0.086 0.814 0.028 0.1116 -0.228 -0.6076 -0.4588 -1.124 -0.5976 -0.8956 -1.102 0.9408 -0.0468 -1.0268 -0.0716 -0.0376 -0.182 -0.6464 -0.5732 -1.116 -0.7164 -1.0884 -1.028 0.8212 -0.1452 -1.1252 -0.0824
0.55 -0.46 -0.44 -1.98 -1.35 -0.97 2.14 0.95 0.03 1.18 -1.9 -2.24 -1.96 2.04 -0.02 0.545809440787391 1.39537966829832 1.22328696599496 -1.268 -0.745 -0.467 1.144 0.515 -0.147 0.478 -1.12 -1.234 -1.146 1.054 0.00800000000000002 1.0116 0.582 0.3624 -0.9788 -0.454 -0.0876 -0.4556 0.798 1.0208 0.8332 -0.9068 -0.0516 0.8224 0.608 0.3236 -1.0332 -0.386 -0.1864 -0.5884 0.872 0.8212 0.6948 -0.9252 -0.0624
-0.45 -0.46 -0.44 -1.98 1.65 -1.97 -1.86 1.95 2.03 0.18 -1.9 -1.24 -0.96 -0.96 0.98 1.14147447439355 0.858143386103673 0.0461982717204884 0.712 -0.745 0.953 0.804 -0.885 -1.077 -0.252 0.78 0.556 0.364 0.364 -0.422 1.0116 -0.798 0.8224 0.8612 -0.914 -1.0076 0.00439999999999997 0.798 0.5608 0.3732 0.4732 -0.5116 0.8224 -0.712 0.7636 0.7268 -0.826 -1.0664 -0.1484 0.872 0.3812 0.2548 0.3948 -0.5024
0.55 -0.46 -0.44 2.02 1.65 2.03 0.14 1.95 -1.97 2.18 -0.9 -0.24 -0.96 2.04 -0.02 0.505849712142538 1.17240755595641 1.22213738028908 0.932 0.905 1.183 0.044 1.065 -1.247 1.028 -0.57 -0.134 -0.596 1.054 0.00800000000000002 -0.8284 -0.798 -1.0176 -0.0588 -0.914 0.8324 -0.9156 0.338 0.1008 0.3732 -0.9068 -0.0516 -0.9376 -0.712 -0.9964 -0.1532 -0.826 0.6936 -1.0284 0.432 -0.0588 0.2548 -0.9252 -0.0624
0.55 0.54 -0.44 -1.98 1.65 -1.97 -1.86 1.95 -0.97 1.18 2.1 -2.24 2.04 0.04 0.98 0.730267129354434 0.587059336968747 1.50685575876954 -1.268 0.905 -1.017 -1.056 1.065 -0.697 0.478 1.08 -1.234 1.054 -0.046 0.558 -0.9684 0.852 -1.1476 -0.9988 1.036 -0.5976 0.7244 1.058 -1.2192 1.0332 0.0532 0.4684 0.8224 -0.712 0.7636 0.7268 -0.826 0.2536 -0.5884 -0.888 0.8212 -1.0652 -0.0452 -0.5024
-0.45 0.54 -0.44 -1.98 1.65 -1.97 0.14 -2.05 -1.97 -1.82 -1.9 -2.24 -0.96 -1.96 -2.02 0.647623040284051 -0.327483329580858 0.572103490837991 0.712 -0.745 0.953 -0.096 0.915 0.723 0.648 0.78 1.006 0.364 0.814 0.928 -0.9684 0.852 -1.1476 0.0812 -1.124 -1.1376 -0.8956 -1.102 -1.2192 -0.5868 -1.0268 -1.1516 0.8224 -0.712 0.7636 -0.1532 0.934 0.6936 0.7316 0.872 0.8212 0.2548 0.8348 0.8176
-0.45 -0.46 -0.44 -1.98 1.65 1.03 1.14 -1.05 2.03 0.18 0.1 1.76 1.04 -1.96 0.98 0.566686474548811 1.11674725914585 1.51095706922459 0.712 -0.745 -0.397 -0.546 0.465 -1.077 -0.252 -0.12 -0.794 -0.536 0.814 -0.422 1.0116 -0.798 -0.5576 -0.5188 0.466 -1.0076 0.00439999999999997 -0.122 -0.8192 -0.5468 0.9332 -0.5116 0.8224 -0.712 -0.5564 -0.5932 0.494 -1.0664 -0.1484 -0.008 -0.9388 -0.6252 0.8348 -0.5024
-0.45 0.54 -0.44 2.02 1.65 1.03 0.14 -0.0499999999999998 0.03 2.18 2.1 0.76 -0.96 2.04 1.98 -0.642224298491058 1.145374173628 0.664614529086611 -1.088 -0.745 -0.397 -0.096 0.015 -0.177 -1.152 -1.02 -0.344 0.364 -0.986 -0.872 1.1916 0.852 0.4724 0.0812 -0.044 -0.0576000000000001 1.2644 1.058 0.4008 -0.5868 1.1332 1.0084 -0.9376 -0.712 -0.5564 -0.1532 0.054 -0.1864 -1.0284 -0.888 -0.4988 0.2548 -0.9252 -0.9424
0.55 -0.46 0.56 2.02 -1.35 -1.97 -1.86 -2.05 2.03 -1.82 0.1 -0.24 0.04 -0.96 -0.02 0.803361410274689 0.880359960224429 1.01614044868839 0.932 -0.745 -1.017 -1.056 -1.135 0.953 -1.172 -0.02 -0.134 -0.046 -0.596 0.00800000000000002 -0.8284 0.582 0.8224 0.8612 0.926 -1.0076 0.9244 -0.122 0.1008 -0.0868 0.4732 -0.0516 1.0824 -0.742 -1.2064 -1.1332 -1.116 0.9636 -1.0884 0.092 -0.2988 -0.1452 -0.5652 -0.0824
-0.45 -0.46 -0.44 0.02 -1.35 -0.97 0.14 0.95 -0.97 -1.82 0.1 1.76 0.04 -0.96 0.98 0.500912039034669 -0.31107632346188 -0.146793740758646 -0.188 0.605 0.503 -0.096 -0.435 0.273 0.648 -0.12 -0.794 -0.086 0.364 -0.422 0.0916 0.582 0.3624 -0.0588 -0.454 0.3724 0.9244 -0.122 -0.8192 -0.0868 0.4732 -0.5116 -0.0576 0.608 0.3236 -0.1532 -0.386 0.2536 0.7316 -0.008 -0.9388 -0.1852 0.3948 -0.5024
-0.45 0.54 -0.44 2.02 -2.35 2.03 0.14 -2.05 -0.97 0.18 -0.9 0.76 2.04 2.04 1.98 -0.397687323518092 1.450552294885 1.0470370727522 -1.088 1.055 -0.847 -0.096 0.915 0.273 -0.252 0.33 -0.344 -0.986 -0.986 -0.872 1.1916 -1.308 1.0124 0.0812 -1.124 -0.5976 0.1844 -0.562 0.4008 1.0332 1.1332 1.0084 -0.9376 1.048 -0.9964 -0.1532 0.934 0.2536 -0.1484 0.432 -0.4988 -1.0652 -0.9252 -0.9424
-0.45 -0.46 -0.44 -1.98 -2.35 -1.97 1.14 1.95 0.03 2.18 0.1 1.76 2.04 0.04 1.98 0.962172687383981 1.5689836283906 1.29602741205824 0.712 1.055 0.953 -0.546 -0.885 -0.177 -1.152 -0.12 -0.794 -0.986 -0.086 -0.872 1.0116 1.042 0.8224 -0.5188 -0.914 -0.0876 -0.9156 -0.122 -0.8192 -1.0068 0.0132 -0.9716 0.8224 1.048 0.7636 -0.5932 -0.826 -0.1864 -1.0284 -0.008 -0.9388 -1.0652 -0.0452 -0.9424
-0.45 0.54 0.56 -1.98 1.65 2.03 1.14 -1.05 2.03 -0.82 1.1 1.76 -1.96 -0.96 0.98 1.1626253347777 0.574918106794391 1.37718429599034 0.712 -0.745 -0.847 -0.546 0.465 -1.077 0.198 -0.57 -0.794 0.814 0.364 -0.422 -0.9684 0.852 1.0124 0.6212 -0.584 1.0224 -0.3556 0.518 0.9408 -1.1268 -0.4868 0.4684 -1.1576 0.938 1.0336 0.5468 -0.556 0.9636 -0.5284 0.652 0.8212 -1.2652 -0.5652 0.4776
-0.45 0.54 0.56 0.02 -1.35 -0.97 -1.86 0.95 1.03 -0.82 -1.9 -2.24 0.04 0.04 0.98 1.19282594587616 1.74712562292479 2.18537505371475 -0.188 0.605 0.503 0.804 -0.435 -0.627 0.198 0.78 1.006 -0.086 -0.086 -0.422 0.1116 -0.768 -0.6076 -0.9988 0.496 0.4824 -0.3556 -1.102 -1.2192 -0.0468 0.0532 0.4684 -0.0376 -0.742 -0.6464 -1.1332 0.564 0.4036 -0.5284 -1.028 -1.4188 -0.1452 -0.00519999999999997 0.4776
