0.54 -0.53 -0.47 -1.09 1.74 -0.17 -2.19 1.02 -1.71 -0.94 -0.97 -1.93 -0.0600000000000001 0.96 -1.1 0.408818220695224 2.20530892662822 2.13506721925981 -0.5372 0.8992 -0.1336 -1.2552 0.4816 -1.0268 -0.4852 -0.6476 -1.0244 -0.1048 0.4268 -0.698 0.5854 -1.0344 0.0802 1.1614 -0.6112 0.7926 0.4064 0.4982 1.0258 -0.0964 -0.6176 0.476 0.6346 -0.8256 0.0298 1.0386 -0.4988 0.7474 0.2836 0.4618 0.8642 -0.0536 -0.4824 0.484
0.54 0.47 0.53 -1.09 -0.26 -2.17 1.81 1.02 -1.71 2.06 1.03 0.0700000000000001 1.94 1.96 -0.1 2.28081505741406 2.55670091967368 2.10811339674119 -0.5372 -0.1808 -1.2136 0.9048 0.4816 -1.0268 1.1348 0.4324 0.0556 0.9752 0.9668 -0.158 -0.5046 -0.2344 -1.0298 0.8514 0.4088 -0.9174 0.8764 0.4682 0.0358 0.7836 0.8124 -0.154 -0.4554 -0.1456 -1.2002 0.9686 0.5212 -0.9626 0.9336 0.5518 -0.00580000000000001 0.9464 1.0076 -0.086
0.54 -0.53 -0.47 1.91 0.74 -0.17 -1.19 2.02 -0.71 -1.94 0.03 -0.93 -2.06 0.96 -2.1 0.61839596722768 1.49652173324682 0.635200689496692 1.0828 0.3592 -0.1336 -0.7152 1.0216 -0.4868 -1.0252 -0.1076 -0.4844 -1.1848 0.4268 -1.238 -1.0046 -0.5044 0.0802 0.6314 -1.1412 0.2626 0.9364 -0.0318 0.4958 0.9636 -0.6176 1.006 -0.7754 -0.3556 0.0298 0.5686 -0.9688 0.2774 0.7536 -0.00819999999999996 0.3942 0.8864 -0.4824 0.954
0.54 -0.53 0.53 -2.09 1.74 0.83 -2.19 2.02 -0.71 -1.94 2.03 1.07 -2.06 -2.04 -2.1 -0.671907788986293 -0.300326531009836 1.20363707265494 -1.0772 0.8992 0.4064 -1.2552 1.0216 -0.4868 -1.0252 0.9724 0.5956 -1.1848 -1.1932 -1.238 1.1154 -1.0344 -0.4498 1.1614 -1.1412 0.2626 0.9364 -1.0918 -0.5642 0.9636 0.9724 1.006 -0.9854 0.9144 0.3898 -1.1514 1.0512 -0.4326 -1.1864 1.0818 0.5242 -1.1736 -1.1124 -1.146
-0.46 -0.53 -0.47 1.91 0.74 0.83 -1.19 0.02 1.29 2.06 2.03 -0.93 -1.06 1.96 -1.1 1.08203379096345 1.09411110816743 -1.08562778576929 -0.8272 -0.3808 -0.4236 0.4748 -0.0784 -0.6968 -0.9252 -1.0576 0.4456 0.4152 -0.9932 0.402 -1.0046 -0.5044 -0.4498 0.6314 -0.0812 -0.7974 -1.1836 -1.0918 0.4958 0.4336 -1.1476 0.476 -0.7754 -0.3556 -0.4402 0.5686 -0.0288 -0.6626 -1.1264 -0.9482 0.3942 0.4164 -0.9524 0.484
0.54 -0.53 0.53 1.91 -1.26 -0.17 -2.19 0.02 -1.71 0.0600000000000001 -1.97 -1.93 -0.0600000000000001 -2.04 -1.1 -0.443977182026254 1.44716734216997 0.307690420512202 1.0828 -0.7208 -0.1336 -1.2552 -0.0584 -1.0268 0.0548 -1.1876 -1.0244 -0.1048 -1.1932 -0.698 -1.0046 0.5556 0.0802 1.1614 -0.0812 0.7926 -0.1236 1.0282 1.0258 -0.0964 0.9724 0.476 1.1346 -0.6756 -0.1402 -1.1514 -0.0088 -0.9626 -0.1264 -1.0382 -1.0658 -0.1136 -1.1124 -0.616
-0.46 0.47 0.53 1.91 1.74 -2.17 -1.19 -1.98 -1.71 -1.94 -1.97 -1.93 -1.06 -2.04 -2.1 -1.00127523726845 -0.70520740327497 0.543025343236911 -0.8272 -0.8408 0.9564 0.4748 0.8416 0.6832 0.9148 0.7824 0.9056 0.4152 0.8468 0.862 0.9054 0.7056 -1.0298 -0.5586 -1.0012 -0.9174 -1.0036 -0.9418 -0.9042 -0.6264 -1.0676 -1.094 1.1346 0.9144 -1.2002 -0.6214 -1.0688 -0.9626 -1.1864 -1.0382 -1.0658 -0.6436 -1.1124 -1.146
-0.46 0.47 -0.47 0.91 0.74 1.83 -1.19 -1.98 2.29 -0.94 2.03 0.0700000000000001 1.94 0.96 1.9 -0.0120870067421968 2.18929222058537 3.3202125650441 -0.3672 -0.3808 -0.8836 0.4748 0.8416 -1.1568 0.4548 -1.0576 -0.0144 -0.9648 -0.5332 -0.978 0.4354 0.2356 0.8502 -0.5586 -1.0012 0.9626 -0.5336 0.9382 0.0358 0.7836 0.3424 0.786 -0.3054 -0.3556 -0.9102 0.5686 0.9112 -1.1326 0.2836 -0.9482 -0.0758 -0.9936 -0.4824 -0.926
0.54 -0.53 0.53 -2.09 -1.26 1.83 1.81 0.02 -1.71 0.0600000000000001 2.03 -0.93 -0.0600000000000001 0.96 0.9 -0.238261637696782 2.28340217920693 1.26002917401949 -1.0772 -0.7208 0.9464 0.9048 -0.0584 -1.0268 0.0548 0.9724 -0.4844 -0.1048 0.4268 0.382 1.1154 0.5556 -0.9798 -0.9586 -0.0812 0.7926 -0.1236 -1.0918 0.4958 -0.0964 -0.6176 -0.584 -0.9854 -0.6756 0.9198 0.9686 -0.0088 -0.9626 -0.1264 1.0818 -0.5358 -0.1136 0.4776 0.444
0.54 0.47 0.53 -2.09 1.74 1.83 -0.19 2.02 1.29 -0.94 2.03 2.07 1.94 1.96 1.9 0.626567271269563 2.87159098352336 2.72631100926046 -1.0772 0.8992 0.9464 -0.1752 1.0216 0.5932 -0.4852 0.9724 1.1356 0.9752 0.9668 0.922 -0.9746 0.7056 0.8502 -0.0886 0.8788 0.4926 -0.5336 0.9382 0.9758 0.7836 0.8124 0.786 -0.9854 0.9144 0.9198 -0.0914 1.0512 0.6274 -0.6564 1.0818 1.0542 0.9464 1.0076 0.974
-0.46 0.47 -0.47 1.91 1.74 -2.17 0.81 1.02 -0.71 2.06 1.03 1.07 -2.06 -1.04 -1.1 0.858301274802197 0.448715515414996 2.50591206875945 -0.8272 -0.8408 0.9564 -0.4452 -0.5384 0.2232 -0.9252 -0.5976 -0.4744 0.8752 0.3868 0.402 0.9054 0.7056 -1.0298 0.3814 0.4088 -0.4474 0.8764 0.4682 0.5058 -1.0964 -0.5976 -0.624 -0.7754 -0.8256 0.9698 -0.3714 -0.4988 0.2774 -1.1264 -0.4782 -0.5458 0.8864 0.4576 0.484
0.54 -0.53 -0.47 1.91 1.74 1.83 1.81 1.02 0.29 1.06 1.03 0.0700000000000001 1.94 1.96 -0.1 0.752481216199609 -0.240286894951225 -1.20028996344414 1.0828 0.8992 0.9464 0.9048 0.4816 0.0532 0.5948 0.4324 0.0556 0.9752 0.9668 -0.158 -1.0046 -1.0344 -0.9798 -0.9586 -0.6112 -0.2674 -0.6536 -0.5618 -0.0342 -1.1564 -1.1476 -0.054 -0.7754 -0.8256 -0.9102 -0.8414 -0.4988 -0.1926 -0.6564 -0.4782 -0.0758 -0.9936 -0.9524 0.014
-0.46 -0.53 -0.47 -2.09 -0.26 1.83 -2.19 2.02 -1.71 -1.94 2.03 0.0700000000000001 0.94 -2.04 -2.1 0.181851339812377 1.69840893005158 -0.0668242794200009 1.0128 0.0792 -0.8836 0.9348 -0.9984 0.6832 0.9148 -1.0576 -0.0144 -0.5048 0.8468 0.862 1.1154 0.0256 -0.9798 1.1614 -1.1412 0.7926 0.9364 -1.0918 -0.0342 -0.6264 0.9724 1.006 1.1046 0.1144 -0.9102 1.0386 -0.9688 0.7474 0.7536 -0.9482 -0.0758 -0.5236 0.9276 0.954
-0.46 -0.53 -0.47 -1.09 1.74 0.83 1.81 -0.98 -1.71 1.06 2.03 -1.93 -1.06 1.96 -1.1 1.43970998406822 0.70926438235626 0.577557132522213 0.5528 -0.8408 -0.4236 -0.9052 0.3816 0.6832 -0.4652 -1.0576 0.9056 0.4152 -0.9932 0.402 0.5854 -1.0344 -0.4498 -0.9586 0.4488 0.7926 -0.6536 -1.0918 1.0258 0.4336 -1.1476 0.476 0.6346 -0.8256 -0.4402 -0.8414 0.4412 0.7474 -0.6564 -0.9482 0.8642 0.4164 -0.9524 0.484
0.54 -0.53 0.53 1.91 0.74 -2.17 -2.19 -1.98 1.29 -1.94 1.03 -1.93 -2.06 -2.04 -2.1 0.292489000678685 0.476596315456568 1.25700179511367 1.0828 0.3592 -1.2136 -1.2552 -1.1384 0.5932 -1.0252 0.4324 -1.0244 -1.1848 -1.1932 -1.238 -1.0046 -0.5044 1.1402 1.1614 0.9788 -0.7974 0.9364 -0.5618 1.0258 0.9636 0.9724 1.006 1.1346 0.3844 -1.2002 -1.1514 -1.0688 0.6274 -1.1864 0.5518 -1.0658 -1.1736 -1.1124 -1.146
0.54 0.47 0.53 1.91 -1.26 1.83 1.81 0.02 -1.71 2.06 2.03 1.07 -0.0600000000000001 0.96 0.9 -0.448311322899563 1.31601199299793 2.07340741176421 1.0828 -0.7208 0.9464 0.9048 -0.0584 -1.0268 1.1348 0.9724 0.5956 -0.1048 0.4268 0.382 0.9054 -0.7044 0.8502 0.8514 -0.0612 -0.9174 0.8764 0.9382 0.5058 -0.1564 0.3424 0.316 1.1346 -0.6756 0.9198 0.9686 -0.0088 -0.9626 0.9336 1.0818 0.5242 -0.1136 0.4776 0.444
0.54 -0.53 0.53 -2.09 -2.26 -2.17 1.81 -1.98 -1.71 1.06 0.03 2.07 -1.06 -2.04 -2.1 -0.22240495937168 1.10581951937609 0.451784218684466 -1.0772 -1.2608 -1.2136 0.9048 -1.1384 -1.0268 0.5948 -0.1076 1.1356 -0.6448 -1.1932 -1.238 1.1154 1.0856 1.1402 -0.9586 0.9788 0.7926 -0.6536 -0.0318 -1.0942 0.4336 0.9724 1.006 -0.9854 -1.2056 -1.2002 0.9686 -1.0688 -0.9626 0.4036 0.0218 1.0542 -0.6436 -1.1124 -1.146
-0.46 -0.53 -0.47 -2.09 0.74 1.83 -2.19 2.02 1.29 -0.94 -0.97 -0.93 -1.06 -1.04 -2.1 1.90918885450897 -0.023261621620282 0.875188362269787 1.0128 -0.3808 -0.8836 0.9348 -0.9984 -0.6968 0.4548 0.3224 0.4456 0.4152 0.3868 0.862 1.1154 -0.5044 -0.9798 1.1614 -1.1412 -0.7974 0.4064 0.4982 0.4958 0.4336 0.4424 1.006 1.1046 -0.3556 -0.9102 1.0386 -0.9688 -0.6626 0.2836 0.4618 0.3942 0.4164 0.4576 0.954
-0.46 -0.53 -0.47 -2.09 -2.26 1.83 -0.19 0.02 1.29 1.06 -0.97 2.07 1.94 1.96 -0.1 -1.16687489172756 0.343273997394995 0.0290447288996779 1.0128 0.9992 -0.8836 0.0148 -0.0784 -0.6968 -0.4652 0.3224 -0.9344 -0.9648 -0.9932 -0.058 1.1154 1.0856 -0.9798 0.1014 -0.0812 -0.7974 -0.6536 0.4982 -1.0942 -1.1564 -1.1476 -0.054 1.1046 1.0544 -0.9102 0.0986 -0.0288 -0.6626 -0.6564 0.4618 -1.0158 -0.9936 -0.9524 0.014
0.54 0.47 0.53 -0.0899999999999999 1.74 1.83 -1.19 1.02 -1.71 2.06 1.03 2.07 -2.06 0.96 1.9 0.986898856500021 0.0866883595690016 1.89642081777252 0.00280000000000001 0.8992 0.9464 -0.7152 0.4816 -1.0268 1.1348 0.4324 1.1356 -1.1848 0.4268 0.922 -0.0346 0.7056 0.8502 -0.5586 0.4088 -0.9174 0.8764 0.4682 0.9758 -1.0964 0.3424 0.786 0.0746 0.9144 0.9198 -0.6214 0.5212 -0.9626 0.9336 0.5518 1.0542 -1.1736 0.4776 0.974
0.54 0.47 -0.47 1.91 -1.26 1.83 -0.19 -0.98 0.29 -1.94 -1.97 1.07 -2.06 1.96 1.9 0.6436132583999 -0.0583417320425377 0.302658508106405 1.0828 -0.7208 0.9464 -0.1752 -0.5984 0.0532 -1.0252 -1.1876 0.5956 -1.1848 0.9668 0.922 0.9054 -0.7044 0.8502 -0.0886 -0.5312 0.0226 -1.0036 -0.9418 0.5058 -1.0964 0.8124 0.786 -0.7754 0.5844 -0.9102 0.0986 0.4412 -0.1926 0.7536 0.9318 -0.5458 0.8864 -0.9524 -0.926
0.54 -0.53 0.53 0.91 -2.26 -2.17 1.81 -1.98 2.29 2.06 2.03 1.07 1.94 -1.04 1.9 0.26499976529641 0.512128243575015 1.08891406634587 0.5428 -1.2608 -1.2136 0.9048 -1.1384 1.1332 1.1348 0.9724 0.5956 0.9752 -0.6532 0.922 -0.4746 1.0856 1.1402 -0.9586 0.9788 -1.3274 -1.1836 -1.0918 -0.5642 -1.1564 0.4424 -1.114 0.6046 -1.2056 -1.2002 0.9686 -1.0688 1.1574 0.9336 1.0818 0.5242 0.9464 -0.5824 0.974
-0.46 0.47 -0.47 -1.09 1.74 -2.17 1.81 -0.98 -0.71 -1.94 -0.97 -0.93 1.94 -2.04 0.9 1.69545172129449 1.56472168475645 2.94195239291394 0.5528 -0.8408 0.9564 -0.9052 0.3816 0.2232 0.9148 0.3224 0.4456 -0.9648 0.8468 -0.518 -0.5046 0.7056 -1.0298 0.8514 -0.5312 -0.4474 -1.0036 -0.4718 -0.4342 0.7836 -1.0676 0.316 0.6346 -0.8256 0.9698 -0.8414 0.4412 0.2774 0.7536 0.4618 0.3942 -0.9936 0.9276 -0.456
-0.46 -0.53 -0.47 -2.09 -1.26 -1.17 -2.19 -1.98 -1.71 -1.94 2.03 0.0700000000000001 0.94 0.96 -0.1 1.09199148476917 -0.340995914498739 0.307746494439665 1.0128 0.5392 0.4964 0.9348 0.8416 0.6832 0.9148 -1.0576 -0.0144 -0.5048 -0.5332 -0.058 1.1154 0.5556 0.6102 1.1614 0.9788 0.7926 0.9364 -1.0918 -0.0342 -0.6264 -0.6176 -0.054 1.1046 0.5844 0.4998 1.0386 0.9112 0.7474 0.7536 -0.9482 -0.0758 -0.5236 -0.4824 0.014
0.54 0.47 0.53 -1.09 0.74 0.83 1.81 2.02 1.29 2.06 2.03 2.07 1.94 0.96 1.9 2.18021616853836 2.68739755282916 2.30716843481095 -0.5372 0.3592 0.4064 0.9048 1.0216 0.5932 1.1348 0.9724 1.1356 0.9752 0.4268 0.922 -0.5046 0.2356 0.3802 0.8514 0.8788 0.4926 0.8764 0.9382 0.9758 0.7836 0.3424 0.786 -0.4554 0.3844 0.3898 0.9686 1.0512 0.6274 0.9336 1.0818 1.0542 0.9464 0.4776 0.974
-0.46 -0.53 -0.47 1.91 -2.26 -0.17 -1.19 0.02 1.29 -0.94 -0.97 2.07 -1.06 -1.04 0.9 0.193374394245456 1.82405763157179 1.87214990566474 -0.8272 0.9992 0.0364 0.4748 -0.0784 -0.6968 0.4548 0.3224 -0.9344 0.4152 0.3868 -0.518 -1.0046 1.0856 0.0802 0.6314 -0.0812 -0.7974 0.4064 0.4982 -1.0942 0.4336 0.4424 -0.584 -0.7754 1.0544 0.0298 0.5686 -0.0288 -0.6626 0.2836 0.4618 -1.0158 0.4164 0.4576 -0.456
-0.46 0.47 -0.47 1.91 1.74 1.83 -0.19 1.02 -1.71 2.06 0.03 -0.93 0.94 1.96 -0.1 1.02389739280529 0.770596650303276 1.43825590058453 -0.8272 -0.8408 -0.8836 0.0148 -0.5384 0.6832 -0.9252 -0.1376 0.4456 -0.5048 -0.9932 -0.058 0.9054 0.7056 0.8502 -0.0886 0.4088 -0.9174 0.8764 -0.00180000000000004 -0.4342 0.3136 0.8124 -0.154 -0.7754 -0.8256 -0.9102 0.0986 -0.4988 0.7474 -1.1264 -0.00819999999999996 0.3942 -0.5236 -0.9524 0.014
0.54 0.47 0.53 -2.09 1.74 1.83 -0.19 1.02 -1.71 0.0600000000000001 2.03 -1.93 0.94 -1.04 -0.1 0.879880399963981 0.722210744679321 -0.338239852295591 -1.0772 0.8992 0.9464 -0.1752 0.4816 -1.0268 0.0548 0.9724 -1.0244 0.4352 -0.6532 -0.158 -0.9746 0.7056 0.8502 -0.0886 0.4088 -0.9174 -0.0636 0.9382 -0.9042 0.3136 -0.5976 -0.154 -0.9854 0.9144 0.9198 -0.0914 0.5212 -0.9626 -0.1264 1.0818 -1.0658 0.4164 -0.5824 -0.086
0.54 0.47 -0.47 -2.09 1.74 1.83 1.81 2.02 2.29 -1.94 -0.97 0.0700000000000001 -2.06 -1.04 -0.1 1.38068200315513 0.321684018557044 0.894678434915343 -1.0772 0.8992 0.9464 0.9048 1.0216 1.1332 -1.0252 -0.6476 0.0556 -1.1848 -0.6532 -0.158 -0.9746 0.7056 0.8502 0.8514 0.8788 0.9626 -1.0036 -0.4718 0.0358 -1.0964 -0.5976 -0.154 1.1046 -0.8256 -0.9102 -0.8414 -0.9688 -1.1326 0.7536 0.4618 -0.0758 0.8864 0.4576 0.014
-0.46 0.47 -0.47 1.91 0.74 -2.17 -1.19 -0.98 0.29 2.06 1.03 2.07 0.94 -0.04 0.9 -0.508160591853795 2.78167755439989 1.70130046235453 -0.8272 -0.3808 0.9564 0.4748 0.3816 -0.2368 -0.9252 -0.5976 -0.9344 -0.5048 -0.0732 -0.518 0.9054 0.2356 -1.0298 -0.5586 -0.5312 0.0226 0.8764 0.4682 0.9758 0.3136 -0.1276 0.316 -0.7754 -0.3556 0.9698 0.5686 0.4412 -0.1926 -1.1264 -0.4782 -1.0158 -0.5236 -0.0124 -0.456
-0.46 -0.53 0.53 -1.09 -0.26 -1.17 -2.19 -0.98 -1.71 2.06 0.03 -0.93 -1.06 -1.04 -1.1 0.890157185573084 0.453785187761789 -0.479777403684247 0.5528 0.0792 0.4964 0.9348 0.3816 0.6832 -0.9252 -0.1376 0.4456 0.4152 0.3868 0.402 0.5854 0.0256 0.6102 1.1614 0.4488 0.7926 -1.1836 -0.0318 0.4958 0.4336 0.4424 0.476 -0.4554 -0.1456 -0.6702 -1.1514 -0.5388 -0.9626 0.9336 0.0218 -0.5358 -0.6436 -0.5824 -0.616
-0.46 -0.53 -0.47 0.91 -0.26 -2.17 0.81 -0.98 1.29 -0.94 0.03 2.07 1.94 0.96 0.9 1.44750031171887 -1.11529965487737 0.199987714494574 -0.3672 0.0792 0.9564 -0.4452 0.3816 -0.6968 0.4548 -0.1376 -0.9344 -0.9648 -0.5332 -0.518 -0.4746 0.0256 1.1402 -0.4286 0.4488 -0.7974 0.4064 -0.0318 -1.0942 -1.1564 -0.6176 -0.584 -0.3054 0.1144 0.9698 -0.3714 0.4412 -0.6626 0.2836 -0.00819999999999996 -1.0158 -0.9936 -0.4824 -0.456
0.54 0.47 0.53 1.91 0.74 1.83 1.81 -0.98 0.29 0.0600000000000001 -0.97 -1.93 -1.06 0.96 -1.1 0.985854486140145 0.163052398504111 -1.0413650217406 1.0828 0.3592 0.9464 0.9048 -0.5984 0.0532 0.0548 -0.6476 -1.0244 -0.6448 0.4268 -0.698 0.9054 0.2356 0.8502 0.8514 -0.5312 0.0226 -0.0636 -0.4718 -0.9042 -0.6264 0.3424 -0.624 1.1346 0.3844 0.9198 0.9686 -0.5388 0.0974 -0.1264 -0.5082 -1.0658 -0.6436 0.4776 -0.616
-0.46 -0.53 -0.47 1.91 1.74 1.83 1.81 -0.98 0.29 0.0600000000000001 2.03 2.07 -0.0600000000000001 0.96 1.9 -1.15021864874587 0.456656982212417 -0.214381893091005 -0.8272 -0.8408 -0.8836 -0.9052 0.3816 -0.2368 -0.00519999999999997 -1.0576 -0.9344 -0.0448 -0.5332 -0.978 -1.0046 -1.0344 -0.9798 -0.9586 0.4488 -0.2674 -0.1236 -1.0918 -1.0942 -0.0964 -0.6176 -1.114 -0.7754 -0.8256 -0.9102 -0.8414 0.4412 -0.1926 -0.1864 -0.9482 -1.0158 -0.0536 -0.4824 -0.926
-0.46 -0.53 -0.47 -2.09 -1.26 -2.17 -0.19 -1.98 -1.71 -1.94 -1.97 2.07 -2.06 -2.04 -2.1 0.289725425132734 0.727248099238943 1.65899427390469 1.0128 0.5392 0.9564 0.0148 0.8416 0.6832 0.9148 0.7824 -0.9344 0.8752 0.8468 0.862 1.1154 0.5556 1.1402 0.1014 0.9788 0.7926 0.9364 1.0282 -1.0942 0.9636 0.9724 1.006 1.1046 0.5844 0.9698 0.0986 0.9112 0.7474 0.7536 0.9318 -1.0158 0.8864 0.9276 0.954
-0.46 0.47 0.53 0.91 -2.26 -2.17 -0.19 2.02 2.29 0.0600000000000001 -0.97 2.07 1.94 1.96 1.9 0.527291214083074 1.08397291549308 1.32911124232762 -0.3672 0.9992 0.9564 0.0148 -0.9984 -1.1568 -0.00519999999999997 0.3224 -0.9344 -0.9648 -0.9932 -0.978 0.4354 -1.1744 -1.0298 -0.0886 0.8788 0.9626 -0.0636 -0.4718 0.9758 0.7836 0.8124 0.786 0.6046 -1.2056 -1.2002 -0.0914 1.0512 1.1574 -0.1264 -0.5082 1.0542 0.9464 1.0076 0.974
-0.46 0.47 0.53 -0.0899999999999999 1.74 0.83 -2.19 2.02 -1.71 -1.94 -1.97 0.0700000000000001 1.94 0.96 -2.1 3.18166194150752 2.44030630609143 4.27002765556761 0.0928 -0.8408 -0.4236 0.9348 -0.9984 0.6832 0.9148 0.7824 -0.0144 -0.9648 -0.5332 0.862 -0.0346 0.7056 0.3802 -1.0286 0.8788 -0.9174 -1.0036 -0.9418 0.0358 0.7836 0.3424 -1.094 0.0746 0.9144 0.3898 -1.1514 1.0512 -0.9626 -1.1864 -1.0382 -0.00580000000000001 0.9464 0.4776 -1.146
0.54 0.47 -0.47 1.91 -0.26 -0.17 -2.19 2.02 0.29 -1.94 1.03 2.07 0.94 0.96 1.9 0.487260483018954 1.32033365239646 0.378161951743506 1.0828 -0.1808 -0.1336 -1.2552 1.0216 0.0532 -1.0252 0.4324 1.1356 0.4352 0.4268 0.922 0.9054 -0.2344 -0.0898 -1.0286 0.8788 0.0226 -1.0036 0.4682 0.9758 0.3136 0.3424 0.786 -0.7754 0.1144 0.0298 1.0386 -0.9688 -0.1926 0.7536 -0.4782 -1.0158 -0.5236 -0.4824 -0.926
-0.46 -0.53 -0.47 1.91 -0.26 1.83 1.81 2.02 2.29 2.06 1.03 2.07 -0.0600000000000001 1.96 1.9 0.811949732392907 0.784049314363222 1.41594189935955 -0.8272 0.0792 -0.8836 -0.9052 -0.9984 -1.1568 -0.9252 -0.5976 -0.9344 -0.0448 -0.9932 -0.978 -1.0046 0.0256 -0.9798 -0.9586 -1.1412 -1.3274 -1.1836 -0.5618 -1.0942 -0.0964 -1.1476 -1.114 -0.7754 0.1144 -0.9102 -0.8414 -0.9688 -1.1326 -1.1264 -0.4782 -1.0158 -0.0536 -0.9524 -0.926
-0.46 -0.53 -0.47 0.91 1.74 1.83 1.81 -1.98 -1.71 1.06 1.03 -0.93 -0.0600000000000001 0.96 1.9 -0.521909063315741 0.133368055028664 1.17274785648551 -0.3672 -0.8408 -0.8836 -0.9052 0.8416 0.6832 -0.4652 -0.5976 0.4456 -0.0448 -0.5332 -0.978 -0.4746 -1.0344 -0.9798 -0.9586 0.9788 0.7926 -0.6536 -0.5618 0.4958 -0.0964 -0.6176 -1.114 -0.3054 -0.8256 -0.9102 -0.8414 0.9112 0.7474 -0.6564 -0.4782 0.3942 -0.0536 -0.4824 -0.926
0.54 -0.53 -0.47 -2.09 1.74 1.83 -0.19 1.02 -0.71 -0.94 1.03 -1.93 0.94 -2.04 0.9 0.754425823755483 0.328503257849046 -0.0147077533770589 -1.0772 0.8992 0.9464 -0.1752 0.4816 -0.4868 -0.4852 0.4324 -1.0244 0.4352 -1.1932 0.382 1.1154 -1.0344 -0.9798 0.1014 -0.6112 0.2626 0.4064 -0.5618 1.0258 -0.6264 0.9724 -0.584 1.1046 -0.8256 -0.9102 0.0986 -0.4988 0.2774 0.2836 -0.4782 0.8642 -0.5236 0.9276 -0.456
0.54 0.47 0.53 1.91 1.74 1.83 -2.19 2.02 2.29 2.06 2.03 2.07 1.94 -1.04 1.9 0.0468808494409789 2.65003899480864 2.50667885362255 1.0828 0.8992 0.9464 -1.2552 1.0216 1.1332 1.1348 0.9724 1.1356 0.9752 -0.6532 0.922 0.9054 0.7056 0.8502 -1.0286 0.8788 0.9626 0.8764 0.9382 0.9758 0.7836 -0.5976 0.786 1.1346 0.9144 0.9198 -1.1514 1.0512 1.1574 0.9336 1.0818 1.0542 0.9464 -0.5824 0.974
0.54 -0.53 -0.47 1.91 -2.26 -1.17 1.81 -1.98 0.29 -1.94 -0.97 -1.93 -0.0600000000000001 -2.04 0.9 0.0533176359426148 2.09998738380814 0.53545679953733 1.0828 -1.2608 -0.6736 0.9048 -1.1384 0.0532 -1.0252 -0.6476 -1.0244 -0.1048 -1.1932 0.382 -1.0046 1.0856 0.6102 -0.9586 0.9788 -0.2674 0.9364 0.4982 1.0258 -0.0964 0.9724 -0.584 -0.7754 1.0544 0.4998 -0.8414 0.9112 -0.1926 0.7536 0.4618 0.8642 -0.0536 0.9276 -0.456
-0.46 0.47 -0.47 0.91 0.74 -0.17 -0.19 2.02 0.29 1.06 -0.97 -1.93 -0.0600000000000001 -0.04 -0.1 0.556297347388372 1.44771634892516 1.83166053127353 -0.3672 -0.3808 0.0364 0.0148 -0.9984 -0.2368 -0.4652 0.3224 0.9056 -0.0448 -0.0732 -0.058 0.4354 0.2356 -0.0898 -0.0886 0.8788 0.0226 0.4064 -0.4718 -0.9042 -0.1564 -0.1276 -0.154 -0.3054 -0.3556 0.0298 0.0986 -0.9688 -0.1926 -0.6564 0.4618 0.8642 -0.0536 -0.0124 0.014
-0.46 0.47 -0.47 -0.0899999999999999 1.74 -2.17 -0.19 2.02 -1.71 -1.94 -1.97 -1.93 -1.06 1.96 -0.1 -0.739798737858101 -0.895266019980076 0.277305033644156 0.0928 -0.8408 0.9564 0.0148 -0.9984 0.6832 0.9148 0.7824 0.9056 0.4152 -0.9932 -0.058 -0.0346 0.7056 -1.0298 -0.0886 0.8788 -0.9174 -1.0036 -0.9418 -0.9042 -0.6264 0.8124 -0.154 0.1646 -0.8256 0.9698 0.0986 -0.9688 0.7474 0.7536 0.9318 0.8642 0.4164 -0.9524 0.014
-0.46 -0.53 0.53 -1.09 -2.26 1.83 -0.19 0.02 -1.71 -1.94 -1.97 -1.93 1.94 0.96 -1.1 0.936808152790986 1.6646362485287 1.75521038575178 0.5528 0.9992 -0.8836 0.0148 -0.0784 0.6832 0.9148 0.7824 0.9056 -0.9648 -0.5332 0.402 0.5854 1.0856 -0.9798 0.1014 -0.0812 0.7926 0.9364 1.0282 1.0258 -1.1564 -0.6176 0.476 -0.4554 -1.2056 0.9198 -0.0914 -0.0088 -0.9626 -1.1864 -1.0382 -1.0658 0.9464 0.4776 -0.616
0.54 0.47 -0.47 -2.09 -0.26 1.83 0.81 -0.98 2.29 1.06 2.03 2.07 -0.0600000000000001 1.96 -0.1 0.825766276611233 1.94459741769763 2.25132966781644 -1.0772 -0.1808 0.9464 0.3648 -0.5984 1.1332 0.5948 0.9724 1.1356 -0.1048 0.9668 -0.158 -0.9746 -0.2344 0.8502 0.3814 -0.5312 0.9626 0.4064 0.9382 0.9758 -0.1564 0.8124 -0.154 1.1046 0.1144 -0.9102 -0.3714 0.4412 -1.1326 -0.6564 -0.9482 -1.0158 -0.0536 -0.9524 0.014
-0.46 -0.53 0.53 0.91 -2.26 -1.17 1.81 1.02 0.29 -0.94 -1.97 1.07 1.94 -1.04 0.9 0.725114899446446 1.70026218014848 2.60396756063844 -0.3672 0.9992 0.4964 -0.9052 -0.5384 -0.2368 0.4548 0.7824 -0.4744 -0.9648 0.3868 -0.518 -0.4746 1.0856 0.6102 -0.9586 -0.6112 -0.2674 0.4064 1.0282 -0.5642 -1.1564 0.4424 -0.584 0.6046 -1.2056 -0.6702 0.9686 0.5212 0.0974 -0.6564 -1.0382 0.5242 0.9464 -0.5824 0.444
-0.46 0.47 -0.47 -2.09 1.74 -2.17 -1.19 1.02 -1.71 0.0600000000000001 -1.97 0.0700000000000001 1.94 -0.04 1.9 1.49266353165565 2.26022596648578 1.59320744230291 1.0128 -0.8408 0.9564 0.4748 -0.5384 0.6832 -0.00519999999999997 0.7824 -0.0144 -0.9648 -0.0732 -0.978 -0.9746 0.7056 -1.0298 -0.5586 0.4088 -0.9174 -0.0636 -0.9418 0.0358 0.7836 -0.1276 0.786 1.1046 -0.8256 0.9698 0.5686 -0.4988 0.7474 -0.1864 0.9318 -0.0758 -0.9936 -0.0124 -0.926
0.54 -0.53 -0.47 1.91 -2.26 -2.17 1.81 0.02 -1.71 -1.94 2.03 1.07 0.94 1.96 -1.1 0.698154402713875 0.974765640486055 0.761985771994661 1.0828 -1.2608 -1.2136 0.9048 -0.0584 -1.0268 -1.0252 0.9724 0.5956 0.4352 0.9668 -0.698 -1.0046 1.0856 1.1402 -0.9586 -0.0812 0.7926 0.9364 -1.0918 -0.5642 -0.6264 -1.1476 0.476 -0.7754 1.0544 0.9698 -0.8414 -0.0288 0.7474 0.7536 -0.9482 -0.5458 -0.5236 -0.9524 0.484
-0.46 0.47 0.53 0.91 1.74 1.83 -2.19 -0.98 1.29 2.06 0.03 -1.93 0.94 1.96 1.9 0.502637775760441 0.110404811411012 0.73588486136794 -0.3672 -0.8408 -0.8836 0.9348 0.3816 -0.6968 -0.9252 -0.1376 0.9056 -0.5048 -0.9932 -0.978 0.4354 0.7056 0.8502 -1.0286 -0.5312 0.4926 0.8764 -0.00180000000000004 -0.9042 0.3136 0.8124 0.786 0.6046 0.9144 0.9198 -1.1514 -0.5388 0.6274 0.9336 0.0218 -1.0658 0.4164 1.0076 0.974
-0.46 0.47 0.53 0.91 -2.26 1.83 -2.19 -0.98 -0.71 1.06 -1.97 -1.93 -0.0600000000000001 -2.04 -2.1 0.421250228060214 0.215806026369387 0.550871473489911 -0.3672 0.9992 -0.8836 0.9348 0.3816 0.2232 -0.4652 0.7824 0.9056 -0.0448 0.8468 0.862 0.4354 -1.1744 0.8502 -1.0286 -0.5312 -0.4474 0.4064 -0.9418 -0.9042 -0.1564 -1.0676 -1.094 0.6046 -1.2056 0.9198 -1.1514 -0.5388 -0.4326 0.4036 -1.0382 -1.0658 -0.1136 -1.1124 -1.146
-0.46 -0.53 -0.47 1.91 -2.26 1.83 1.81 -0.98 -0.71 -1.94 -1.97 -1.93 -2.06 -1.04 -2.1 0.853471524265692 0.734286166741099 1.36802829875867 -0.8272 0.9992 -0.8836 -0.9052 0.3816 0.2232 0.9148 0.7824 0.9056 0.8752 0.3868 0.862 -1.0046 1.0856 -0.9798 -0.9586 0.4488 0.2626 0.9364 1.0282 1.0258 0.9636 0.4424 1.006 -0.7754 1.0544 -0.9102 -0.8414 0.4412 0.2774 0.7536 0.9318 0.8642 0.8864 0.4576 0.954
0.54 0.47 0.53 -1.09 1.74 -0.17 -1.19 0.02 0.29 2.06 2.03 -0.93 -1.06 -1.04 -2.1 1.07227477999262 -0.457490453659207 1.05641730265823 -0.5372 0.8992 -0.1336 -0.7152 -0.0584 0.0532 1.1348 0.9724 -0.4844 -0.6448 -0.6532 -1.238 -0.5046 0.7056 -0.0898 -0.5586 -0.0612 0.0226 0.8764 0.9382 -0.4342 -0.6264 -0.5976 -1.094 -0.4554 0.9144 -0.1402 -0.6214 -0.0088 0.0974 0.9336 1.0818 -0.5358 -0.6436 -0.5824 -1.146
0.54 0.47 0.53 -0.0899999999999999 -0.26 -0.17 1.81 2.02 0.29 -0.94 -1.97 0.0700000000000001 1.94 1.96 1.9 1.24010802031084 1.67234996828943 2.41561584592018 0.00280000000000001 -0.1808 -0.1336 0.9048 1.0216 0.0532 -0.4852 -1.1876 0.0556 0.9752 0.9668 0.922 -0.0346 -0.2344 -0.0898 0.8514 0.8788 0.0226 -0.5336 -0.9418 0.0358 0.7836 0.8124 0.786 0.0746 -0.1456 -0.1402 0.9686 1.0512 0.0974 -0.6564 -1.0382 -0.00580000000000001 0.9464 1.0076 0.974
0.54 0.47 -0.47 0.91 -1.26 1.83 -2.19 -1.98 -1.71 -0.94 -1.97 -0.93 -0.0600000000000001 -1.04 0.9 0.264598051085444 0.778519613849713 1.34768752602233 0.5428 -0.7208 0.9464 -1.2552 -1.1384 -1.0268 -0.4852 -1.1876 -0.4844 -0.1048 -0.6532 0.382 0.4354 -0.7044 0.8502 -1.0286 -1.0012 -0.9174 -0.5336 -0.9418 -0.4342 -0.1564 -0.5976 0.316 -0.3054 0.5844 -0.9102 1.0386 0.9112 0.7474 0.2836 0.9318 0.3942 -0.0536 0.4576 -0.456
0.54 -0.53 0.53 -1.09 1.74 1.83 -2.19 2.02 0.29 0.0600000000000001 -0.97 1.07 -0.0600000000000001 -0.04 1.9 1.19026066264192 0.985891011547296 2.86501973099814 -0.5372 0.8992 0.9464 -1.2552 1.0216 0.0532 0.0548 -0.6476 0.5956 -0.1048 -0.1132 0.922 0.5854 -1.0344 -0.9798 1.1614 -1.1412 -0.2674 -0.1236 0.4982 -0.5642 -0.0964 -0.0876 -1.114 -0.4554 0.9144 0.9198 -1.1514 1.0512 0.0974 -0.1264 -0.5082 0.5242 -0.1136 -0.0524 0.974
0.54 0.47 0.53 1.91 -0.26 0.83 1.81 2.02 1.29 1.06 1.03 -1.93 1.94 1.96 1.9 1.26132402588684 1.08243330225875 1.38869278641398 1.0828 -0.1808 0.4064 0.9048 1.0216 0.5932 0.5948 0.4324 -1.0244 0.9752 0.9668 0.922 0.9054 -0.2344 0.3802 0.8514 0.8788 0.4926 0.4064 0.4682 -0.9042 0.7836 0.8124 0.786 1.1346 -0.1456 0.3898 0.9686 1.0512 0.6274 0.4036 0.5518 -1.0658 0.9464 1.0076 0.974
0.54 -0.53 -0.47 -0.0899999999999999 -0.26 -2.17 1.81 0.02 1.29 -1.94 -1.97 -0.93 -1.06 -0.04 -0.1 0.682691717895521 0.386244820157008 2.454163208566 0.00280000000000001 -0.1808 -1.2136 0.9048 -0.0584 0.5932 -1.0252 -1.1876 -0.4844 -0.6448 -0.1132 -0.158 0.0554 0.0256 1.1402 -0.9586 -0.0812 -0.7974 0.9364 1.0282 0.4958 0.4336 -0.0876 -0.054 0.1646 0.1144 0.9698 -0.8414 -0.0288 -0.6626 0.7536 0.9318 0.3942 0.4164 -0.0124 0.014
-0.46 -0.53 -0.47 -1.09 1.74 1.83 -2.19 -0.98 -1.71 0.0600000000000001 -1.97 2.07 0.94 -2.04 -2.1 0.444751103797762 0.604078801699665 0.182396940781809 0.5528 -0.8408 -0.8836 0.9348 0.3816 0.6832 -0.00519999999999997 0.7824 -0.9344 -0.5048 0.8468 0.862 0.5854 -1.0344 -0.9798 1.1614 0.4488 0.7926 -0.1236 1.0282 -1.0942 -0.6264 0.9724 1.006 0.6346 -0.8256 -0.9102 1.0386 0.4412 0.7474 -0.1864 0.9318 -1.0158 -0.5236 0.9276 0.954
-0.46 -0.53 -0.47 -2.09 -2.26 0.83 -0.19 -1.98 1.29 0.0600000000000001 2.03 -1.93 -1.06 -0.04 -0.1 0.425268701481198 0.0641928735319546 -0.382996571681591 1.0128 0.9992 -0.4236 0.0148 0.8416 -0.6968 -0.00519999999999997 -1.0576 0.9056 0.4152 -0.0732 -0.058 1.1154 1.0856 -0.4498 0.1014 0.9788 -0.7974 -0.1236 -1.0918 1.0258 0.4336 -0.0876 -0.054 1.1046 1.0544 -0.4402 0.0986 0.9112 -0.6626 -0.1864 -0.9482 0.8642 0.4164 -0.0124 0.014
-0.46 -0.53 -0.47 1.91 -0.26 -2.17 -1.19 -0.98 -1.71 -0.94 -1.97 -0.93 -0.0600000000000001 -1.04 -2.1 0.212170368580818 0.777453764866624 1.05286392530536 -0.8272 0.0792 0.9564 0.4748 0.3816 0.6832 0.4548 0.7824 0.4456 -0.0448 0.3868 0.862 -1.0046 0.0256 1.1402 0.6314 0.4488 0.7926 0.4064 1.0282 0.4958 -0.0964 0.4424 1.006 -0.7754 0.1144 0.9698 0.5686 0.4412 0.7474 0.2836 0.9318 0.3942 -0.0536 0.4576 0.954
0.54 -0.53 0.53 -1.09 -2.26 1.83 -0.19 0.02 2.29 0.0600000000000001 1.03 1.07 0.94 1.96 0.9 0.370485209301296 0.991530181546625 0.550871609447703 -0.5372 -1.2608 0.9464 -0.1752 -0.0584 1.1332 0.0548 0.4324 0.5956 0.4352 0.9668 0.382 0.5854 1.0856 -0.9798 0.1014 -0.0812 -1.3274 -0.1236 -0.5618 -0.5642 -0.6264 -1.1476 -0.584 -0.4554 -1.2056 0.9198 -0.0914 -0.0088 1.1574 -0.1264 0.5518 0.5242 0.4164 1.0076 0.444
0.54 0.47 0.53 -2.09 -0.26 -1.17 -0.19 -1.98 -1.71 -1.94 -1.97 2.07 0.94 -0.04 0.9 1.04442920186997 1.75349420727275 0.681420453829889 -1.0772 -0.1808 -0.6736 -0.1752 -1.1384 -1.0268 -1.0252 -1.1876 1.1356 0.4352 -0.1132 0.382 -0.9746 -0.2344 -0.5598 -0.0886 -1.0012 -0.9174 -1.0036 -0.9418 0.9758 0.3136 -0.1276 0.316 -0.9854 -0.1456 -0.6702 -0.0914 -1.0688 -0.9626 -1.1864 -1.0382 1.0542 0.4164 -0.0524 0.444
0.54 0.47 -0.47 1.91 1.74 -1.17 -0.19 -0.98 1.29 -1.94 -1.97 -1.93 0.94 -2.04 -0.1 0.933108945178152 0.741702220902874 0.934459816083365 1.0828 0.8992 -0.6736 -0.1752 -0.5984 0.5932 -1.0252 -1.1876 -1.0244 0.4352 -1.1932 -0.158 0.9054 0.7056 -0.5598 -0.0886 -0.5312 0.4926 -1.0036 -0.9418 -0.9042 0.3136 -1.0676 -0.154 -0.7754 -0.8256 0.4998 0.0986 0.4412 -0.6626 0.7536 0.9318 0.8642 -0.5236 0.9276 0.014
0.54 0.47 0.53 1.91 0.74 -1.17 1.81 0.02 -0.71 0.0600000000000001 -0.97 -1.93 0.94 -1.04 -0.1 0.809453731414768 -0.109143998035643 0.872757058448018 1.0828 0.3592 -0.6736 0.9048 -0.0584 -0.4868 0.0548 -0.6476 -1.0244 0.4352 -0.6532 -0.158 0.9054 0.2356 -0.5598 0.8514 -0.0612 -0.4474 -0.0636 -0.4718 -0.9042 0.3136 -0.5976 -0.154 1.1346 0.3844 -0.6702 0.9686 -0.0088 -0.4326 -0.1264 -0.5082 -1.0658 0.4164 -0.5824 -0.086
0.54 0.47 0.53 -2.09 -2.26 -2.17 -1.19 -0.98 2.29 1.06 -0.97 0.0700000000000001 -1.06 -2.04 -2.1 0.115412519018472 0.141202301115123 1.16848669981888 -1.0772 -1.2608 -1.2136 -0.7152 -0.5984 1.1332 0.5948 -0.6476 0.0556 -0.6448 -1.1932 -1.238 -0.9746 -1.1744 -1.0298 -0.5586 -0.5312 0.9626 0.4064 -0.4718 0.0358 -0.6264 -1.0676 -1.094 -0.9854 -1.2056 -1.2002 -0.6214 -0.5388 1.1574 0.4036 -0.5082 -0.00580000000000001 -0.6436 -1.1124 -1.146
0.54 0.47 0.53 -0.0899999999999999 1.74 -2.17 -0.19 -1.98 -0.71 -1.94 -1.97 1.07 -2.06 0.96 -0.1 0.635230982070043 1.32753911024395 1.81010198645145 0.00280000000000001 0.8992 -1.2136 -0.1752 -1.1384 -0.4868 -1.0252 -1.1876 0.5956 -1.1848 0.4268 -0.158 -0.0346 0.7056 -1.0298 -0.0886 -1.0012 -0.4474 -1.0036 -0.9418 0.5058 -1.0964 0.3424 -0.154 0.0746 0.9144 -1.2002 -0.0914 -1.0688 -0.4326 -1.1864 -1.0382 0.5242 -1.1736 0.4776 -0.086
0.54 0.47 0.53 -1.09 -2.26 1.83 -1.19 0.02 1.29 2.06 0.03 2.07 1.94 1.96 1.9 -0.0360035890807053 0.404217891980407 1.30875982125745 -0.5372 -1.2608 0.9464 -0.7152 -0.0584 0.5932 1.1348 -0.1076 1.1356 0.9752 0.9668 0.922 -0.5046 -1.1744 0.8502 -0.5586 -0.0612 0.4926 0.8764 -0.00180000000000004 0.9758 0.7836 0.8124 0.786 -0.4554 -1.2056 0.9198 -0.6214 -0.0088 0.6274 0.9336 0.0218 1.0542 0.9464 1.0076 0.974
-0.46 0.47 -0.47 -2.09 -1.26 -0.17 0.81 -1.98 1.29 0.0600000000000001 1.03 -1.93 0.94 -0.04 -0.1 0.429773712957945 -0.400351686594929 -0.134674599748736 1.0128 0.5392 0.0364 -0.4452 0.8416 -0.6968 -0.00519999999999997 -0.5976 0.9056 -0.5048 -0.0732 -0.058 -0.9746 -0.7044 -0.0898 0.3814 -1.0012 0.4926 -0.0636 0.4682 -0.9042 0.3136 -0.1276 -0.154 1.1046 0.5844 0.0298 -0.3714 0.9112 -0.6626 -0.1864 -0.4782 0.8642 -0.5236 -0.0124 0.014
-0.46 -0.53 -0.47 -0.0899999999999999 0.74 -2.17 1.81 1.02 -1.71 2.06 2.03 2.07 -1.06 0.96 1.9 0.0424156386066066 -0.325941606956105 0.279394470336113 0.0928 -0.3808 0.9564 -0.9052 -0.5384 0.6832 -0.9252 -1.0576 -0.9344 0.4152 -0.5332 -0.978 0.0554 -0.5044 1.1402 -0.9586 -0.6112 0.7926 -1.1836 -1.0918 -1.0942 0.4336 -0.6176 -1.114 0.1646 -0.3556 0.9698 -0.8414 -0.4988 0.7474 -1.1264 -0.9482 -1.0158 0.4164 -0.4824 -0.926
0.54 0.47 -0.47 1.91 -2.26 -2.17 -2.19 0.02 0.29 -1.94 1.03 -1.93 -1.06 -2.04 -1.1 -0.300889779499258 0.26866815462614 0.320973520458039 1.0828 -1.2608 -1.2136 -1.2552 -0.0584 0.0532 -1.0252 0.4324 -1.0244 -0.6448 -1.1932 -0.698 0.9054 -1.1744 -1.0298 -1.0286 -0.0612 0.0226 -1.0036 0.4682 -0.9042 -0.6264 -1.0676 -0.624 -0.7754 1.0544 0.9698 1.0386 -0.0288 -0.1926 0.7536 -0.4782 0.8642 0.4164 0.9276 0.484
-0.46 -0.53 -0.47 -0.0899999999999999 -0.26 -2.17 1.81 -0.98 -1.71 -0.94 2.03 1.07 1.94 0.96 0.9 1.21011285435137 0.954411675792812 2.09495403925941 0.0928 0.0792 0.9564 -0.9052 0.3816 0.6832 0.4548 -1.0576 -0.4744 -0.9648 -0.5332 -0.518 0.0554 0.0256 1.1402 -0.9586 0.4488 0.7926 0.4064 -1.0918 -0.5642 -1.1564 -0.6176 -0.584 0.1646 0.1144 0.9698 -0.8414 0.4412 0.7474 0.2836 -0.9482 -0.5458 -0.9936 -0.4824 -0.456
-0.46 -0.53 -0.47 -0.0899999999999999 -2.26 -1.17 0.81 -0.98 2.29 2.06 -1.97 -1.93 -2.06 -1.04 0.9 -1.08137003873059 0.36207081281058 -0.237149254353942 0.0928 0.9992 0.4964 -0.4452 0.3816 -1.1568 -0.9252 0.7824 0.9056 0.8752 0.3868 -0.518 0.0554 1.0856 0.6102 -0.4286 0.4488 -1.3274 -1.1836 1.0282 1.0258 0.9636 0.4424 -0.584 0.1646 1.0544 0.4998 -0.3714 0.4412 -1.1326 -1.1264 0.9318 0.8642 0.8864 0.4576 -0.456
-0.46 -0.53 -0.47 -0.0899999999999999 0.74 -0.17 -2.19 -0.98 1.29 1.06 -1.97 0.0700000000000001 -1.06 -1.04 -0.1 0.293129650780348 0.452870034355791 0.398434638334234 0.0928 -0.3808 0.0364 0.9348 0.3816 -0.6968 -0.4652 0.7824 -0.0144 0.4152 0.3868 -0.058 0.0554 -0.5044 0.0802 1.1614 0.4488 -0.7974 -0.6536 1.0282 -0.0342 0.4336 0.4424 -0.054 0.1646 -0.3556 0.0298 1.0386 0.4412 -0.6626 -0.6564 0.9318 -0.0758 0.4164 0.4576 0.014
0.54 0.47 0.53 -2.09 1.74 0.83 -2.19 2.02 -0.71 2.06 2.03 1.07 -1.06 1.96 -0.1 0.549456236865296 0.555655814577878 0.394322692495193 -1.0772 0.8992 0.4064 -1.2552 1.0216 -0.4868 1.1348 0.9724 0.5956 -0.6448 0.9668 -0.158 -0.9746 0.7056 0.3802 -1.0286 0.8788 -0.4474 0.8764 0.9382 0.5058 -0.6264 0.8124 -0.154 -0.9854 0.9144 0.3898 -1.1514 1.0512 -0.4326 0.9336 1.0818 0.5242 -0.6436 1.0076 -0.086
-0.46 -0.53 -0.47 1.91 1.74 -2.17 1.81 2.02 -1.71 -1.94 -1.97 -1.93 -2.06 -2.04 -2.1 0.207104374323491 0.491538973019856 -0.0209657665676681 -0.8272 -0.8408 0.9564 -0.9052 -0.9984 0.6832 0.9148 0.7824 0.9056 0.8752 0.8468 0.862 -1.0046 -1.0344 1.1402 -0.9586 -1.1412 0.7926 0.9364 1.0282 1.0258 0.9636 0.9724 1.006 -0.7754 -0.8256 0.9698 -0.8414 -0.9688 0.7474 0.7536 0.9318 0.8642 0.8864 0.9276 0.954
0.54 0.47 -0.47 -1.09 -1.26 -0.17 -0.19 -0.98 1.29 -1.94 1.03 0.0700000000000001 0.94 -2.04 -2.1 1.03636523793054 1.73720516386321 1.77598890622693 -0.5372 -0.7208 -0.1336 -0.1752 -0.5984 0.5932 -1.0252 0.4324 0.0556 0.4352 -1.1932 -1.238 -0.5046 -0.7044 -0.0898 -0.0886 -0.5312 0.4926 -1.0036 0.4682 0.0358 0.3136 -1.0676 -1.094 0.6346 0.5844 0.0298 0.0986 0.4412 -0.6626 0.7536 -0.4782 -0.0758 -0.5236 0.9276 0.954
-0.46 0.47 -0.47 1.91 -2.26 0.83 -2.19 1.02 0.29 -0.94 2.03 -1.93 -1.06 -1.04 -1.1 1.17238481630519 0.996328366531781 1.71803294219448 -0.8272 0.9992 -0.4236 0.9348 -0.5384 -0.2368 0.4548 -1.0576 0.9056 0.4152 0.3868 0.402 0.9054 -1.1744 0.3802 -1.0286 0.4088 0.0226 -0.5336 0.9382 -0.9042 -0.6264 -0.5976 -0.624 -0.7754 1.0544 -0.4402 1.0386 -0.4988 -0.1926 0.2836 -0.9482 0.8642 0.4164 0.4576 0.484
-0.46 0.47 0.53 -1.09 1.74 -1.17 -0.19 -1.98 -0.71 0.0600000000000001 2.03 1.07 0.94 0.96 0.9 0.286920530641293 0.44481154395397 1.2093486430931 0.5528 -0.8408 0.4964 0.0148 0.8416 0.2232 -0.00519999999999997 -1.0576 -0.4744 -0.5048 -0.5332 -0.518 -0.5046 0.7056 -0.5598 -0.0886 -1.0012 -0.4474 -0.0636 0.9382 0.5058 0.3136 0.3424 0.316 -0.4554 0.9144 -0.6702 -0.0914 -1.0688 -0.4326 -0.1264 1.0818 0.5242 0.4164 0.4776 0.444
-0.46 0.47 0.53 1.91 -2.26 0.83 1.81 2.02 2.29 2.06 -1.97 0.0700000000000001 -0.0600000000000001 -0.04 -2.1 0.405931739595863 0.570834074161372 1.16493063462086 -0.8272 0.9992 -0.4236 -0.9052 -0.9984 -1.1568 -0.9252 0.7824 -0.0144 -0.0448 -0.0732 0.862 0.9054 -1.1744 0.3802 0.8514 0.8788 0.9626 0.8764 -0.9418 0.0358 -0.1564 -0.1276 -1.094 1.1346 -1.2056 0.3898 0.9686 1.0512 1.1574 0.9336 -1.0382 -0.00580000000000001 -0.1136 -0.0524 -1.146
-0.46 -0.53 -0.47 -0.0899999999999999 1.74 1.83 1.81 2.02 -1.71 -0.94 2.03 -0.93 -1.06 -2.04 -0.1 0.813700653601372 1.23003344636269 1.9310595116237 0.0928 -0.8408 -0.8836 -0.9052 -0.9984 0.6832 0.4548 -1.0576 0.4456 0.4152 0.8468 -0.058 0.0554 -1.0344 -0.9798 -0.9586 -1.1412 0.7926 0.4064 -1.0918 0.4958 0.4336 0.9724 -0.054 0.1646 -0.8256 -0.9102 -0.8414 -0.9688 0.7474 0.2836 -0.9482 0.3942 0.4164 0.9276 0.014
-0.46 0.47 0.53 -2.09 -2.26 -1.17 1.81 -0.98 0.29 -1.94 2.03 -1.93 -0.0600000000000001 -2.04 0.9 1.23429582460469 1.44371902847002 1.49119535680976 1.0128 0.9992 0.4964 -0.9052 0.3816 -0.2368 0.9148 -1.0576 0.9056 -0.0448 0.8468 -0.518 -0.9746 -1.1744 -0.5598 0.8514 -0.5312 0.0226 -1.0036 0.9382 -0.9042 -0.1564 -1.0676 0.316 -0.9854 -1.2056 -0.6702 0.9686 -0.5388 0.0974 -1.1864 1.0818 -1.0658 -0.1136 -1.1124 0.444
-0.46 0.47 0.53 -2.09 -1.26 -0.17 -1.19 1.02 2.29 -0.94 -1.97 2.07 -1.06 1.96 0.9 1.035611456074 1.07705338161566 1.60890793159099 1.0128 0.5392 0.0364 0.4748 -0.5384 -1.1568 0.4548 0.7824 -0.9344 0.4152 -0.9932 -0.518 -0.9746 -0.7044 -0.0898 -0.5586 0.4088 0.9626 -0.5336 -0.9418 0.9758 -0.6264 0.8124 0.316 -0.9854 -0.6756 -0.1402 -0.6214 0.5212 1.1574 -0.6564 -1.0382 1.0542 -0.6436 1.0076 0.444
-0.46 -0.53 -0.47 1.91 0.74 1.83 -0.19 -1.98 -1.71 2.06 1.03 2.07 -1.06 -2.04 -2.1 1.06160119301076 0.821712755766749 0.859999355491001 -0.8272 -0.3808 -0.8836 0.0148 0.8416 0.6832 -0.9252 -0.5976 -0.9344 0.4152 0.8468 0.862 -1.0046 -0.5044 -0.9798 0.1014 0.9788 0.7926 -1.1836 -0.5618 -1.0942 0.4336 0.9724 1.006 -0.7754 -0.3556 -0.9102 0.0986 0.9112 0.7474 -1.1264 -0.4782 -1.0158 0.4164 0.9276 0.954
-0.46 0.47 0.53 1.91 1.74 1.83 1.81 -0.98 2.29 0.0600000000000001 -1.97 1.07 -2.06 -2.04 -1.1 0.655632999440787 0.763576081568178 1.5180431183834 -0.8272 -0.8408 -0.8836 -0.9052 0.3816 -1.1568 -0.00519999999999997 0.7824 -0.4744 0.8752 0.8468 0.402 0.9054 0.7056 0.8502 0.8514 -0.5312 0.9626 -0.0636 -0.9418 0.5058 -1.0964 -1.0676 -0.624 1.1346 0.9144 0.9198 0.9686 -0.5388 1.1574 -0.1264 -1.0382 0.5242 -1.1736 -1.1124 -0.616
-0.46 -0.53 0.53 0.91 1.74 1.83 -1.19 -1.98 0.29 1.06 -1.97 1.07 -1.06 -0.04 1.9 0.912705439370281 0.389910424893894 1.44359923796435 -0.3672 -0.8408 -0.8836 0.4748 0.8416 -0.2368 -0.4652 0.7824 -0.4744 0.4152 -0.0732 -0.978 -0.4746 -1.0344 -0.9798 0.6314 0.9788 -0.2674 -0.6536 1.0282 -0.5642 0.4336 -0.0876 -1.114 0.6046 0.9144 0.9198 -0.6214 -1.0688 0.0974 0.4036 -1.0382 0.5242 -0.6436 -0.0524 0.974
0.54 0.47 0.53 -1.09 -2.26 -2.17 1.81 -1.98 2.29 0.0600000000000001 -0.97 0.0700000000000001 1.94 0.96 -0.1 1.35628860766255 1.82759647063031 1.43337583218428 -0.5372 -1.2608 -1.2136 0.9048 -1.1384 1.1332 0.0548 -0.6476 0.0556 0.9752 0.4268 -0.158 -0.5046 -1.1744 -1.0298 0.8514 -1.0012 0.9626 -0.0636 -0.4718 0.0358 0.7836 0.3424 -0.154 -0.4554 -1.2056 -1.2002 0.9686 -1.0688 1.1574 -0.1264 -0.5082 -0.00580000000000001 0.9464 0.4776 -0.086
0.54 0.47 0.53 -0.0899999999999999 1.74 -1.17 1.81 -1.98 -1.71 1.06 1.03 -0.93 -2.06 0.96 -0.1 1.73073747717458 2.39642918191642 1.29899185315437 0.00280000000000001 0.8992 -0.6736 0.9048 -1.1384 -1.0268 0.5948 0.4324 -0.4844 -1.1848 0.4268 -0.158 -0.0346 0.7056 -0.5598 0.8514 -1.0012 -0.9174 0.4064 0.4682 -0.4342 -1.0964 0.3424 -0.154 0.0746 0.9144 -0.6702 0.9686 -1.0688 -0.9626 0.4036 0.5518 -0.5358 -1.1736 0.4776 -0.086
0.54 -0.53 0.53 -2.09 1.74 1.83 1.81 2.02 2.29 1.06 2.03 -0.93 1.94 0.96 1.9 0.941777504396294 1.14942271704481 2.19358750180129 -1.0772 0.8992 0.9464 0.9048 1.0216 1.1332 0.5948 0.9724 -0.4844 0.9752 0.4268 0.922 1.1154 -1.0344 -0.9798 -0.9586 -1.1412 -1.3274 -0.6536 -1.0918 0.4958 -1.1564 -0.6176 -1.114 -0.9854 0.9144 0.9198 0.9686 1.0512 1.1574 0.4036 1.0818 -0.5358 0.9464 0.4776 0.974
0.54 0.47 0.53 -0.0899999999999999 1.74 -0.17 1.81 0.02 2.29 -0.94 -1.97 -0.93 0.94 0.96 0.9 1.84316701175756 2.28736576854015 3.38597453601957 0.00280000000000001 0.8992 -0.1336 0.9048 -0.0584 1.1332 -0.4852 -1.1876 -0.4844 0.4352 0.4268 0.382 -0.0346 0.7056 -0.0898 0.8514 -0.0612 0.9626 -0.5336 -0.9418 -0.4342 0.3136 0.3424 0.316 0.0746 0.9144 -0.1402 0.9686 -0.0088 1.1574 -0.6564 -1.0382 -0.5358 0.4164 0.4776 0.444
0.54 0.47 -0.47 -2.09 -0.26 -1.17 1.81 0.02 2.29 2.06 2.03 -1.93 0.94 0.96 -0.1 1.10197404442951 2.57357910139885 2.67016189143014 -1.0772 -0.1808 -0.6736 0.9048 -0.0584 1.1332 1.1348 0.9724 -1.0244 0.4352 0.4268 -0.158 -0.9746 -0.2344 -0.5598 0.8514 -0.0612 0.9626 0.8764 0.9382 -0.9042 0.3136 0.3424 -0.154 1.1046 0.1144 0.4998 -0.8414 -0.0288 -1.1326 -1.1264 -0.9482 0.8642 -0.5236 -0.4824 0.014
0.54 -0.53 -0.47 1.91 0.74 -0.17 -0.19 0.02 -0.71 2.06 -1.97 0.0700000000000001 -0.0600000000000001 1.96 1.9 0.274025362881355 0.409428098911791 1.31314023043269 1.0828 0.3592 -0.1336 -0.1752 -0.0584 -0.4868 1.1348 -1.1876 0.0556 -0.1048 0.9668 0.922 -1.0046 -0.5044 0.0802 0.1014 -0.0812 0.2626 -1.1836 1.0282 -0.0342 -0.0964 -1.1476 -1.114 -0.7754 -0.3556 0.0298 0.0986 -0.0288 0.2774 -1.1264 0.9318 -0.0758 -0.0536 -0.9524 -0.926
-0.46 0.47 0.53 -2.09 -0.26 1.83 -0.19 1.02 -1.71 2.06 2.03 -1.93 -2.06 -2.04 -2.1 1.63396217883886 0.979150220655292 1.55900198747725 1.0128 0.0792 -0.8836 0.0148 -0.5384 0.6832 -0.9252 -1.0576 0.9056 0.8752 0.8468 0.862 -0.9746 -0.2344 0.8502 -0.0886 0.4088 -0.9174 0.8764 0.9382 -0.9042 -1.0964 -1.0676 -1.094 -0.9854 -0.1456 0.9198 -0.0914 0.5212 -0.9626 0.9336 1.0818 -1.0658 -1.1736 -1.1124 -1.146
-0.46 0.47 0.53 1.91 0.74 -2.17 1.81 -1.98 0.29 2.06 2.03 2.07 0.94 1.96 1.9 0.891879556798334 1.37928469828186 2.38320841034559 -0.8272 -0.3808 0.9564 -0.9052 0.8416 -0.2368 -0.9252 -1.0576 -0.9344 -0.5048 -0.9932 -0.978 0.9054 0.2356 -1.0298 0.8514 -1.0012 0.0226 0.8764 0.9382 0.9758 0.3136 0.8124 0.786 1.1346 0.3844 -1.2002 0.9686 -1.0688 0.0974 0.9336 1.0818 1.0542 0.4164 1.0076 0.974
-0.46 -0.53 -0.47 -0.0899999999999999 -2.26 -2.17 -2.19 -1.98 -1.71 -1.94 -1.97 1.07 -2.06 -2.04 -1.1 -0.336191611445168 -0.4607481228418 -0.268419887023114 0.0928 0.9992 0.9564 0.9348 0.8416 0.6832 0.9148 0.7824 -0.4744 0.8752 0.8468 0.402 0.0554 1.0856 1.1402 1.1614 0.9788 0.7926 0.9364 1.0282 -0.5642 0.9636 0.9724 0.476 0.1646 1.0544 0.9698 1.0386 0.9112 0.7474 0.7536 0.9318 -0.5458 0.8864 0.9276 0.484
-0.46 -0.53 -0.47 -0.0899999999999999 -1.26 -2.17 0.81 2.02 1.29 0.0600000000000001 -1.97 1.07 -2.06 -0.04 0.9 -0.0736481389509357 -0.443199793541724 -1.02458692948477 0.0928 0.5392 0.9564 -0.4452 -0.9984 -0.6968 -0.00519999999999997 0.7824 -0.4744 0.8752 -0.0732 -0.518 0.0554 0.5556 1.1402 -0.4286 -1.1412 -0.7974 -0.1236 1.0282 -0.5642 0.9636 -0.0876 -0.584 0.1646 0.5844 0.9698 -0.3714 -0.9688 -0.6626 -0.1864 0.9318 -0.5458 0.8864 -0.0124 -0.456
-0.46 0.47 0.53 -1.09 1.74 1.83 -2.19 1.02 -1.71 0.0600000000000001 -1.97 1.07 -1.06 -2.04 -2.1 -0.814353992173063 -0.763827731767884 -0.338068763568856 0.5528 -0.8408 -0.8836 0.9348 -0.5384 0.6832 -0.00519999999999997 0.7824 -0.4744 0.4152 0.8468 0.862 -0.5046 0.7056 0.8502 -1.0286 0.4088 -0.9174 -0.0636 -0.9418 0.5058 -0.6264 -1.0676 -1.094 -0.4554 0.9144 0.9198 -1.1514 0.5212 -0.9626 -0.1264 -1.0382 0.5242 -0.6436 -1.1124 -1.146
-0.46 -0.53 0.53 -1.09 -2.26 -2.17 -1.19 -0.98 0.29 -0.94 -1.97 -0.93 -1.06 -1.04 -2.1 1.81267029742248 1.4910474956926 3.31340553405721 0.5528 0.9992 0.9564 0.4748 0.3816 -0.2368 0.4548 0.7824 0.4456 0.4152 0.3868 0.862 0.5854 1.0856 1.1402 0.6314 0.4488 -0.2674 0.4064 1.0282 0.4958 0.4336 0.4424 1.006 -0.4554 -1.2056 -1.2002 -0.6214 -0.5388 0.0974 -0.6564 -1.0382 -0.5358 -0.6436 -0.5824 -1.146
-0.46 0.47 -0.47 -1.09 -2.26 0.83 1.81 2.02 -0.71 1.06 0.03 2.07 1.94 1.96 1.9 0.44725134371862 1.13622589518692 1.16530981325664 0.5528 0.9992 -0.4236 -0.9052 -0.9984 0.2232 -0.4652 -0.1376 -0.9344 -0.9648 -0.9932 -0.978 -0.5046 -1.1744 0.3802 0.8514 0.8788 -0.4474 0.4064 -0.00180000000000004 0.9758 0.7836 0.8124 0.786 0.6346 1.0544 -0.4402 -0.8414 -0.9688 0.2774 -0.6564 -0.00819999999999996 -1.0158 -0.9936 -0.9524 -0.926
