0.51 0.45 -0.52 -1.96 -1.91 -2.06 0.93 0.05 -1.13 -1.94 -1.98 -2.03 -1.62 -2.05 -1.12 0.27827671020912 -0.0203182344449419 -0.193774663713506 -0.9992 -1.1082 -1.0012 0.2486 -0.049 -0.5526 -0.9988 -1.0296 -1.0306 -0.8524 -0.991 -0.5524 -0.834 -0.959 -0.874 0.497 0.025 -0.477 -0.956 -0.902 -1.037 -0.788 -0.925 -0.538 1.0284 0.9864 1.1324 -0.5772 -0.122 0.4752 0.8476 0.9192 0.9512 0.8148 1.092 0.5748
-0.49 0.45 -0.52 0.04 2.09 1.94 -2.07 -0.95 -1.13 2.06 -0.98 1.97 -1.62 1.95 0.88 0.721454908761112 1.00875831758025 2.75367134876484 -0.0192 -1.1582 -0.9012 0.7886 0.391 0.5774 -1.0188 0.4604 -0.9606 0.7676 -0.901 -0.4124 0.066 0.841 0.926 -0.853 -0.425 -0.477 0.844 -0.452 0.763 -0.788 0.875 0.362 -0.0116 -1.0936 -0.9476 0.9828 0.398 0.4752 -1.2324 0.3992 -1.1288 0.8148 -0.988 -0.4652
-0.49 0.45 0.48 -0.96 -0.91 -2.06 -2.07 0.05 -1.13 0.0600000000000001 1.02 -2.03 0.38 -2.05 -1.12 0.547120554638355 1.1130766151804 1.88595925715123 0.4708 0.3118 1.0588 0.7886 -0.099 0.5774 -0.0388 -0.5196 0.9994 -0.2124 1.059 0.5676 -0.384 -0.509 -0.874 -0.853 0.025 -0.477 -0.056 0.448 -1.037 0.112 -0.925 -0.538 -0.4516 -0.4436 -0.9276 -1.0872 -0.072 -0.6548 -0.1324 0.3792 -1.0788 0.1548 -0.958 -0.5452
0.51 0.45 -0.52 -0.96 -0.91 -0.0600000000000001 -2.07 -1.95 -2.13 -1.94 -1.98 -2.03 -1.62 -1.05 0.88 2.1191032380921 1.51237695762698 0.643494231281897 -0.4892 -0.5982 0.0188 -1.2814 -1.069 -1.0626 -0.9988 -1.0296 -1.0306 -0.8524 -0.481 0.4676 -0.384 -0.509 0.026 -0.853 -0.875 -0.927 -0.956 -0.902 -1.037 -0.788 -0.475 0.362 0.5084 0.4664 0.0924 0.9828 0.918 0.9952 0.8476 0.9192 0.9512 0.8148 0.572 -0.4652
-0.49 -0.55 -0.52 -1.96 2.09 1.94 -2.07 -1.95 -0.13 0.0600000000000001 -1.98 1.97 0.38 0.95 0.88 -0.393036075340528 -0.8105292415322 1.01621482230752 0.9608 -1.1582 -0.9012 0.7886 0.881 0.0874 -0.0388 0.9504 -0.9606 -0.2124 -0.411 -0.4124 1.126 -1.249 -1.014 1.217 1.075 0.103 -0.116 1.078 -1.207 -0.268 -0.525 -0.518 1.0284 -1.0936 -0.9476 0.9828 0.918 -0.0448 -0.1924 0.9192 -1.1288 -0.2252 -0.468 -0.4652
-0.49 -0.55 0.48 2.04 0.0900000000000001 -2.06 1.93 -1.95 0.87 2.06 2.02 1.97 1.38 1.95 1.88 -1.10403897760791 0.799584395852051 1.02641195413764 -0.9992 -0.1782 1.0588 -1.1714 0.881 -0.4026 -1.0188 -1.0096 -0.9606 -0.7024 -0.901 -0.9024 -1.074 -0.149 1.186 -0.983 1.075 -0.447 -1.216 -1.122 -1.207 -0.818 -1.075 -1.068 0.9884 0.0364 -0.9276 0.8328 -1.032 0.3052 0.8276 0.8592 0.8412 0.6348 0.962 0.8948
-0.49 -0.55 -0.52 2.04 0.0900000000000001 0.94 1.93 1.05 -1.13 1.06 1.02 -0.0299999999999998 -0.62 0.95 0.88 1.0688614414872 3.62284855398225 1.07260770872699 -0.9992 -0.1782 -0.4112 -1.1714 -0.589 0.5774 -0.5288 -0.5196 0.0194 0.2776 -0.411 -0.4124 -1.074 -0.149 -0.464 -0.983 -0.575 0.653 -0.666 -0.572 -0.107 0.282 -0.525 -0.518 -1.0516 -0.0536 -0.4276 -1.0972 -0.642 0.4752 -0.7124 -0.6408 -0.0888 0.2948 -0.468 -0.4652
0.51 -0.55 -0.52 2.04 1.09 1.94 0.93 1.05 -1.13 -1.94 1.02 -0.0299999999999998 -0.62 0.95 0.88 -0.682058687098834 2.54572940729521 2.78760520857802 1.0408 0.4218 1.0388 0.2486 0.461 -0.5526 -0.9988 0.5004 -0.0106 -0.3424 0.539 0.4676 -1.074 -0.699 -1.014 -0.433 -0.575 0.653 0.984 -0.572 -0.107 0.282 -0.525 -0.518 -1.0516 -0.5736 -0.9476 -0.5772 -0.642 0.4752 0.8476 -0.6408 -0.0888 0.2948 -0.468 -0.4652
0.51 0.45 0.48 -1.96 2.09 0.94 -1.07 2.05 -0.13 2.06 2.02 0.97 -1.62 1.95 1.88 -0.624711291610172 1.39508157434748 3.35935696155944 -0.9992 0.9318 0.5288 -0.7714 0.971 -0.0426 1.0412 1.0104 0.4994 -0.8524 1.049 0.9776 -0.834 0.841 0.476 -0.403 0.925 -0.027 0.844 0.898 0.313 -0.788 0.875 0.812 -0.9316 0.9964 0.5124 -0.6072 0.888 -0.1748 0.8276 0.8592 0.3612 -0.8052 0.962 0.8948
-0.49 0.45 0.48 -1.96 -1.91 -2.06 -2.07 -1.95 1.87 -0.94 1.02 -0.0299999999999998 -1.62 -2.05 -1.12 1.66862970407237 0.57150862125681 -0.374508424723951 0.9608 0.8018 1.0588 0.7886 0.881 -0.8926 0.4512 -0.5196 0.0194 0.7676 1.059 0.5676 -0.834 -0.959 -0.874 -0.853 -0.875 0.873 -0.506 0.448 -0.137 -0.788 -0.925 -0.538 -0.9316 -0.9236 -0.9276 -1.0872 -1.032 0.7852 -0.6124 0.3792 -0.1188 -0.8052 -0.958 -0.5452
0.51 0.45 -0.52 -1.96 -1.91 -2.06 0.93 -1.95 -0.13 -0.94 -0.98 -2.03 -0.62 -0.0499999999999998 -1.12 0.63542108881835 -0.753036365508833 1.96557632926148 -0.9992 -1.1082 -1.0012 0.2486 -1.069 -0.0426 -0.4888 -0.5196 -1.0306 -0.3424 0.029 -0.5524 -0.834 -0.959 -0.874 0.497 -0.875 -0.027 -0.506 -0.452 -1.037 -0.338 -0.025 -0.538 1.0284 0.9864 1.1324 -0.5772 0.918 -0.0448 0.3276 0.3992 0.9512 0.2948 0.052 0.5748
-0.49 -0.55 0.48 -1.96 -1.91 1.94 0.93 0.05 0.87 1.06 2.02 -0.0299999999999998 0.38 -2.05 -0.12 -1.3863463274312 0.601213792557435 2.00204594767523 0.9608 0.8018 -0.9012 -0.6814 -0.099 -0.4026 -0.5288 -1.0096 0.0194 -0.2124 1.059 0.0776 1.126 0.951 -1.014 -0.433 -0.025 -0.447 -0.666 -1.122 -0.107 -0.268 1.125 0.032 -0.9316 -0.9236 0.9924 0.3528 -0.072 0.3052 0.3476 0.8592 -0.1188 0.1548 -0.958 -0.0652
0.51 -0.55 -0.52 -0.96 0.0900000000000001 -2.06 -0.0699999999999998 1.05 1.87 0.0600000000000001 -1.98 -0.0299999999999998 0.38 -1.05 -0.12 0.106467831731873 -0.129211550828495 1.35342615209297 -0.4892 -0.0881999999999999 -1.0012 -0.2614 0.461 0.9774 0.0212 -1.0296 -0.0106 0.1676 -0.481 -0.0424 0.576 -0.149 1.186 0.117 -0.575 -0.997 -0.116 1.078 -0.107 -0.268 0.575 0.032 0.5084 -0.0536 1.1324 -0.0572 -0.642 -1.0848 -0.1924 0.9192 -0.0888 -0.2252 0.572 0.0548
0.51 0.45 -0.52 2.04 0.0900000000000001 -2.06 1.93 -0.95 -0.13 2.06 0.02 1.97 -1.62 1.95 -0.12 -0.221670050336316 3.42187330592727 0.794335385692068 1.0408 -0.0881999999999999 -1.0012 0.7586 -0.559 -0.0426 1.0412 -0.00959999999999998 1.0094 -0.8524 1.049 -0.0424 0.966 -0.059 -0.874 0.947 -0.425 -0.027 0.844 -0.00199999999999998 0.763 -0.788 0.875 -0.088 -1.0516 -0.0536 1.1324 -1.0972 0.398 -0.0448 -1.2324 -0.1208 -1.1288 0.8148 -0.988 0.0548
-0.49 0.45 -0.52 -1.96 -1.91 -0.0600000000000001 -1.07 1.05 -2.13 -1.94 0.02 -2.03 -1.62 -0.0499999999999998 -1.12 1.5572532375882 1.60304741228642 0.887745435030777 0.9608 0.8018 0.0788 0.2986 -0.589 1.0674 0.9412 -0.0296 0.9994 0.7676 0.079 0.5676 -0.834 -0.959 0.026 -0.403 0.475 -0.927 -0.956 -0.00199999999999998 -1.037 -0.788 -0.025 -0.538 1.0284 0.9864 0.0924 0.4628 -0.642 0.9952 0.8476 -0.1208 0.9512 0.8148 0.052 0.5748
0.51 -0.55 0.48 0.04 -0.91 -0.0600000000000001 -0.0699999999999998 2.05 0.87 0.0600000000000001 1.02 -2.03 0.38 -1.05 -0.12 -0.466861491689509 2.49651696674518 2.08720995472012 0.0208 -0.5982 0.0188 -0.2614 0.971 0.4674 0.0212 0.5004 -1.0306 0.1676 -0.481 -0.0424 0.026 0.401 0.086 0.117 -1.125 -0.447 -0.116 -0.572 0.993 -0.268 0.575 0.032 0.0284 -0.4436 0.0324 -0.1272 0.888 0.3052 -0.1324 0.3792 -1.0788 0.1548 -0.478 -0.0652
-0.49 0.45 -0.52 -1.96 -1.91 -2.06 -1.07 0.05 0.87 -0.94 -0.98 0.97 -1.62 -2.05 -2.12 0.463485825548909 -1.2383970785109 -0.654866333120862 0.9608 0.8018 1.0588 0.2986 -0.099 -0.4026 0.4512 0.4604 -0.4706 0.7676 1.059 1.0576 -0.834 -0.959 -0.874 -0.403 0.025 0.423 -0.506 -0.452 0.313 -0.788 -0.925 -0.988 1.0284 0.9864 1.1324 0.4628 -0.122 -0.5648 0.3276 0.3992 -0.6088 0.8148 1.092 1.0948
0.51 0.45 0.48 -1.96 0.0900000000000001 -0.0600000000000001 -0.0699999999999998 0.05 0.87 1.06 2.02 0.97 0.38 1.95 1.88 1.12456182475228 2.57041684105437 1.75436350479649 -0.9992 -0.0881999999999999 0.0188 -0.2614 -0.049 0.4674 0.5312 1.0104 0.4994 0.1676 1.049 0.9776 -0.834 -0.059 0.026 0.047 0.025 0.423 0.394 0.898 0.313 0.112 0.875 0.812 -0.9316 0.0364 0.0324 -0.1272 -0.072 0.3052 0.3476 0.8592 0.3612 0.1548 0.962 0.8948
0.51 -0.55 -0.52 -1.96 -1.91 1.94 1.93 -1.95 1.87 -1.94 1.02 1.97 -1.62 -0.0499999999999998 0.88 -2.30645192892801 -2.24153980611665 0.0104032624322268 -0.9992 -1.1082 1.0388 0.7586 -1.069 0.9774 -0.9988 0.5004 1.0094 -0.8524 0.029 0.4676 1.126 0.951 -1.014 -0.983 1.075 -0.997 0.984 -0.572 -1.207 0.832 0.025 -0.518 1.0284 0.9864 -0.9476 -1.0972 0.918 -1.0848 0.8476 -0.6408 -1.1288 0.8148 0.052 -0.4652
-0.49 -0.55 -0.52 0.04 -0.91 1.94 -2.07 -1.95 -2.13 2.06 0.02 -0.0299999999999998 0.38 1.95 0.88 0.763087501034293 -0.36073329785064 1.25298947532624 -0.0192 0.3118 -0.9012 0.7886 0.881 1.0674 -1.0188 -0.0296 0.0194 -0.2124 -0.901 -0.4124 0.026 0.401 -1.014 1.217 1.075 1.203 -1.216 -0.022 -0.107 -0.268 -1.075 -0.518 -0.0116 0.4664 -0.9476 0.9828 0.918 0.9952 -1.2324 -0.1208 -0.0888 -0.2252 -0.988 -0.4652
0.51 0.45 0.48 2.04 2.09 1.94 1.93 2.05 -0.13 1.06 2.02 1.97 0.38 1.95 0.88 1.51052360471525 -0.324933632734714 0.228463324908797 1.0408 0.9318 1.0388 0.7586 0.971 -0.0426 0.5312 1.0104 1.0094 0.1676 1.049 0.4676 0.966 0.841 0.926 0.947 0.925 -0.027 0.394 0.898 0.763 0.112 0.875 0.362 0.9884 0.9964 0.9924 0.8328 0.888 -0.1748 0.3476 0.8592 0.8412 0.1548 0.962 0.4148
0.51 -0.55 0.48 2.04 -0.91 1.94 1.93 2.05 1.87 2.06 2.02 1.97 -1.62 0.95 0.88 2.96157591489011 0.102280651764358 2.11373417365553 1.0408 -0.5982 1.0388 0.7586 0.971 0.9774 1.0412 1.0104 1.0094 -0.8524 0.539 0.4676 -1.074 0.401 -1.014 -0.983 -1.125 -0.997 -1.216 -1.122 -1.207 0.832 -0.525 -0.518 0.9884 -0.4436 0.9924 0.8328 0.888 0.7852 0.8276 0.8592 0.8412 -0.8052 0.482 0.4148
0.51 0.45 0.48 2.04 -1.91 -2.06 -1.07 0.05 1.87 2.06 0.02 1.97 2.38 1.95 1.88 1.19292851134575 3.3127661020297 2.07293857135094 1.0408 -1.1082 -1.0012 -0.7714 -0.049 0.9774 1.0412 -0.00959999999999998 1.0094 1.1876 1.049 0.9776 0.966 -0.959 -0.874 -0.403 0.025 0.873 0.844 -0.00199999999999998 0.763 1.012 0.875 0.812 0.9884 -0.9236 -0.9276 -0.6072 -0.072 0.7852 0.8276 -0.1008 0.8412 1.1148 0.962 0.8948
0.51 -0.55 0.48 -1.96 -0.91 -2.06 1.93 2.05 -1.13 0.0600000000000001 -0.98 -1.03 -1.62 0.95 -0.12 -0.111184823198333 -0.144558244653448 1.7022670242048 -0.9992 -0.5982 -1.0012 0.7586 0.971 -0.5526 0.0212 -0.5196 -0.5206 -0.8524 0.539 -0.0424 1.126 0.401 1.186 -0.983 -1.125 0.653 -0.116 0.528 0.443 0.832 -0.525 0.032 -0.9316 -0.4436 -0.9276 0.8328 0.888 -0.6548 -0.1324 -0.5808 -0.5988 -0.8052 0.482 -0.0652
-0.49 -0.55 -0.52 2.04 -0.91 0.94 1.93 2.05 1.87 2.06 2.02 1.97 1.38 1.95 1.88 0.977563635901703 2.52340067837275 0.677702118972775 -0.9992 0.3118 -0.4112 -1.1714 -1.079 -0.8926 -1.0188 -1.0096 -0.9606 -0.7024 -0.901 -0.9024 -1.074 0.401 -0.464 -0.983 -1.125 -0.997 -1.216 -1.122 -1.207 -0.818 -1.075 -1.068 -1.0516 0.4664 -0.4276 -1.0972 -1.162 -1.0848 -1.2324 -1.1608 -1.1288 -0.7452 -0.988 -0.9852
0.51 0.45 0.48 -1.96 0.0900000000000001 -2.06 1.93 2.05 1.87 2.06 2.02 1.97 1.38 0.95 1.88 0.422510446689073 0.692290535946248 1.0672567481429 -0.9992 -0.0881999999999999 -1.0012 0.7586 0.971 0.9774 1.0412 1.0104 1.0094 0.6776 0.539 0.9776 -0.834 -0.059 -0.874 0.947 0.925 0.873 0.844 0.898 0.763 0.562 0.425 0.812 -0.9316 0.0364 -0.9276 0.8328 0.888 0.7852 0.8276 0.8592 0.8412 0.6348 0.482 0.8948
0.51 -0.55 -0.52 2.04 -1.91 1.94 1.93 0.05 -2.13 0.0600000000000001 -1.98 0.97 0.38 -0.0499999999999998 -1.12 0.191776635488253 -0.666544056689902 1.45641208256936 1.0408 -1.1082 1.0388 0.7586 -0.049 -1.0626 0.0212 -1.0296 0.4994 0.1676 0.029 -0.5524 -1.074 0.951 -1.014 -0.983 -0.025 1.203 -0.116 1.078 -0.657 -0.268 0.025 0.582 -1.0516 0.9864 -0.9476 -1.0972 -0.122 0.9952 -0.1924 0.9192 -0.6088 -0.2252 0.052 0.5748
-0.49 -0.55 -0.52 2.04 2.09 -2.06 -0.0699999999999998 1.05 1.87 0.0600000000000001 0.02 0.97 -1.62 1.95 0.88 0.511582033527119 0.838955199394391 -0.0934186196323175 -0.9992 -1.1582 1.0588 -0.1914 -0.589 -0.8926 -0.0388 -0.0296 -0.4706 0.7676 -0.901 -0.4124 -1.074 -1.249 1.186 0.117 -0.575 -0.997 -0.116 -0.022 -0.657 0.832 -1.075 -0.518 -1.0516 -1.0936 1.1324 -0.0572 -0.642 -1.0848 -0.1924 -0.1208 -0.6088 0.8148 -0.988 -0.4652
0.51 0.45 -0.52 2.04 1.09 1.94 -0.0699999999999998 2.05 -2.13 1.06 2.02 0.97 1.38 -0.0499999999999998 0.88 0.336394718873391 0.299957839046455 0.592056377987305 1.0408 0.4218 1.0388 -0.2614 0.971 -1.0626 0.5312 1.0104 0.4994 0.6776 0.029 0.4676 0.966 0.391 0.926 0.047 0.925 -0.927 0.394 0.898 0.313 0.562 -0.025 0.362 -1.0516 -0.5736 -0.9476 -0.0572 -1.162 0.9952 -0.7124 -1.1608 -0.6088 -0.7452 0.052 -0.4652
-0.49 -0.55 -0.52 2.04 -1.91 -2.06 -0.0699999999999998 0.05 -0.13 -1.94 -0.98 -2.03 1.38 -2.05 1.88 -0.635159327139699 -0.685683291561444 -0.726380182655104 -0.9992 0.8018 1.0588 -0.1914 -0.099 0.0874 0.9412 0.4604 0.9994 -0.7024 1.059 -0.9024 -1.074 0.951 1.186 0.117 -0.025 0.103 0.984 0.528 0.993 -0.818 1.125 -1.068 -1.0516 0.9864 1.1324 -0.0572 -0.122 -0.0448 0.8476 0.3992 0.9512 -0.7452 1.092 -0.9852
-0.49 0.45 0.48 2.04 -1.91 0.94 0.93 1.05 -2.13 1.06 1.02 0.97 2.38 1.95 1.88 -0.80729867598135 0.226198270254906 1.58995070899785 -0.9992 0.8018 -0.4112 -0.6814 -0.589 1.0674 -0.5288 -0.5196 -0.4706 -1.1924 -0.901 -0.9024 0.966 -0.959 0.476 0.497 0.475 -0.927 0.394 0.448 0.313 1.012 0.875 0.812 0.9884 -0.9236 0.5124 0.3528 0.408 -1.1348 0.3476 0.3792 0.3612 1.1148 0.962 0.8948
-0.49 0.45 -0.52 2.04 -0.91 1.94 -2.07 -1.95 -2.13 1.06 2.02 1.97 -1.62 -2.05 0.88 1.88227166727559 0.159596200622141 1.63528138098127 -0.9992 0.3118 -0.9012 0.7886 0.881 1.0674 -0.5288 -1.0096 -0.9606 0.7676 1.059 -0.4124 0.966 -0.509 0.926 -0.853 -0.875 -0.927 0.394 0.898 0.763 -0.788 -0.925 0.362 -1.0516 0.4664 -0.9476 0.9828 0.918 0.9952 -0.7124 -1.1608 -1.1288 0.8148 1.092 -0.4652
0.51 0.45 -0.52 2.04 1.09 1.94 1.93 -1.95 -2.13 -1.94 -1.98 -2.03 -0.62 -1.05 -0.12 0.977070069306748 0.517893686843326 1.43854034404066 1.0408 0.4218 1.0388 0.7586 -1.069 -1.0626 -0.9988 -1.0296 -1.0306 -0.3424 -0.481 -0.0424 0.966 0.391 0.926 0.947 -0.875 -0.927 -0.956 -0.902 -1.037 -0.338 -0.475 -0.088 -1.0516 -0.5736 -0.9476 -1.0972 0.918 0.9952 0.8476 0.9192 0.9512 0.2948 0.572 0.0548
-0.49 -0.55 0.48 -0.96 0.0900000000000001 1.94 1.93 1.05 0.87 -0.94 0.02 -1.03 -1.62 -2.05 -1.12 -0.93760914580835 0.254385536482115 0.0440103194611199 0.4708 -0.1782 -0.9012 -1.1714 -0.589 -0.4026 0.4512 -0.0296 0.5094 0.7676 1.059 0.5676 0.576 -0.149 -1.014 -0.983 -0.575 -0.447 0.434 -0.022 0.443 0.832 1.125 0.582 -0.4516 0.0364 0.9924 0.8328 0.408 0.3052 -0.6124 -0.1008 -0.5988 -0.8052 -0.958 -0.5452
0.51 0.45 0.48 2.04 2.09 1.94 1.93 -0.95 0.87 2.06 2.02 -0.0299999999999998 -1.62 -2.05 1.88 3.04690815844194 1.85508691560231 2.212006500186 1.0408 0.9318 1.0388 0.7586 -0.559 0.4674 1.0412 1.0104 -0.0106 -0.8524 -0.991 0.9776 0.966 0.841 0.926 0.947 -0.425 0.423 0.844 0.898 -0.137 -0.788 -0.925 0.812 0.9884 0.9964 0.9924 0.8328 -0.552 0.3052 0.8276 0.8592 -0.1188 -0.8052 -0.958 0.8948
-0.49 -0.55 -0.52 -1.96 2.09 0.94 -2.07 0.05 1.87 2.06 2.02 1.97 2.38 0.95 1.88 1.02729357919294 1.26592672378602 1.43679018163651 0.9608 -1.1582 -0.4112 0.7886 -0.099 -0.8926 -1.0188 -1.0096 -0.9606 -1.1924 -0.411 -0.9024 1.126 -1.249 -0.464 1.217 -0.025 -0.997 -1.216 -1.122 -1.207 -1.368 -0.525 -1.068 1.0284 -1.0936 -0.4276 0.9828 -0.122 -1.0848 -1.2324 -1.1608 -1.1288 -1.2652 -0.468 -0.9852
0.51 -0.55 -0.52 -1.96 1.09 1.94 1.93 -1.95 -2.13 -1.94 -0.98 -2.03 -1.62 -2.05 -2.12 -0.582059098405393 -1.0081753473145 -0.612084440038808 -0.9992 0.4218 1.0388 0.7586 -1.069 -1.0626 -0.9988 -0.5196 -1.0306 -0.8524 -0.991 -1.0624 1.126 -0.699 -1.014 -0.983 1.075 1.203 0.984 0.528 0.993 0.832 1.125 1.132 1.0284 -0.5736 -0.9476 -1.0972 0.918 0.9952 0.8476 0.3992 0.9512 0.8148 1.092 1.0948
0.51 0.45 0.48 -1.96 0.0900000000000001 -0.0600000000000001 -1.07 -1.95 1.87 -0.94 2.02 1.97 -1.62 1.95 -2.12 0.582988570877409 0.914631958501495 1.73136679619006 -0.9992 -0.0881999999999999 0.0188 -0.7714 -1.069 0.9774 -0.4888 1.0104 1.0094 -0.8524 1.049 -1.0624 -0.834 -0.059 0.026 -0.403 -0.875 0.873 -0.506 0.898 0.763 -0.788 0.875 -0.988 -0.9316 0.0364 0.0324 -0.6072 -1.032 0.7852 -0.6124 0.8592 0.8412 -0.8052 0.962 -1.0252
0.51 0.45 0.48 -1.96 -0.91 -2.06 1.93 -1.95 -2.13 0.0600000000000001 1.02 -1.03 0.38 -2.05 -0.12 1.42845291095539 1.52839280297984 2.82104549542702 -0.9992 -0.5982 -1.0012 0.7586 -1.069 -1.0626 0.0212 0.5004 -0.5206 0.1676 -0.991 -0.0424 -0.834 -0.509 -0.874 0.947 -0.875 -0.927 -0.056 0.448 -0.587 0.112 -0.925 -0.088 -0.9316 -0.4436 -0.9276 0.8328 -1.032 -1.1348 -0.1324 0.3792 -0.5988 0.1548 -0.958 -0.0652
0.51 0.45 0.48 -1.96 2.09 0.94 1.93 -1.95 -2.13 -1.94 -1.98 1.97 -0.62 -2.05 -2.12 1.41972897586603 2.42426536820255 2.59315321370643 -0.9992 0.9318 0.5288 0.7586 -1.069 -1.0626 -0.9988 -1.0296 1.0094 -0.3424 -0.991 -1.0624 -0.834 0.841 0.476 0.947 -0.875 -0.927 -0.956 -0.902 0.763 -0.338 -0.925 -0.988 -0.9316 0.9964 0.5124 0.8328 -1.032 -1.1348 -1.0924 -1.0608 0.8412 -0.3252 -0.958 -1.0252
0.51 0.45 0.48 2.04 0.0900000000000001 -0.0600000000000001 -2.07 -1.95 -1.13 -0.94 -1.98 -1.03 0.38 -1.05 0.88 0.247000850533091 -0.806421052892354 0.0415416349719159 1.0408 -0.0881999999999999 0.0188 -1.2814 -1.069 -0.5526 -0.4888 -1.0296 -0.5206 0.1676 -0.481 0.4676 0.966 -0.059 0.026 -0.853 -0.875 -0.477 -0.506 -0.902 -0.587 0.112 -0.475 0.362 0.9884 0.0364 0.0324 -1.0872 -1.032 -0.6548 -0.6124 -1.0608 -0.5988 0.1548 -0.478 0.4148
-0.49 0.45 0.48 2.04 1.09 -2.06 0.93 2.05 -0.13 1.06 1.02 1.97 0.38 0.95 1.88 0.968861676873129 1.70514165414961 2.68906269532801 -0.9992 -0.6682 1.0588 -0.6814 -1.079 0.0874 -0.5288 -0.5196 -0.9606 -0.2124 -0.411 -0.9024 0.966 0.391 -0.874 0.497 0.925 -0.027 0.394 0.448 0.763 0.112 0.425 0.812 0.9884 0.5164 -0.9276 0.3528 0.888 -0.1748 0.3476 0.3792 0.8412 0.1548 0.482 0.8948
0.51 -0.55 -0.52 2.04 1.09 0.94 0.93 1.05 -1.13 -1.94 2.02 -2.03 -0.62 -1.05 -0.12 1.68262196239842 2.14361809479995 1.1984148047111 1.0408 0.4218 0.5288 0.2486 0.461 -0.5526 -0.9988 1.0104 -1.0306 -0.3424 -0.481 -0.0424 -1.074 -0.699 -0.464 -0.433 -0.575 0.653 0.984 -1.122 0.993 0.282 0.575 0.032 -1.0516 -0.5736 -0.4276 -0.5772 -0.642 0.4752 0.8476 -1.1608 0.9512 0.2948 0.572 0.0548
-0.49 -0.55 0.48 2.04 0.0900000000000001 -2.06 -1.07 -0.95 1.87 2.06 1.02 -0.0299999999999998 -1.62 1.95 1.88 0.980373201207127 0.413230685779483 0.145183541520771 -0.9992 -0.1782 1.0588 0.2986 0.391 -0.8926 -1.0188 -0.5196 0.0194 0.7676 -0.901 -0.9024 -1.074 -0.149 1.186 0.667 0.525 -0.997 -1.216 -0.572 -0.107 0.832 -1.075 -1.068 0.9884 0.0364 -0.9276 -0.6072 -0.552 0.7852 0.8276 0.3792 -0.1188 -0.8052 0.962 0.8948
0.51 0.45 0.48 0.04 2.09 -2.06 0.93 2.05 -0.13 2.06 2.02 -0.0299999999999998 1.38 -0.0499999999999998 -0.12 2.24825182302074 3.47106702559013 3.47725028677007 0.0208 0.9318 -1.0012 0.2486 0.971 -0.0426 1.0412 1.0104 -0.0106 0.6776 0.029 -0.0424 0.066 0.841 -0.874 0.497 0.925 -0.027 0.844 0.898 -0.137 0.562 -0.025 -0.088 0.0284 0.9964 -0.9276 0.3528 0.888 -0.1748 0.8276 0.8592 -0.1188 0.6348 0.00200000000000001 -0.0652
-0.49 -0.55 0.48 0.04 1.09 -0.0600000000000001 -1.07 2.05 -0.13 -0.94 -0.98 -0.0299999999999998 2.38 -1.05 -0.12 1.94158682034918 1.92227636967668 1.62816095767213 -0.0192 -0.6682 0.0788 0.2986 -1.079 0.0874 0.4512 0.4604 0.0194 -1.1924 0.569 0.0776 0.026 -0.699 0.086 0.667 -1.125 0.103 0.434 0.528 -0.107 -1.368 0.575 0.032 0.0284 0.5164 0.0324 -0.6072 0.888 -0.1748 -0.6124 -0.5808 -0.1188 1.1148 -0.478 -0.0652
0.51 0.45 0.48 -1.96 2.09 -0.0600000000000001 -2.07 2.05 -0.13 -1.94 -1.98 -2.03 -1.62 -2.05 -2.12 0.0733609878959569 1.49880763537587 1.3838185659702 -0.9992 0.9318 0.0188 -1.2814 0.971 -0.0426 -0.9988 -1.0296 -1.0306 -0.8524 -0.991 -1.0624 -0.834 0.841 0.026 -0.853 0.925 -0.027 -0.956 -0.902 -1.037 -0.788 -0.925 -0.988 -0.9316 0.9964 0.0324 -1.0872 0.888 -0.1748 -1.0924 -1.0608 -1.0788 -0.8052 -0.958 -1.0252
0.51 0.45 -0.52 -0.96 2.09 -2.06 -2.07 2.05 1.87 -0.94 -0.98 -2.03 1.38 1.95 0.88 -0.15680160264582 2.16022163547793 1.13929653531654 -0.4892 0.9318 -1.0012 -1.2814 0.971 0.9774 -0.4888 -0.5196 -1.0306 0.6776 1.049 0.4676 -0.384 0.841 -0.874 -0.853 0.925 0.873 -0.506 -0.452 -1.037 0.562 0.875 0.362 0.5084 -1.0936 1.1324 0.9828 -1.162 -1.0848 0.3276 0.3992 0.9512 -0.7452 -0.988 -0.4652
-0.49 0.45 -0.52 -1.96 2.09 1.94 -2.07 -1.95 -2.13 -0.94 2.02 -0.0299999999999998 -0.62 -2.05 -0.12 0.473904005368825 1.59904792758407 0.639769108775305 0.9608 -1.1582 -0.9012 0.7886 0.881 1.0674 0.4512 -1.0096 0.0194 0.2776 1.059 0.0776 -0.834 0.841 0.926 -0.853 -0.875 -0.927 -0.506 0.898 -0.137 -0.338 -0.925 -0.088 1.0284 -1.0936 -0.9476 0.9828 0.918 0.9952 0.3276 -1.1608 -0.0888 0.2948 1.092 0.0548
-0.49 0.45 0.48 0.04 -1.91 -2.06 -2.07 -1.95 -1.13 -1.94 -1.98 -2.03 0.38 0.95 0.88 -0.3273113245229 0.936875016860867 2.0817032699084 -0.0192 0.8018 1.0588 0.7886 0.881 0.5774 0.9412 0.9504 0.9994 -0.2124 -0.411 -0.4124 0.066 -0.959 -0.874 -0.853 -0.875 -0.477 -0.956 -0.902 -1.037 0.112 0.425 0.362 0.0284 -0.9236 -0.9276 -1.0872 -1.032 -0.6548 -1.0924 -1.0608 -1.0788 0.1548 0.482 0.4148
-0.49 -0.55 0.48 2.04 2.09 0.94 1.93 -0.95 1.87 -0.94 0.02 0.97 1.38 0.95 -0.12 0.652965297174142 -0.371808058640855 0.581263842783944 -0.9992 -1.1582 -0.4112 -1.1714 0.391 -0.8926 0.4512 -0.0296 -0.4706 -0.7024 -0.411 0.0776 -1.074 -1.249 -0.464 -0.983 0.525 -0.997 0.434 -0.022 -0.657 -0.818 -0.525 0.032 0.9884 0.9964 0.5124 0.8328 -0.552 0.7852 -0.6124 -0.1008 0.3612 0.6348 0.482 -0.0652
-0.49 -0.55 -0.52 -1.96 1.09 -2.06 -1.07 -1.95 -2.13 -1.94 -1.98 -0.0299999999999998 -1.62 0.95 -2.12 0.698575723801025 0.308154395745904 1.01470191811481 0.9608 -0.6682 1.0588 0.2986 0.881 1.0674 0.9412 0.9504 0.0194 0.7676 -0.411 1.0576 1.126 -0.699 1.186 0.667 1.075 1.203 0.984 1.078 -0.107 0.832 -0.525 1.132 1.0284 -0.5736 1.1324 0.4628 0.918 0.9952 0.8476 0.9192 -0.0888 0.8148 -0.468 1.0948
-0.49 -0.55 -0.52 -1.96 -0.91 -2.06 -1.07 2.05 1.87 -0.94 1.02 -1.03 2.38 1.95 0.88 0.361504435744202 1.00416444331678 1.35312150989708 0.9608 0.3118 1.0588 0.2986 -1.079 -0.8926 0.4512 -0.5196 0.5094 -1.1924 -0.901 -0.4124 1.126 0.401 1.186 0.667 -1.125 -0.997 0.434 -0.572 0.443 -1.368 -1.075 -0.518 1.0284 0.4664 1.1324 0.4628 -1.162 -1.0848 0.3276 -0.6408 0.4312 -1.2652 -0.988 -0.4652
0.51 0.45 0.48 -0.96 2.09 1.94 1.93 0.05 1.87 1.06 2.02 0.97 2.38 0.95 -0.12 1.81243312157843 1.93494394046508 4.86022740641494 -0.4892 0.9318 1.0388 0.7586 -0.049 0.9774 0.5312 1.0104 0.4994 1.1876 0.539 -0.0424 -0.384 0.841 0.926 0.947 0.025 0.873 0.394 0.898 0.313 1.012 0.425 -0.088 -0.4516 0.9964 0.9924 0.8328 -0.072 0.7852 0.3476 0.8592 0.3612 1.1148 0.482 -0.0652
-0.49 0.45 -0.52 2.04 -1.91 1.94 -0.0699999999999998 2.05 -1.13 2.06 2.02 1.97 0.38 1.95 0.88 0.0988615620742989 0.557737952378196 1.18975799029877 -0.9992 0.8018 -0.9012 -0.1914 -1.079 0.5774 -1.0188 -1.0096 -0.9606 -0.2124 -0.901 -0.4124 0.966 -0.959 0.926 0.047 0.925 -0.477 0.844 0.898 0.763 0.112 0.875 0.362 -1.0516 0.9864 -0.9476 -0.0572 -1.162 0.4752 -1.2324 -1.1608 -1.1288 -0.2252 -0.988 -0.4652
0.51 0.45 0.48 2.04 2.09 0.94 1.93 2.05 -0.13 2.06 1.02 1.97 -0.62 1.95 0.88 2.80759003454054 1.43576233974752 1.65825390694198 1.0408 0.9318 0.5288 0.7586 0.971 -0.0426 1.0412 0.5004 1.0094 -0.3424 1.049 0.4676 0.966 0.841 0.476 0.947 0.925 -0.027 0.844 0.448 0.763 -0.338 0.875 0.362 0.9884 0.9964 0.5124 0.8328 0.888 -0.1748 0.8276 0.3792 0.8412 -0.3252 0.962 0.4148
-0.49 0.45 -0.52 -1.96 -1.91 -0.0600000000000001 -2.07 2.05 0.87 1.06 1.02 -2.03 1.38 0.95 -1.12 0.00569665540548137 2.64847087342077 1.7973539788808 0.9608 0.8018 0.0788 0.7886 -1.079 -0.4026 -0.5288 -0.5196 0.9994 -0.7024 -0.411 0.5676 -0.834 -0.959 0.026 -0.853 0.925 0.423 0.394 0.448 -1.037 0.562 0.425 -0.538 1.0284 0.9864 0.0924 0.9828 -1.162 -0.5648 -0.7124 -0.6408 0.9512 -0.7452 -0.468 0.5748
-0.49 0.45 0.48 -0.96 -1.91 -0.0600000000000001 -0.0699999999999998 2.05 -0.13 -1.94 -0.98 0.97 -1.62 -2.05 -0.12 0.227110589410017 2.26566257298999 2.32511210364622 0.4708 0.8018 0.0788 -0.1914 -1.079 0.0874 0.9412 0.4604 -0.4706 0.7676 1.059 0.0776 -0.384 -0.959 0.026 0.047 0.925 -0.027 -0.956 -0.452 0.313 -0.788 -0.925 -0.088 -0.4516 -0.9236 0.0324 -0.1272 0.888 -0.1748 -1.0924 -0.5808 0.3612 -0.8052 -0.958 -0.0652
-0.49 -0.55 -0.52 -1.96 2.09 0.94 -2.07 -0.95 1.87 -0.94 -1.98 -2.03 -1.62 0.95 -1.12 0.955011664391209 0.803265097659061 1.17038474854951 0.9608 -1.1582 -0.4112 0.7886 0.391 -0.8926 0.4512 0.9504 0.9994 0.7676 -0.411 0.5676 1.126 -1.249 -0.464 1.217 0.525 -0.997 0.434 1.078 0.993 0.832 -0.525 0.582 1.0284 -1.0936 -0.4276 0.9828 0.398 -1.0848 0.3276 0.9192 0.9512 0.8148 -0.468 0.5748
-0.49 0.45 0.48 -0.96 -1.91 -0.0600000000000001 1.93 -0.95 0.87 0.0600000000000001 2.02 0.97 0.38 1.95 -1.12 1.12801362087495 1.79778980244798 2.74677587588672 0.4708 0.8018 0.0788 -1.1714 0.391 -0.4026 -0.0388 -1.0096 -0.4706 -0.2124 -0.901 0.5676 -0.384 -0.959 0.026 0.947 -0.425 0.423 -0.056 0.898 0.313 0.112 0.875 -0.538 -0.4516 -0.9236 0.0324 0.8328 -0.552 0.3052 -0.1324 0.8592 0.3612 0.1548 0.962 -0.5452
0.51 0.45 0.48 0.04 0.0900000000000001 -0.0600000000000001 -2.07 -0.95 -2.13 -1.94 -1.98 1.97 -1.62 -2.05 -2.12 -0.562248504508804 0.11324722943341 -0.680749098367834 0.0208 -0.0881999999999999 0.0188 -1.2814 -0.559 -1.0626 -0.9988 -1.0296 1.0094 -0.8524 -0.991 -1.0624 0.066 -0.059 0.026 -0.853 -0.425 -0.927 -0.956 -0.902 0.763 -0.788 -0.925 -0.988 0.0284 0.0364 0.0324 -1.0872 -0.552 -1.1348 -1.0924 -1.0608 0.8412 -0.8052 -0.958 -1.0252
-0.49 0.45 -0.52 -0.96 0.0900000000000001 -2.06 -1.07 -1.95 1.87 2.06 -1.98 0.97 2.38 1.95 -0.12 -0.510401922153647 1.00505306779949 0.220066964632866 0.4708 -0.1782 1.0588 0.2986 0.881 -0.8926 -1.0188 0.9504 -0.4706 -1.1924 -0.901 0.0776 -0.384 -0.059 -0.874 -0.403 -0.875 0.873 0.844 -0.902 0.313 1.012 0.875 -0.088 0.5084 -0.0536 1.1324 0.4628 0.918 -1.0848 -1.2324 0.9192 -0.6088 -1.2652 -0.988 0.0548
0.51 0.45 0.48 2.04 2.09 -1.06 0.93 2.05 -1.13 1.06 -1.98 1.97 2.38 0.95 0.88 -0.710431116413897 1.73063957801096 0.844512359731852 1.0408 0.9318 -0.4912 0.2486 0.971 -0.5526 0.5312 -1.0296 1.0094 1.1876 0.539 0.4676 0.966 0.841 -0.424 0.497 0.925 -0.477 0.394 -0.902 0.763 1.012 0.425 0.362 0.9884 0.9964 -0.4476 0.3528 0.888 -0.6548 0.3476 -1.0608 0.8412 1.1148 0.482 0.4148
-0.49 -0.55 -0.52 2.04 2.09 1.94 1.93 -1.95 0.87 1.06 1.02 0.97 1.38 -2.05 -0.12 0.119098553428934 2.16175270492035 2.03243190027672 -0.9992 -1.1582 -0.9012 -1.1714 0.881 -0.4026 -0.5288 -0.5196 -0.4706 -0.7024 1.059 0.0776 -1.074 -1.249 -1.014 -0.983 1.075 -0.447 -0.666 -0.572 -0.657 -0.818 1.125 0.032 -1.0516 -1.0936 -0.9476 -1.0972 0.918 -0.5648 -0.7124 -0.6408 -0.6088 -0.7452 1.092 0.0548
0.51 0.45 0.48 1.04 1.09 0.94 1.93 0.05 1.87 2.06 0.02 -0.0299999999999998 2.38 1.95 -1.12 1.12444159469839 0.86763576387386 2.96069667654017 0.5308 0.4218 0.5288 0.7586 -0.049 0.9774 1.0412 -0.00959999999999998 -0.0106 1.1876 1.049 -0.5524 0.516 0.391 0.476 0.947 0.025 0.873 0.844 -0.00199999999999998 -0.137 1.012 0.875 -0.538 0.5084 0.5164 0.5124 0.8328 -0.072 0.7852 0.8276 -0.1008 -0.1188 1.1148 0.962 -0.5452
0.51 -0.55 0.48 1.04 -1.91 -2.06 -0.0699999999999998 1.05 -2.13 -1.94 2.02 -0.0299999999999998 1.38 -2.05 -0.12 1.37303090737454 1.00997853952526 0.858355280240051 0.5308 -1.1082 -1.0012 -0.2614 0.461 -1.0626 -0.9988 1.0104 -0.0106 0.6776 -0.991 -0.0424 -0.524 0.951 1.186 0.117 -0.575 1.203 0.984 -1.122 -0.107 -0.818 1.125 0.032 0.5084 -0.9236 -0.9276 -0.1272 0.408 -1.1348 -1.0924 0.8592 -0.1188 0.6348 -0.958 -0.0652
0.51 -0.55 -0.52 -1.96 0.0900000000000001 -2.06 1.93 -0.95 -1.13 -1.94 -1.98 -0.0299999999999998 0.38 -2.05 -0.12 0.0926868090166515 0.945886455453193 0.0920761399608381 -0.9992 -0.0881999999999999 -1.0012 0.7586 -0.559 -0.5526 -0.9988 -1.0296 -0.0106 0.1676 -0.991 -0.0424 1.126 -0.149 1.186 -0.983 0.525 0.653 0.984 1.078 -0.107 -0.268 1.125 0.032 1.0284 -0.0536 1.1324 -1.0972 0.398 0.4752 0.8476 0.9192 -0.0888 -0.2252 1.092 0.0548
-0.49 0.45 -0.52 -1.96 2.09 -0.0600000000000001 0.93 -1.95 1.87 0.0600000000000001 2.02 -0.0299999999999998 -0.62 1.95 1.88 0.567169072658897 0.98864337255106 1.37807044205057 0.9608 -1.1582 0.0788 -0.6814 0.881 -0.8926 -0.0388 -1.0096 0.0194 0.2776 -0.901 -0.9024 -0.834 0.841 0.026 0.497 -0.875 0.873 -0.056 0.898 -0.137 -0.338 0.875 0.812 1.0284 -1.0936 0.0924 -0.5772 0.918 -1.0848 -0.1924 -1.1608 -0.0888 0.2948 -0.988 -0.9852
0.51 0.45 0.48 -1.96 -1.91 -2.06 -2.07 2.05 1.87 1.06 0.02 1.97 2.38 -1.05 1.88 0.375611915316658 0.257357149736844 0.993976352528084 -0.9992 -1.1082 -1.0012 -1.2814 0.971 0.9774 0.5312 -0.00959999999999998 1.0094 1.1876 -0.481 0.9776 -0.834 -0.959 -0.874 -0.853 0.925 0.873 0.394 -0.00199999999999998 0.763 1.012 -0.475 0.812 -0.9316 -0.9236 -0.9276 -1.0872 0.888 0.7852 0.3476 -0.1008 0.8412 1.1148 -0.478 0.8948
-0.49 -0.55 -0.52 1.04 -1.91 -2.06 -2.07 1.05 -0.13 -0.94 -1.98 -2.03 0.38 -0.0499999999999998 0.88 -0.744897311009614 -0.0784380788288526 -0.520101755485571 -0.5092 0.8018 1.0588 0.7886 -0.589 0.0874 0.4512 0.9504 0.9994 -0.2124 0.079 -0.4124 -0.524 0.951 1.186 1.217 -0.575 0.103 0.434 1.078 0.993 -0.268 0.025 -0.518 -0.5316 0.9864 1.1324 0.9828 -0.642 -0.0448 0.3276 0.9192 0.9512 -0.2252 0.052 -0.4652
-0.49 -0.55 0.48 2.04 0.0900000000000001 -2.06 -2.07 -1.95 1.87 -1.94 -1.98 0.97 -1.62 -0.0499999999999998 -0.12 0.726551212907915 1.06141545665152 2.83348131662736 -0.9992 -0.1782 1.0588 0.7886 0.881 -0.8926 0.9412 0.9504 -0.4706 0.7676 0.079 0.0776 -1.074 -0.149 1.186 1.217 1.075 -0.997 0.984 1.078 -0.657 0.832 0.025 0.032 0.9884 0.0364 -0.9276 -1.0872 -1.032 0.7852 -1.0924 -1.0608 0.3612 -0.8052 0.00200000000000001 -0.0652
-0.49 -0.55 -0.52 2.04 -1.91 0.94 -2.07 -0.95 -2.13 -1.94 -1.98 -2.03 -0.62 -0.0499999999999998 -2.12 -0.563138885870091 -0.414074312758537 0.0865400166043255 -0.9992 0.8018 -0.4112 0.7886 0.391 1.0674 0.9412 0.9504 0.9994 0.2776 0.079 1.0576 -1.074 0.951 -0.464 1.217 0.525 1.203 0.984 1.078 0.993 0.282 0.025 1.132 -1.0516 0.9864 -0.4276 0.9828 0.398 0.9952 0.8476 0.9192 0.9512 0.2948 0.052 1.0948
-0.49 0.45 -0.52 2.04 0.0900000000000001 1.94 1.93 1.05 1.87 0.0600000000000001 -0.98 0.97 1.38 -0.0499999999999998 1.88 0.344464552074237 -0.6862545887505 -0.443806702636417 -0.9992 -0.1782 -0.9012 -1.1714 -0.589 -0.8926 -0.0388 0.4604 -0.4706 -0.7024 0.079 -0.9024 0.966 -0.059 0.926 0.947 0.475 0.873 -0.056 -0.452 0.313 0.562 -0.025 0.812 -1.0516 -0.0536 -0.9476 -1.0972 -0.642 -1.0848 -0.1924 0.3992 -0.6088 -0.7452 0.052 -0.9852
-0.49 -0.55 -0.52 -0.96 0.0900000000000001 0.94 1.93 2.05 -0.13 2.06 1.02 -1.03 0.38 1.95 1.88 1.04959526219971 0.406139860389226 0.0983620789114221 0.4708 -0.1782 -0.4112 -1.1714 -1.079 0.0874 -1.0188 -0.5196 0.5094 -0.2124 -0.901 -0.9024 0.576 -0.149 -0.464 -0.983 -1.125 0.103 -1.216 -0.572 0.443 -0.268 -1.075 -1.068 0.5084 -0.0536 -0.4276 -1.0972 -1.162 -0.0448 -1.2324 -0.6408 0.4312 -0.2252 -0.988 -0.9852
0.51 0.45 0.48 -1.96 1.09 0.94 1.93 2.05 0.87 2.06 -1.98 -0.0299999999999998 -0.62 -2.05 -1.12 0.945065899904514 1.50129549683459 2.14471262549355 -0.9992 0.4218 0.5288 0.7586 0.971 0.4674 1.0412 -1.0296 -0.0106 -0.3424 -0.991 -0.5524 -0.834 0.391 0.476 0.947 0.925 0.423 0.844 -0.902 -0.137 -0.338 -0.925 -0.538 -0.9316 0.5164 0.5124 0.8328 0.888 0.3052 0.8276 -1.0608 -0.1188 -0.3252 -0.958 -0.5452
-0.49 -0.55 0.48 -1.96 -0.91 1.94 1.93 -0.95 -0.13 -1.94 -0.98 -2.03 -1.62 0.95 -0.12 0.583109366247076 1.16473071662761 1.97126232500783 0.9608 0.3118 -0.9012 -1.1714 0.391 0.0874 0.9412 0.4604 0.9994 0.7676 -0.411 0.0776 1.126 0.401 -1.014 -0.983 0.525 0.103 0.984 0.528 0.993 0.832 -0.525 0.032 -0.9316 -0.4436 0.9924 0.8328 -0.552 -0.1748 -1.0924 -0.5808 -1.0788 -0.8052 0.482 -0.0652
0.51 -0.55 -0.52 2.04 1.09 -2.06 -0.0699999999999998 -0.95 1.87 -0.94 1.02 -2.03 2.38 -0.0499999999999998 -2.12 1.09616746278362 1.49756768336965 2.00200354225534 1.0408 0.4218 -1.0012 -0.2614 -0.559 0.9774 -0.4888 0.5004 -1.0306 1.1876 0.029 -1.0624 -1.074 -0.699 1.186 0.117 0.525 -0.997 0.434 -0.572 0.993 -1.368 0.025 1.132 -1.0516 -0.5736 1.1324 -0.0572 0.398 -1.0848 0.3276 -0.6408 0.9512 -1.2652 0.052 1.0948
-0.49 0.45 0.48 2.04 0.0900000000000001 1.94 -1.07 -0.95 1.87 1.06 -0.98 -0.0299999999999998 0.38 0.95 1.88 0.966531551328076 0.509706750597534 1.22232707725391 -0.9992 -0.1782 -0.9012 0.2986 0.391 -0.8926 -0.5288 0.4604 0.0194 -0.2124 -0.411 -0.9024 0.966 -0.059 0.926 -0.403 -0.425 0.873 0.394 -0.452 -0.137 0.112 0.425 0.812 0.9884 0.0364 0.9924 -0.6072 -0.552 0.7852 0.3476 -0.5808 -0.1188 0.1548 0.482 0.8948
-0.49 -0.55 -0.52 2.04 -1.91 0.94 -2.07 1.05 1.87 1.06 1.02 -1.03 0.38 -2.05 -1.12 0.365857674727032 -0.857096888383007 0.00089284093498615 -0.9992 0.8018 -0.4112 0.7886 -0.589 -0.8926 -0.5288 -0.5196 0.5094 -0.2124 1.059 0.5676 -1.074 0.951 -0.464 1.217 -0.575 -0.997 -0.666 -0.572 0.443 -0.268 1.125 0.582 -1.0516 0.9864 -0.4276 0.9828 -0.642 -1.0848 -0.7124 -0.6408 0.4312 -0.2252 1.092 0.5748
0.51 -0.55 0.48 -1.96 -1.91 -1.06 -0.0699999999999998 2.05 -1.13 2.06 1.02 1.97 -1.62 1.95 1.88 1.74865422866518 2.45093412830272 2.61501871668578 -0.9992 -1.1082 -0.4912 -0.2614 0.971 -0.5526 1.0412 0.5004 1.0094 -0.8524 1.049 0.9776 1.126 0.951 0.636 0.117 -1.125 0.653 -1.216 -0.572 -1.207 0.832 -1.075 -1.068 -0.9316 -0.9236 -0.4476 -0.1272 0.888 -0.6548 0.8276 0.3792 0.8412 -0.8052 0.962 0.8948
0.51 0.45 0.48 2.04 1.09 -2.06 -2.07 2.05 1.87 -1.94 2.02 -0.0299999999999998 -1.62 -2.05 -1.12 0.617197681509431 1.73202601402777 1.33333079580895 1.0408 0.4218 -1.0012 -1.2814 0.971 0.9774 -0.9988 1.0104 -0.0106 -0.8524 -0.991 -0.5524 0.966 0.391 -0.874 -0.853 0.925 0.873 -0.956 0.898 -0.137 -0.788 -0.925 -0.538 0.9884 0.5164 -0.9276 -1.0872 0.888 0.7852 -1.0924 0.8592 -0.1188 -0.8052 -0.958 -0.5452
-0.49 -0.55 0.48 -1.96 2.09 0.94 -2.07 0.05 -1.13 0.0600000000000001 -1.98 -1.03 -0.62 -2.05 -2.12 0.836425829497646 1.24609413692804 1.83712715426257 0.9608 -1.1582 -0.4112 0.7886 -0.099 0.5774 -0.0388 0.9504 0.5094 0.2776 1.059 1.0576 1.126 -1.249 -0.464 1.217 -0.025 0.653 -0.116 1.078 0.443 0.282 1.125 1.132 -0.9316 0.9964 0.5124 -1.0872 -0.072 -0.6548 -0.1324 -1.0608 -0.5988 -0.3252 -0.958 -1.0252
-0.49 0.45 0.48 1.04 -1.91 -2.06 -2.07 0.05 -1.13 2.06 1.02 -0.0299999999999998 -0.62 0.95 -2.12 1.028394334895 1.02617585728861 2.31922175849956 -0.5092 0.8018 1.0588 0.7886 -0.099 0.5774 -1.0188 -0.5196 0.0194 0.2776 -0.411 1.0576 0.516 -0.959 -0.874 -0.853 0.025 -0.477 0.844 0.448 -0.137 -0.338 0.425 -0.988 0.5084 -0.9236 -0.9276 -1.0872 -0.072 -0.6548 0.8276 0.3792 -0.1188 -0.3252 0.482 -1.0252
0.51 -0.55 0.48 -0.96 -1.91 0.94 1.93 -1.95 -0.13 2.06 -0.98 -2.03 -1.62 -2.05 -2.12 -0.494320629251221 -1.1883126636721 -0.598400721788071 -0.4892 -1.1082 0.5288 0.7586 -1.069 -0.0426 1.0412 -0.5196 -1.0306 -0.8524 -0.991 -1.0624 0.576 0.951 -0.464 -0.983 1.075 0.103 -1.216 0.528 0.993 0.832 1.125 1.132 -0.4516 -0.9236 0.5124 0.8328 -1.032 -0.1748 0.8276 -0.5808 -1.0788 -0.8052 -0.958 -1.0252
-0.49 0.45 -0.52 -1.96 -1.91 1.94 -2.07 -0.95 -2.13 -1.94 -1.98 1.97 0.38 -1.05 -2.12 0.891307872392423 0.655170067998324 1.3972178163647 0.9608 0.8018 -0.9012 0.7886 0.391 1.0674 0.9412 0.9504 -0.9606 -0.2124 0.569 1.0576 -0.834 -0.959 0.926 -0.853 -0.425 -0.927 -0.956 -0.902 0.763 0.112 -0.475 -0.988 1.0284 0.9864 -0.9476 0.9828 0.398 0.9952 0.8476 0.9192 -1.1288 -0.2252 0.572 1.0948
-0.49 -0.55 -0.52 2.04 -1.91 -2.06 1.93 0.05 -2.13 -1.94 -1.98 -2.03 -1.62 -1.05 -2.12 -0.288757743024863 0.547928602915826 1.2109660373421 -0.9992 0.8018 1.0588 -1.1714 -0.099 1.0674 0.9412 0.9504 0.9994 0.7676 0.569 1.0576 -1.074 0.951 1.186 -0.983 -0.025 1.203 0.984 1.078 0.993 0.832 0.575 1.132 -1.0516 0.9864 1.1324 -1.0972 -0.122 0.9952 0.8476 0.9192 0.9512 0.8148 0.572 1.0948
0.51 0.45 0.48 -0.96 2.09 1.94 -2.07 -1.95 -2.13 0.0600000000000001 -1.98 -2.03 -0.62 -2.05 -2.12 0.237771489746797 0.169813555501633 1.436749126223 -0.4892 0.9318 1.0388 -1.2814 -1.069 -1.0626 0.0212 -1.0296 -1.0306 -0.3424 -0.991 -1.0624 -0.384 0.841 0.926 -0.853 -0.875 -0.927 -0.056 -0.902 -1.037 -0.338 -0.925 -0.988 -0.4516 0.9964 0.9924 -1.0872 -1.032 -1.1348 -0.1324 -1.0608 -1.0788 -0.3252 -0.958 -1.0252
0.51 0.45 0.48 -1.96 0.0900000000000001 -2.06 -2.07 0.05 -2.13 0.0600000000000001 -1.98 -1.03 -0.62 -0.0499999999999998 -1.12 -0.200998639304916 0.245356119885202 1.01822229447105 -0.9992 -0.0881999999999999 -1.0012 -1.2814 -0.049 -1.0626 0.0212 -1.0296 -0.5206 -0.3424 0.029 -0.5524 -0.834 -0.059 -0.874 -0.853 0.025 -0.927 -0.056 -0.902 -0.587 -0.338 -0.025 -0.538 -0.9316 0.0364 -0.9276 -1.0872 -0.072 -1.1348 -0.1324 -1.0608 -0.5988 -0.3252 0.00200000000000001 -0.5452
-0.49 -0.55 -0.52 -1.96 0.0900000000000001 1.94 -2.07 -1.95 -2.13 -1.94 -1.98 -2.03 0.38 0.95 -0.12 0.366343170815242 0.980698838443774 0.230122306263081 0.9608 -0.1782 -0.9012 0.7886 0.881 1.0674 0.9412 0.9504 0.9994 -0.2124 -0.411 0.0776 1.126 -0.149 -1.014 1.217 1.075 1.203 0.984 1.078 0.993 -0.268 -0.525 0.032 1.0284 -0.0536 -0.9476 0.9828 0.918 0.9952 0.8476 0.9192 0.9512 -0.2252 -0.468 0.0548
0.51 -0.55 0.48 2.04 -1.91 1.94 0.93 -1.95 1.87 2.06 2.02 -1.03 1.38 1.95 0.88 1.56024725891837 1.91241398491626 1.58801287049539 1.0408 -1.1082 1.0388 0.2486 -1.069 0.9774 1.0412 1.0104 -0.5206 0.6776 1.049 0.4676 -1.074 0.951 -1.014 -0.433 1.075 -0.997 -1.216 -1.122 0.443 -0.818 -1.075 -0.518 0.9884 -0.9236 0.9924 0.3528 -1.032 0.7852 0.8276 0.8592 -0.5988 0.6348 0.962 0.4148
-0.49 -0.55 -0.52 2.04 0.0900000000000001 1.94 -2.07 0.05 -2.13 2.06 2.02 0.97 -0.62 0.95 0.88 0.792288120182823 0.771202386355147 1.03116810271624 -0.9992 -0.1782 -0.9012 0.7886 -0.099 1.0674 -1.0188 -1.0096 -0.4706 0.2776 -0.411 -0.4124 -1.074 -0.149 -1.014 1.217 -0.025 1.203 -1.216 -1.122 -0.657 0.282 -0.525 -0.518 -1.0516 -0.0536 -0.9476 0.9828 -0.122 0.9952 -1.2324 -1.1608 -0.6088 0.2948 -0.468 -0.4652
0.51 0.45 0.48 0.04 1.09 0.94 0.93 -1.95 1.87 2.06 -0.98 -2.03 1.38 1.95 1.88 0.962709516128197 1.45105073666417 2.02202211179371 0.0208 0.4218 0.5288 0.2486 -1.069 0.9774 1.0412 -0.5196 -1.0306 0.6776 1.049 0.9776 0.066 0.391 0.476 0.497 -0.875 0.873 0.844 -0.452 -1.037 0.562 0.875 0.812 0.0284 0.5164 0.5124 0.3528 -1.032 0.7852 0.8276 -0.5808 -1.0788 0.6348 0.962 0.8948
0.51 0.45 -0.52 2.04 2.09 -1.06 0.93 0.05 -1.13 -1.94 -1.98 -1.03 2.38 -0.0499999999999998 0.88 1.28073134292156 1.487135526985 1.37412233479584 1.0408 0.9318 -0.4912 0.2486 -0.049 -0.5526 -0.9988 -1.0296 -0.5206 1.1876 0.029 0.4676 0.966 0.841 -0.424 0.497 0.025 -0.477 -0.956 -0.902 -0.587 1.012 -0.025 0.362 -1.0516 -1.0936 0.6124 -0.5772 -0.122 0.4752 0.8476 0.9192 0.4312 -1.2652 0.052 -0.4652
0.51 0.45 -0.52 0.04 2.09 1.94 0.93 -0.95 1.87 0.0600000000000001 2.02 1.97 1.38 -0.0499999999999998 0.88 0.0405443361394672 1.15618456853082 0.624216490953183 0.0208 0.9318 1.0388 0.2486 -0.559 0.9774 0.0212 1.0104 1.0094 0.6776 0.029 0.4676 0.066 0.841 0.926 0.497 -0.425 0.873 -0.056 0.898 0.763 0.562 -0.025 0.362 -0.0116 -1.0936 -0.9476 -0.5772 0.398 -1.0848 -0.1924 -1.1608 -1.1288 -0.7452 0.052 -0.4652
-0.49 0.45 0.48 1.04 2.09 1.94 1.93 -0.95 1.87 0.0600000000000001 -1.98 -0.0299999999999998 0.38 -2.05 1.88 0.732026377768637 0.456215567955544 0.767663435036831 -0.5092 -1.1582 -0.9012 -1.1714 0.391 -0.8926 -0.0388 0.9504 0.0194 -0.2124 1.059 -0.9024 0.516 0.841 0.926 0.947 -0.425 0.873 -0.056 -0.902 -0.137 0.112 -0.925 0.812 0.5084 0.9964 0.9924 0.8328 -0.552 0.7852 -0.1324 -1.0608 -0.1188 0.1548 -0.958 0.8948
-0.49 -0.55 0.48 -1.96 -1.91 1.94 0.93 1.05 -1.13 -0.94 1.02 0.97 0.38 -1.05 -2.12 0.311700357315678 0.97068829459389 1.10936429527429 0.9608 0.8018 -0.9012 -0.6814 -0.589 0.5774 0.4512 -0.5196 -0.4706 -0.2124 0.569 1.0576 1.126 0.951 -1.014 -0.433 -0.575 0.653 0.434 -0.572 -0.657 -0.268 0.575 1.132 -0.9316 -0.9236 0.9924 0.3528 0.408 -0.6548 -0.6124 0.3792 0.3612 0.1548 -0.478 -1.0252
0.51 0.45 0.48 0.04 -1.91 0.94 -1.07 0.05 -1.13 -0.94 2.02 1.97 -0.62 -2.05 -2.12 0.918840911218639 1.06298194657775 2.1775835946996 0.0208 -1.1082 0.5288 -0.7714 -0.049 -0.5526 -0.4888 1.0104 1.0094 -0.3424 -0.991 -1.0624 0.066 -0.959 0.476 -0.403 0.025 -0.477 -0.506 0.898 0.763 -0.338 -0.925 -0.988 0.0284 -0.9236 0.5124 -0.6072 -0.072 -0.6548 -0.6124 0.8592 0.8412 -0.3252 -0.958 -1.0252
-0.49 -0.55 -0.52 -0.96 1.09 -2.06 -0.0699999999999998 -0.95 0.87 -1.94 -1.98 -1.03 -1.62 -2.05 -2.12 -1.01799221846678 -1.01917224262038 -0.465451481832669 0.4708 -0.6682 1.0588 -0.1914 0.391 -0.4026 0.9412 0.9504 0.5094 0.7676 1.059 1.0576 0.576 -0.699 1.186 0.117 0.525 -0.447 0.984 1.078 0.443 0.832 1.125 1.132 0.5084 -0.5736 1.1324 -0.0572 0.398 -0.5648 0.8476 0.9192 0.4312 0.8148 1.092 1.0948
0.51 0.45 0.48 2.04 0.0900000000000001 -2.06 1.93 1.05 1.87 -1.94 -1.98 -2.03 2.38 1.95 -0.12 -0.235567676971603 0.0196154617131647 -0.0691095100670062 1.0408 -0.0881999999999999 -1.0012 0.7586 0.461 0.9774 -0.9988 -1.0296 -1.0306 1.1876 1.049 -0.0424 0.966 -0.059 -0.874 0.947 0.475 0.873 -0.956 -0.902 -1.037 1.012 0.875 -0.088 0.9884 0.0364 -0.9276 0.8328 0.408 0.7852 -1.0924 -1.0608 -1.0788 1.1148 0.962 -0.0652
-0.49 -0.55 -0.52 -1.96 -1.91 -2.06 -0.0699999999999998 2.05 0.87 -0.94 0.02 -0.0299999999999998 -1.62 -0.0499999999999998 -1.12 -0.458224392640867 -0.38919482300068 -0.469560776275037 0.9608 0.8018 1.0588 -0.1914 -1.079 -0.4026 0.4512 -0.0296 0.0194 0.7676 0.079 0.5676 1.126 0.951 1.186 0.117 -1.125 -0.447 0.434 -0.022 -0.107 0.832 0.025 0.582 1.0284 0.9864 1.1324 -0.0572 -1.162 -0.5648 0.3276 -0.1208 -0.0888 0.8148 0.052 0.5748
