0.46 0.5 0.56 0.94 -2.2 -2.08 1.94 -1.07 0.14 -0.91 0.13 -0.99 -1.08 -0.1 -2.15 0.933324096372961 1.8434962195817 -0.257069598731478 0.5348 -0.974 -0.9636 0.8848 -0.5144 0.00880000000000004 -0.3772 0.1096 -0.4808 -0.5136 -0.022 -1.008 0.34 -1.2 -1.12 0.82 -0.67 -0.04 -0.51 0.03 -0.58 -0.68 -0.12 -1.21 0.4428 -1.244 -1.1896 1.1028 -0.7384 -0.0231999999999999 -0.5892 -0.1444 -0.6488 -0.7196 -0.092 -1.328
0.46 0.5 0.56 0.94 -1.2 1.92 1.94 0.93 -0.86 0.0900000000000001 2.13 0.01 1.92 -1.1 0.85 1.53806732298199 2.35896799238936 1.25446656468637 0.5348 -0.514 0.8764 0.8848 0.4056 -0.4512 0.0828 1.0296 -0.0208 0.8664 -0.482 0.372 0.34 -0.7 0.88 0.82 0.33 -0.54 -0.00999999999999997 1.03 -0.08 0.82 -0.62 0.29 0.4428 -0.684 1.0504 1.1028 0.3816 -0.5832 -0.0292 0.9756 -0.0888 0.9604 -0.652 0.352
-0.54 -0.5 0.56 1.94 1.8 -2.08 1.94 -0.0699999999999998 2.14 1.09 2.13 0.01 1.92 1.9 1.85 0.373281502221629 1.01388342962459 1.21845016128111 -0.9452 -0.934 1.1164 -1.0552 0.0156 -1.2112 -0.5472 -1.1004 -0.0308 -1.0536 -1.002 -1.018 -1.1 -1 0.96 -1.12 -0.1 -1.18 -0.6 -1.1 -0.09 -1.1 -1.02 -1.06 1.0028 0.996 -1.1896 1.1028 -0.1784 1.0968 0.5308 0.9756 -0.0888 0.9604 1.028 0.912
-0.54 0.5 -0.44 1.94 1.8 -0.0800000000000001 0.94 1.93 2.14 -1.91 2.13 2.01 1.92 1.9 1.85 1.66507454710544 1.36802414938982 2.44229702503782 -0.9452 -0.934 0.0364 -0.5152 -1.0644 -1.2112 1.0728 -1.1004 -1.1108 -1.0536 -1.002 -1.018 0.84 0.8 -0.12 0.32 0.83 0.96 -1.01 1.03 0.92 0.82 0.88 0.79 -0.9372 -0.804 0.0104 -0.3972 -0.9884 -1.0432 0.7608 -1.1544 -0.9788 -0.9596 -0.872 -0.938
-0.54 0.5 -0.44 -2.06 1.8 1.92 -1.06 -2.07 -1.86 2.09 2.13 -1.99 -1.08 1.9 1.85 1.00304504939423 0.240694494853063 1.38152213818134 1.2148 -0.934 -1.0436 0.5648 1.0956 0.9488 -1.0872 -1.1004 1.0492 0.5664 -1.002 -1.018 -1.16 0.8 0.88 -0.68 -1.17 -1.04 0.99 1.03 -1.08 -0.68 0.88 0.79 0.8228 -0.804 -0.8696 0.4828 0.7716 0.7168 -0.9992 -1.1544 0.7812 0.3604 -0.872 -0.938
0.46 -0.5 -0.44 1.94 1.8 0.92 -1.06 -1.07 -0.86 -0.91 -0.87 0.01 1.92 -1.1 1.85 1.47193840088896 0.328576103582548 -0.242921317789374 0.9948 0.866 0.4164 -0.4952 -0.5144 -0.4512 -0.3772 -0.3504 -0.0208 0.8664 -0.482 0.832 -1.1 -1 -0.54 0.38 0.4 0.32 0.4 0.4 -0.09 -1.1 0.48 -1.06 -0.9372 -0.804 -0.4296 0.4828 0.3316 0.2768 0.3208 0.1656 -0.0988 -0.9596 0.448 -0.938
0.46 -0.5 0.56 -2.06 -2.2 -0.0800000000000001 -2.06 -2.07 1.14 -1.91 -1.87 -1.99 -2.08 -2.1 -2.15 -0.0957099985684575 0.51812240345838 1.06401321044291 -0.8452 -0.974 -0.0436 -0.9552 -0.9744 0.4688 -0.8372 -0.8104 -0.9408 -0.9736 -0.942 -1.008 0.9 1 -0.04 0.88 0.9 -0.68 0.9 0.9 0.91 0.9 0.98 0.94 -1.2372 -1.244 -0.0696 -1.1372 -1.2984 0.5368 -1.1492 -1.2644 -1.2088 -1.2796 -1.212 -1.328
0.46 0.5 0.56 1.94 -2.2 0.92 -2.06 -0.0699999999999998 1.14 -1.91 -1.87 2.01 -2.08 -2.1 1.85 1.01144444062445 -0.121270372306889 1.02650859547269 0.9948 -0.974 0.4164 -0.9552 -0.0544 0.4688 -0.8372 -0.8104 0.8992 -0.9736 -0.942 0.832 0.84 -1.2 0.38 -1.18 -0.17 0.46 -1.01 -0.97 0.92 -1.18 -1.12 0.79 1.0028 -1.244 0.4904 -1.1372 -0.1784 0.5368 -1.1492 -1.2644 1.0312 -1.2796 -1.212 0.912
-0.54 -0.5 -0.44 1.94 -2.2 1.92 -0.0600000000000001 -0.0699999999999998 1.14 -1.91 0.13 -0.99 1.92 -1.1 -2.15 2.69578965049307 1.25527315085721 1.85459896814651 -0.9452 1.226 -1.0436 0.0248 0.0156 -0.6712 1.0728 -0.0204 0.5092 -1.0536 0.618 1.142 -1.1 1 -1.04 -0.12 -0.1 -0.68 0.9 -0.1 0.41 -1.1 0.48 0.94 -0.9372 0.956 -0.8696 0.0428 -0.1084 -0.6032 0.7608 -0.2744 0.3412 -0.9596 0.448 0.822
0.46 0.5 -0.44 0.94 -2.2 -2.08 1.94 0.93 2.14 -0.91 1.13 0.01 -1.08 -0.1 -0.15 0.692002058182466 1.40233512640461 -0.134718830776363 0.5348 -0.974 -0.9636 0.8848 0.4056 0.9288 -0.3772 0.5696 -0.0208 -0.5136 -0.022 -0.088 0.34 -1.2 -1.12 0.82 0.33 0.96 -0.51 0.53 -0.08 -0.68 -0.12 -0.21 -0.4972 0.956 0.8904 -0.8372 -0.5484 -1.0432 0.3208 -0.7144 -0.0988 0.3604 0.008 -0.058
-0.54 0.5 -0.44 -1.06 1.8 1.92 -1.06 -2.07 0.14 2.09 2.13 2.01 -2.08 -0.1 1.85 0.542320424436549 0.109535836860066 1.55093114971742 0.6748 -0.934 -1.0436 0.5648 1.0956 -0.1312 -1.0872 -1.1004 -1.1108 1.1064 0.078 -1.018 -0.66 0.8 0.88 -0.68 -1.17 -0.04 0.99 1.03 0.92 -1.18 -0.12 0.79 0.3828 -0.804 -0.8696 0.4828 0.7716 -0.1632 -0.9992 -1.1544 -0.9788 0.8004 0.008 -0.938
0.46 0.5 0.56 -1.06 1.8 -0.0800000000000001 -0.0600000000000001 -0.0699999999999998 0.14 -1.91 -0.87 -0.99 -2.08 -2.1 -2.15 2.79710091507719 0.596362529367483 0.395011782240291 -0.3852 0.866 -0.0436 -0.0352 -0.0544 0.00880000000000004 -0.8372 -0.3504 -0.4808 -0.9736 -0.942 -1.008 -0.66 0.8 -0.12 -0.18 -0.17 -0.04 -1.01 -0.47 -0.58 -1.18 -1.12 -1.21 -0.6772 0.996 -0.0696 -0.0172 -0.1784 -0.0231999999999999 -1.1492 -0.7044 -0.6488 -1.2796 -1.212 -1.328
-0.54 0.5 -0.44 1.94 -2.2 0.92 1.94 -0.0699999999999998 0.14 1.09 -1.87 -0.99 -0.0800000000000001 -0.1 1.85 0.67975061985372 -1.36300875958624 1.27207193791448 -0.9452 1.226 -0.5036 -1.0552 0.0156 -0.1312 -0.5472 1.0596 0.5092 0.0264 0.078 -1.018 0.84 -1.2 0.38 0.82 -0.17 -0.04 0.49 -0.97 -0.58 -0.18 -0.12 0.79 -0.9372 0.956 -0.4296 -0.8372 -0.1084 -0.1632 -0.5592 0.6056 0.3412 -0.0796 0.008 -0.938
-0.54 -0.5 0.56 -2.06 -2.2 1.92 1.94 1.93 1.14 2.09 2.13 -0.99 -0.0800000000000001 -0.1 0.85 -1.15428281148283 -0.0673662091719336 0.594790812974887 1.2148 1.226 -1.0436 -1.0552 -1.0644 -0.6712 -1.0872 -1.1004 0.5092 0.0264 0.078 -0.478 0.9 1 -1.04 -1.12 -1.1 -0.68 -1.1 -1.1 0.41 -0.1 -0.02 -0.56 -1.2372 -1.244 1.0504 1.1028 0.9416 0.5368 1.0908 0.9756 -0.6488 -0.1596 -0.092 0.352
-0.54 -0.5 -0.44 -2.06 0.8 0.92 1.94 0.93 2.14 -1.91 -0.87 0.01 0.92 0.9 0.85 0.980136229027495 0.156728744527507 0.048951208352276 1.2148 -0.394 -0.5036 -1.0552 -0.5244 -1.2112 1.0728 0.5196 -0.0308 -0.5136 -0.462 -0.478 0.9 -0.5 -0.54 -1.12 -0.6 -1.18 0.9 0.4 -0.09 -0.6 -0.52 -0.56 0.8228 -0.364 -0.4296 -0.8372 -0.5484 -1.0432 0.7608 0.1656 -0.0988 -0.5196 -0.432 -0.498
-0.54 -0.5 0.56 1.94 -1.2 1.92 0.94 1.93 0.14 0.0900000000000001 2.13 2.01 0.92 0.9 0.85 0.620115181128122 -0.596290832029499 0.89632198118293 -0.9452 0.686 -1.0436 -0.5152 -1.0644 -0.1312 -0.00720000000000002 -1.1004 -1.1108 -0.5136 -0.462 -0.478 -1.1 0.5 -1.04 -0.62 -1.1 -0.18 -0.1 -1.1 -1.09 -0.6 -0.52 -0.56 1.0028 -0.684 1.0504 0.5428 0.9416 -0.0231999999999999 -0.0292 0.9756 1.0312 0.4004 0.468 0.352
-0.54 -0.5 -0.44 1.94 1.8 1.92 1.94 -0.0699999999999998 2.14 2.09 2.13 2.01 -0.0800000000000001 1.9 1.85 2.60003822100502 0.988682828525447 3.19250344128656 -0.9452 -0.934 -1.0436 -1.0552 0.0156 -1.2112 -1.0872 -1.1004 -1.1108 0.0264 -1.002 -1.018 -1.1 -1 -1.04 -1.12 -0.1 -1.18 -1.1 -1.1 -1.09 -0.1 -1.02 -1.06 -0.9372 -0.804 -0.8696 -0.8372 -0.1084 -1.0432 -0.9992 -1.1544 -0.9788 -0.0796 -0.872 -0.938
0.46 -0.5 0.56 -1.06 1.8 1.92 -2.06 -0.0699999999999998 2.14 0.0900000000000001 2.13 2.01 1.92 1.9 0.85 -1.58999038331784 1.82340922840529 0.0616182263796045 -0.3852 0.866 0.8764 -0.9552 -0.0544 0.9288 0.0828 1.0296 0.8992 0.8664 0.898 0.372 0.4 -1 -1.04 0.88 -0.1 -1.18 -0.1 -1.1 -1.09 -1.1 -1.02 -0.56 -0.6772 0.996 1.0504 -1.1372 -0.1784 1.0968 -0.0292 0.9756 1.0312 0.9604 1.028 0.352
0.46 0.5 -0.44 -1.06 1.8 1.92 1.94 0.93 2.14 1.09 -0.87 2.01 1.92 1.9 1.85 1.07839641250221 -0.375050347524768 2.26110022566063 -0.3852 0.866 0.8764 0.8848 0.4056 0.9288 0.5428 -0.3504 0.8992 0.8664 0.898 0.832 -0.66 0.8 0.88 0.82 0.33 0.96 0.49 -0.47 0.92 0.82 0.88 0.79 0.3828 -0.804 -0.8696 -0.8372 -0.5484 -1.0432 -0.5592 0.1656 -0.9788 -0.9596 -0.872 -0.938
0.46 0.5 0.56 1.94 1.8 -0.0800000000000001 -1.06 1.93 2.14 -1.91 1.13 1.01 0.92 1.9 0.85 1.74941458987635 4.03310338439667 5.41951620867666 0.9948 0.866 -0.0436 -0.4952 0.8656 0.9288 -0.8372 0.5696 0.4392 0.4064 0.898 0.372 0.84 0.8 -0.12 -0.68 0.83 0.96 -1.01 0.53 0.42 0.32 0.88 0.29 1.0028 0.996 -0.0696 -0.5772 0.9416 1.0968 -1.1492 0.4156 0.4712 0.4004 1.028 0.352
0.46 -0.5 -0.44 1.94 -2.2 -2.08 -1.06 -2.07 -1.86 -1.91 -1.87 -1.99 -2.08 -1.1 -2.15 0.141360763197058 -0.565465225041492 -0.821212536468717 0.9948 -0.974 -0.9636 -0.4952 -0.9744 -0.9112 -0.8372 -0.8104 -0.9408 -0.9736 -0.482 -1.008 -1.1 1 0.96 0.38 0.9 0.82 0.9 0.9 0.91 0.9 0.48 0.94 -0.9372 0.956 0.8904 0.4828 0.7716 0.7168 0.7608 0.6056 0.7812 0.8004 0.448 0.822
0.46 0.5 0.56 0.94 -0.2 1.92 1.94 1.93 2.14 -0.91 1.13 0.01 -1.08 -2.1 1.85 0.0144567771007993 0.521951919396626 1.44260519930343 0.5348 -0.054 0.8764 0.8848 0.8656 0.9288 -0.3772 0.5696 -0.0208 -0.5136 -0.942 0.832 0.34 -0.2 0.88 0.82 0.83 0.96 -0.51 0.53 -0.08 -0.68 -1.12 0.79 0.4428 -0.124 1.0504 1.1028 0.9416 1.0968 -0.5892 0.4156 -0.0888 -0.7196 -1.212 0.912
0.46 -0.5 0.56 -0.0600000000000001 1.8 -2.08 -2.06 -2.07 1.14 0.0900000000000001 2.13 2.01 -0.0800000000000001 0.9 1.85 1.3838666766562 0.864699535889175 2.3080168155837 0.0748 0.866 -0.9636 -0.9552 -0.9744 0.4688 0.0828 1.0296 0.8992 -0.0536 0.438 0.832 -0.1 -1 0.96 0.88 0.9 -0.68 -0.1 -1.1 -1.09 -0.1 -0.52 -1.06 -0.1172 0.996 -1.1896 -1.1372 -1.2984 0.5368 -0.0292 0.9756 1.0312 -0.1596 0.468 0.912
-0.54 0.5 0.56 1.94 -0.2 -2.08 -0.0600000000000001 -0.0699999999999998 2.14 1.09 2.13 2.01 1.92 1.9 -1.15 1.01854700822245 2.80379784850562 3.32253634313745 -0.9452 0.146 1.1164 0.0248 0.0156 -1.2112 -0.5472 -1.1004 -1.1108 -1.0536 -1.002 0.602 0.84 -0.2 -1.12 -0.18 -0.17 0.96 0.49 1.03 0.92 0.82 0.88 -0.71 1.0028 -0.124 -1.1896 -0.0172 -0.1784 1.0968 0.5308 0.9756 1.0312 0.9604 1.028 -0.768
0.46 -0.5 -0.44 -1.06 -0.2 -0.0800000000000001 -1.06 -2.07 0.14 0.0900000000000001 -0.87 1.01 0.92 -2.1 0.85 0.644300130639038 1.83323392805977 2.16683245764208 -0.3852 -0.054 -0.0436 -0.4952 -0.9744 0.00880000000000004 0.0828 -0.3504 0.4392 0.4064 -0.942 0.372 0.4 0 -0.04 0.38 0.9 -0.18 -0.1 0.4 -0.59 -0.6 0.98 -0.56 0.3828 0.076 0.0104 0.4828 0.7716 -0.1632 -0.1192 0.1656 -0.5388 -0.5196 0.888 -0.498
0.46 0.5 0.56 -1.06 -0.2 1.92 1.94 -0.0699999999999998 -0.86 -1.91 1.13 1.01 -0.0800000000000001 0.9 -2.15 0.22664556274249 -0.748192635549398 1.33742790351596 -0.3852 -0.054 0.8764 0.8848 -0.0544 -0.4512 -0.8372 0.5696 0.4392 -0.0536 0.438 -1.008 -0.66 -0.2 0.88 0.82 -0.17 -0.54 -1.01 0.53 0.42 -0.18 0.38 -1.21 -0.6772 -0.124 1.0504 1.1028 -0.1784 -0.5832 -1.1492 0.4156 0.4712 -0.1596 0.468 -1.328
0.46 -0.5 -0.44 -2.06 1.8 -2.08 -0.0600000000000001 0.93 0.14 2.09 -1.87 -0.99 1.92 -2.1 0.85 0.147472902730834 0.444436627511728 0.254226497399415 -0.8452 0.866 -0.9636 -0.0352 0.4056 0.00880000000000004 1.0028 -0.8104 -0.4808 0.8664 -0.942 0.372 0.9 -1 0.96 -0.12 -0.6 -0.18 -1.1 0.9 0.41 -1.1 0.98 -0.56 0.8228 -0.804 0.8904 0.0428 -0.5484 -0.1632 -0.9992 0.6056 0.3412 -0.9596 0.888 -0.498
0.46 0.5 0.56 -1.06 -2.2 -2.08 -1.06 -0.0699999999999998 -0.86 1.09 -1.87 1.01 1.92 -2.1 -1.15 0.746135818169721 1.97279374091509 1.34542290648237 -0.3852 -0.974 -0.9636 -0.4952 -0.0544 -0.4512 0.5428 -0.8104 0.4392 0.8664 -0.942 -0.548 -0.66 -1.2 -1.12 -0.68 -0.17 -0.54 0.49 -0.97 0.42 0.82 -1.12 -0.71 -0.6772 -1.244 -1.1896 -0.5772 -0.1784 -0.5832 0.5308 -1.2644 0.4712 0.9604 -1.212 -0.768
0.46 -0.5 -0.44 -2.06 -2.2 -0.0800000000000001 -1.06 -2.07 -0.86 0.0900000000000001 -1.87 1.01 -2.08 -2.1 0.85 0.289669349164274 0.654967245428504 0.123586208523068 -0.8452 -0.974 -0.0436 -0.4952 -0.9744 -0.4512 0.0828 -0.8104 0.4392 -0.9736 -0.942 0.372 0.9 1 -0.04 0.38 0.9 0.32 -0.1 0.9 -0.59 0.9 0.98 -0.56 0.8228 0.956 0.0104 0.4828 0.7716 0.2768 -0.1192 0.6056 -0.5388 0.8004 0.888 -0.498
0.46 0.5 0.56 1.94 -2.2 0.92 1.94 1.93 -1.86 1.09 -1.87 0.01 -0.0800000000000001 1.9 0.85 0.927701214598625 0.900289292815071 1.70009136057163 0.9948 -0.974 0.4164 0.8848 0.8656 -0.9112 0.5428 -0.8104 -0.0208 -0.0536 0.898 0.372 0.84 -1.2 0.38 0.82 0.83 -1.04 0.49 -0.97 -0.08 -0.18 0.88 0.29 1.0028 -1.244 0.4904 1.1028 0.9416 -1.1432 0.5308 -1.2644 -0.0888 -0.1596 1.028 0.352
-0.54 0.5 0.56 1.94 -1.2 0.92 -2.06 -2.07 1.14 -0.91 2.13 2.01 0.92 1.9 1.85 0.394604040524327 2.02726057850577 1.31052152643467 -0.9452 0.686 -0.5036 1.1048 1.0956 -0.6712 0.5328 -1.1004 -1.1108 -0.5136 -1.002 -1.018 0.84 -0.7 0.38 -1.18 -1.17 0.46 -0.51 1.03 0.92 0.32 0.88 0.79 1.0028 -0.684 0.4904 -1.1372 -1.2984 0.5368 -0.5892 0.9756 1.0312 0.4004 1.028 0.912
-0.54 0.5 -0.44 1.94 0.8 1.92 0.94 1.93 0.14 -0.91 1.13 2.01 0.92 1.9 0.85 0.975907910461579 0.521997047372819 0.214053171141042 -0.9452 -0.394 -1.0436 -0.5152 -1.0644 -0.1312 0.5328 -0.5604 -1.1108 -0.5136 -1.002 -0.478 0.84 0.3 0.88 0.32 0.83 -0.04 -0.51 0.53 0.92 0.32 0.88 0.29 -0.9372 -0.364 -0.8696 -0.3972 -0.9884 -0.1632 0.3208 -0.7144 -0.9788 -0.5196 -0.872 -0.498
0.46 -0.5 -0.44 1.94 -0.2 -0.0800000000000001 -2.06 -0.0699999999999998 -1.86 -1.91 -1.87 -0.99 -0.0800000000000001 0.9 -2.15 1.37504792490552 1.32252999554919 1.73185509062364 0.9948 -0.054 -0.0436 -0.9552 -0.0544 -0.9112 -0.8372 -0.8104 -0.4808 -0.0536 0.438 -1.008 -1.1 0 -0.04 0.88 -0.1 0.82 0.9 0.9 0.41 -0.1 -0.52 0.94 -0.9372 0.076 0.0104 0.9228 -0.1084 0.7168 0.7608 0.6056 0.3412 -0.0796 -0.432 0.822
-0.54 -0.5 -0.44 -2.06 1.8 -2.08 -0.0600000000000001 -1.07 2.14 -1.91 -1.87 -1.99 0.92 -1.1 -0.15 0.730267021957974 1.10227803092451 0.28340225185735 1.2148 -0.934 1.1164 0.0248 0.5556 -1.2112 1.0728 1.0596 1.0492 -0.5136 0.618 0.062 0.9 -1 0.96 -0.12 0.4 -1.18 0.9 0.9 0.91 -0.6 0.48 -0.06 0.8228 -0.804 0.8904 0.0428 0.3316 -1.0432 0.7608 0.6056 0.7812 -0.5196 0.448 -0.058
0.46 0.5 0.56 -2.06 1.8 -0.0800000000000001 1.94 1.93 1.14 0.0900000000000001 1.13 2.01 1.92 -2.1 0.85 0.193755543767528 0.922902692838544 0.829480954195282 -0.8452 0.866 -0.0436 0.8848 0.8656 0.4688 0.0828 0.5696 0.8992 0.8664 -0.942 0.372 -1.16 0.8 -0.12 0.82 0.83 0.46 -0.00999999999999997 0.53 0.92 0.82 -1.12 0.29 -1.2372 0.996 -0.0696 1.1028 0.9416 0.5368 -0.0292 0.4156 1.0312 0.9604 -1.212 0.352
-0.54 -0.5 -0.44 -1.06 -0.2 -2.08 0.94 -1.07 0.14 -1.91 -0.87 -1.99 -2.08 0.9 -2.15 2.16665233549869 0.86472308539669 0.682559499091677 0.6748 0.146 1.1164 -0.5152 0.5556 -0.1312 1.0728 0.5196 1.0492 1.1064 -0.462 1.142 0.4 0 0.96 -0.62 0.4 -0.18 0.9 0.4 0.91 0.9 -0.52 0.94 0.3828 0.076 0.8904 -0.3972 0.3316 -0.1632 0.7608 0.1656 0.7812 0.8004 -0.432 0.822
0.46 0.5 -0.44 -1.06 -0.2 -1.08 1.94 1.93 0.14 0.0900000000000001 -0.87 0.01 1.92 1.9 -0.15 1.70901345255512 0.982775015095453 0.266818007792546 -0.3852 -0.054 -0.5036 0.8848 0.8656 0.00880000000000004 0.0828 -0.3504 -0.0208 0.8664 0.898 -0.088 -0.66 -0.2 -0.62 0.82 0.83 -0.04 -0.00999999999999997 -0.47 -0.08 0.82 0.88 -0.21 0.3828 0.076 0.4504 -0.8372 -0.9884 -0.1632 -0.1192 0.1656 -0.0988 -0.9596 -0.872 -0.058
-0.54 -0.5 -0.44 -1.06 -0.2 -2.08 -1.06 -2.07 -1.86 1.09 -1.87 -1.99 -1.08 -2.1 -0.15 -0.891933989306844 0.624273083057425 -0.10863613468514 0.6748 0.146 1.1164 0.5648 1.0956 0.9488 -0.5472 1.0596 1.0492 0.5664 1.158 0.062 0.4 0 0.96 0.38 0.9 0.82 -0.6 0.9 0.91 0.4 0.98 -0.06 0.3828 0.076 0.8904 0.4828 0.7716 0.7168 -0.5592 0.6056 0.7812 0.3604 0.888 -0.058
0.46 0.5 0.56 -2.06 -2.2 0.92 1.94 1.93 0.14 2.09 -1.87 -1.99 -2.08 1.9 1.85 1.72740453415055 1.76921986091919 1.66773056824803 -0.8452 -0.974 0.4164 0.8848 0.8656 0.00880000000000004 1.0028 -0.8104 -0.9408 -0.9736 0.898 0.832 -1.16 -1.2 0.38 0.82 0.83 -0.04 0.99 -0.97 -1.08 -1.18 0.88 0.79 -1.2372 -1.244 0.4904 1.1028 0.9416 -0.0231999999999999 1.0908 -1.2644 -1.2088 -1.2796 1.028 0.912
-0.54 -0.5 0.56 0.94 -1.2 1.92 0.94 1.93 2.14 2.09 2.13 2.01 1.92 0.9 1.85 -0.319014359469079 0.0409070267724468 0.0695075214327641 -0.4052 0.686 -1.0436 -0.5152 -1.0644 -1.2112 -1.0872 -1.1004 -1.1108 -1.0536 -0.462 -1.018 -0.6 0.5 -1.04 -0.62 -1.1 -1.18 -1.1 -1.1 -1.09 -1.1 -0.52 -1.06 0.4428 -0.684 1.0504 0.5428 0.9416 1.0968 1.0908 0.9756 1.0312 0.9604 0.468 0.912
-0.54 0.5 -0.44 -2.06 -2.2 -2.08 0.94 -1.07 1.14 -0.91 -1.87 -0.99 -0.0800000000000001 0.9 -1.15 0.573150101836511 1.61905386185924 -0.278695501450903 1.2148 1.226 1.1164 -0.5152 0.5556 -0.6712 0.5328 1.0596 0.5092 0.0264 -0.462 0.602 -1.16 -1.2 -1.12 0.32 -0.67 0.46 -0.51 -0.97 -0.58 -0.18 0.38 -0.71 0.8228 0.956 0.8904 -0.3972 0.3316 -0.6032 0.3208 0.6056 0.3412 -0.0796 -0.432 0.382
-0.54 0.5 0.56 1.94 1.8 1.92 -0.0600000000000001 -0.0699999999999998 -0.86 -0.91 -1.87 2.01 -1.08 0.9 -0.15 0.610465087090409 -0.943476316588145 0.80566801392849 -0.9452 -0.934 -1.0436 0.0248 0.0156 0.4088 0.5328 1.0596 -1.1108 0.5664 -0.462 0.062 0.84 0.8 0.88 -0.18 -0.17 -0.54 -0.51 -0.97 0.92 -0.68 0.38 -0.21 1.0028 0.996 1.0504 -0.0172 -0.1784 -0.5832 -0.5892 -1.2644 1.0312 -0.7196 0.468 -0.208
0.46 -0.5 -0.44 -0.0600000000000001 0.8 1.92 -2.06 -1.07 -1.86 2.09 0.13 -1.99 -0.0800000000000001 0.9 -2.15 0.178198524332475 -1.62712813615985 -1.2761447463312 0.0748 0.406 0.8764 -0.9552 -0.5144 -0.9112 1.0028 0.1096 -0.9408 -0.0536 0.438 -1.008 -0.1 -0.5 -1.04 0.88 0.4 0.82 -1.1 -0.1 0.91 -0.1 -0.52 0.94 -0.0572 -0.364 -0.8696 0.9228 0.3316 0.7168 -0.9992 -0.2744 0.7812 -0.0796 -0.432 0.822
-0.54 -0.5 -0.44 -1.06 1.8 -1.08 1.94 1.93 1.14 0.0900000000000001 -0.87 1.01 1.92 -2.1 -1.15 0.203879044036654 0.978139337227928 0.166820527763184 0.6748 -0.934 0.5764 -1.0552 -1.0644 -0.6712 -0.00720000000000002 0.5196 -0.5708 -1.0536 1.158 0.602 0.4 -1 0.46 -1.12 -1.1 -0.68 -0.1 0.4 -0.59 -1.1 0.98 0.44 0.3828 -0.804 0.4504 -0.8372 -0.9884 -0.6032 -0.1192 0.1656 -0.5388 -0.9596 0.888 0.382
0.46 -0.5 0.56 0.94 -2.2 1.92 0.94 1.93 2.14 2.09 2.13 2.01 0.92 1.9 1.85 2.83967355747201 2.26242741879961 1.92998656290767 0.5348 -0.974 0.8764 0.4248 0.8656 0.9288 1.0028 1.0296 0.8992 0.4064 0.898 0.832 -0.6 1 -1.04 -0.62 -1.1 -1.18 -1.1 -1.1 -1.09 -0.6 -1.02 -1.06 0.4428 -1.244 1.0504 0.5428 0.9416 1.0968 1.0908 0.9756 1.0312 0.4004 1.028 0.912
0.46 0.5 0.56 -2.06 -1.2 -2.08 -0.0600000000000001 0.93 1.14 -0.91 -1.87 -1.99 0.92 0.9 -2.15 0.733424769094541 1.6916224278762 1.56569477686628 -0.8452 -0.514 -0.9636 -0.0352 0.4056 0.4688 -0.3772 -0.8104 -0.9408 0.4064 0.438 -1.008 -1.16 -0.7 -1.12 -0.18 0.33 0.46 -0.51 -0.97 -1.08 0.32 0.38 -1.21 -1.2372 -0.684 -1.1896 -0.0172 0.3816 0.5368 -0.5892 -1.2644 -1.2088 0.4004 0.468 -1.328
-0.54 -0.5 -0.44 -2.06 -2.2 -2.08 -1.06 -2.07 0.14 -1.91 -1.87 0.01 -2.08 -0.1 -2.15 -0.44547492586247 0.478747887408498 -0.150216604470019 1.2148 1.226 1.1164 0.5648 1.0956 -0.1312 1.0728 1.0596 -0.0308 1.1064 0.078 1.142 0.9 1 0.96 0.38 0.9 -0.18 0.9 0.9 -0.09 0.9 -0.02 0.94 0.8228 0.956 0.8904 0.4828 0.7716 -0.1632 0.7608 0.6056 -0.0988 0.8004 0.008 0.822
-0.54 -0.5 -0.44 -2.06 -2.2 1.92 -1.06 -2.07 -0.86 0.0900000000000001 1.13 -0.99 -2.08 -0.1 0.85 -0.715132128200764 0.355556519541505 1.47450662707878 1.2148 1.226 -1.0436 0.5648 1.0956 0.4088 -0.00720000000000002 -0.5604 0.5092 1.1064 0.078 -0.478 0.9 1 -1.04 0.38 0.9 0.32 -0.1 -0.6 0.41 0.9 -0.02 -0.56 0.8228 0.956 -0.8696 0.4828 0.7716 0.2768 -0.1192 -0.7144 0.3412 0.8004 0.008 -0.498
-0.54 0.5 -0.44 -2.06 1.8 -0.0800000000000001 -2.06 -2.07 1.14 2.09 2.13 2.01 1.92 -1.1 0.85 0.0427748119562078 1.31780157377294 2.41955270505727 1.2148 -0.934 0.0364 1.1048 1.0956 -0.6712 -1.0872 -1.1004 -1.1108 -1.0536 0.618 -0.478 -1.16 0.8 -0.12 -1.18 -1.17 0.46 0.99 1.03 0.92 0.82 -0.62 0.29 0.8228 -0.804 0.0104 0.9228 0.7716 -0.6032 -0.9992 -1.1544 -0.9788 -0.9596 0.448 -0.498
0.46 0.5 0.56 -2.06 1.8 -0.0800000000000001 -1.06 1.93 1.14 -1.91 2.13 -1.99 0.92 -2.1 -2.15 1.67381379616885 0.549968048138052 0.538059509913941 -0.8452 0.866 -0.0436 -0.4952 0.8656 0.4688 -0.8372 1.0296 -0.9408 0.4064 -0.942 -1.008 -1.16 0.8 -0.12 -0.68 0.83 0.46 -1.01 1.03 -1.08 0.32 -1.12 -1.21 -1.2372 0.996 -0.0696 -0.5772 0.9416 0.5368 -1.1492 0.9756 -1.2088 0.4004 -1.212 -1.328
0.46 0.5 0.56 0.94 -2.2 0.92 -1.06 -2.07 -0.86 1.09 0.13 -1.99 0.92 -1.1 -2.15 0.176589425229371 2.61474579249014 1.85326286039964 0.5348 -0.974 0.4164 -0.4952 -0.9744 -0.4512 0.5428 0.1096 -0.9408 0.4064 -0.482 -1.008 0.34 -1.2 0.38 -0.68 -1.17 -0.54 0.49 0.03 -1.08 0.32 -0.62 -1.21 0.4428 -1.244 0.4904 -0.5772 -1.2984 -0.5832 0.5308 -0.1444 -1.2088 0.4004 -0.652 -1.328
-0.54 0.5 0.56 1.94 1.8 -2.08 -1.06 -0.0699999999999998 -0.86 1.09 -0.87 -1.99 -1.08 1.9 1.85 0.261963408722019 1.96477251836829 2.43494091347748 -0.9452 -0.934 1.1164 0.5648 0.0156 0.4088 -0.5472 0.5196 1.0492 0.5664 -1.002 -1.018 0.84 0.8 -1.12 -0.68 -0.17 -0.54 0.49 -0.47 -1.08 -0.68 0.88 0.79 1.0028 0.996 -1.1896 -0.5772 -0.1784 -0.5832 0.5308 -0.7044 -1.2088 -0.7196 1.028 0.912
0.46 0.5 0.56 1.94 1.8 1.92 -0.0600000000000001 1.93 2.14 2.09 2.13 -0.99 1.92 -0.1 1.85 1.69399508965876 3.06143153804946 1.99464601933717 0.9948 0.866 0.8764 -0.0352 0.8656 0.9288 1.0028 1.0296 -0.4808 0.8664 -0.022 0.832 0.84 0.8 0.88 -0.18 0.83 0.96 0.99 1.03 -0.58 0.82 -0.12 0.79 1.0028 0.996 1.0504 -0.0172 0.9416 1.0968 1.0908 0.9756 -0.6488 0.9604 -0.092 0.912
0.46 -0.5 0.56 1.94 0.8 1.92 -0.0600000000000001 1.93 -1.86 -1.91 2.13 -1.99 -2.08 1.9 0.85 0.491927435488557 -0.0119960900847028 -0.139305709459366 0.9948 0.406 0.8764 -0.0352 0.8656 -0.9112 -0.8372 1.0296 -0.9408 -0.9736 0.898 0.372 -1.1 -0.5 -1.04 -0.12 -1.1 0.82 0.9 -1.1 0.91 0.9 -1.02 -0.56 1.0028 0.436 1.0504 -0.0172 0.9416 -1.1432 -1.1492 0.9756 -1.2088 -1.2796 1.028 0.352
0.46 0.5 0.56 -2.06 0.8 0.92 -2.06 1.93 0.14 1.09 2.13 -1.99 0.92 -2.1 1.85 -0.771210014436331 0.00849421087576907 0.576882793415577 -0.8452 0.406 0.4164 -0.9552 0.8656 0.00880000000000004 0.5428 1.0296 -0.9408 0.4064 -0.942 0.832 -1.16 0.3 0.38 -1.18 0.83 -0.04 0.49 1.03 -1.08 0.32 -1.12 0.79 -1.2372 0.436 0.4904 -1.1372 0.9416 -0.0231999999999999 0.5308 0.9756 -1.2088 0.4004 -1.212 0.912
-0.54 0.5 0.56 0.94 -0.2 -2.08 -2.06 -1.07 -1.86 -0.91 2.13 -1.99 -2.08 -1.1 -1.15 0.391919958321388 1.60306058325672 1.43412526505778 -0.4052 0.146 1.1164 1.1048 0.5556 0.9488 0.5328 -1.1004 1.0492 1.1064 0.618 0.602 0.34 -0.2 -1.12 -1.18 -0.67 -1.04 -0.51 1.03 -1.08 -1.18 -0.62 -0.71 0.4428 -0.124 -1.1896 -1.1372 -0.7384 -1.1432 -0.5892 0.9756 -1.2088 -1.2796 -0.652 -0.768
0.46 -0.5 -0.44 -2.06 -2.2 1.92 1.94 -2.07 -1.86 2.09 1.13 1.01 0.92 0.9 0.85 0.0787635943808218 1.44268122607553 1.81320064529461 -0.8452 -0.974 0.8764 0.8848 -0.9744 -0.9112 1.0028 0.5696 0.4392 0.4064 0.438 0.372 0.9 1 -1.04 -1.12 0.9 0.82 -1.1 -0.6 -0.59 -0.6 -0.52 -0.56 0.8228 0.956 -0.8696 -0.8372 0.7716 0.7168 -0.9992 -0.7144 -0.5388 -0.5196 -0.432 -0.498
-0.54 -0.5 -0.44 1.94 0.8 0.92 -2.06 0.93 -1.86 2.09 -1.87 -0.99 -0.0800000000000001 -2.1 -1.15 0.307642893524464 0.163671151608191 -0.315008846791831 -0.9452 -0.394 -0.5036 1.1048 -0.5244 0.9488 -1.0872 1.0596 0.5092 0.0264 1.158 0.602 -1.1 -0.5 -0.54 0.88 -0.6 0.82 -1.1 0.9 0.41 -0.1 0.98 0.44 -0.9372 -0.364 -0.4296 0.9228 -0.5484 0.7168 -0.9992 0.6056 0.3412 -0.0796 0.888 0.382
-0.54 -0.5 0.56 -2.06 1.8 -1.08 0.94 -2.07 -1.86 -0.91 -1.87 1.01 -1.08 -1.1 -0.15 2.65808273502586 1.30783734632473 1.21269252824911 1.2148 -0.934 0.5764 -0.5152 1.0956 0.9488 0.5328 1.0596 -0.5708 0.5664 0.618 0.062 0.9 -1 0.46 -0.62 0.9 0.82 0.4 0.9 -0.59 0.4 0.48 -0.06 -1.2372 0.996 -0.6296 0.5428 -1.2984 -1.1432 -0.5892 -1.2644 0.4712 -0.7196 -0.652 -0.208
0.46 0.5 0.56 1.94 -2.2 -2.08 0.94 -2.07 -0.86 -1.91 -1.87 -0.99 -1.08 -2.1 -2.15 0.235612882965374 1.5709579712119 1.31448135572535 0.9948 -0.974 -0.9636 0.4248 -0.9744 -0.4512 -0.8372 -0.8104 -0.4808 -0.5136 -0.942 -1.008 0.84 -1.2 -1.12 0.32 -1.17 -0.54 -1.01 -0.97 -0.58 -0.68 -1.12 -1.21 1.0028 -1.244 -1.1896 0.5428 -1.2984 -0.5832 -1.1492 -1.2644 -0.6488 -0.7196 -1.212 -1.328
-0.54 -0.5 -0.44 1.94 0.8 1.92 -2.06 0.93 -1.86 -1.91 -1.87 -1.99 -2.08 -0.1 -2.15 0.701387917670776 1.8509525198283 0.490588234718009 -0.9452 -0.394 -1.0436 1.1048 -0.5244 0.9488 1.0728 1.0596 1.0492 1.1064 0.078 1.142 -1.1 -0.5 -1.04 0.88 -0.6 0.82 0.9 0.9 0.91 0.9 -0.02 0.94 -0.9372 -0.364 -0.8696 0.9228 -0.5484 0.7168 0.7608 0.6056 0.7812 0.8004 0.008 0.822
-0.54 0.5 0.56 1.94 1.8 1.92 0.94 1.93 -1.86 2.09 -0.87 2.01 -0.0800000000000001 -1.1 -2.15 0.463800411688118 1.53028321852478 2.68325733517252 -0.9452 -0.934 -1.0436 -0.5152 -1.0644 0.9488 -1.0872 0.5196 -1.1108 0.0264 0.618 1.142 0.84 0.8 0.88 0.32 0.83 -1.04 0.99 -0.47 0.92 -0.18 -0.62 -1.21 1.0028 0.996 1.0504 0.5428 0.9416 -1.1432 1.0908 -0.7044 1.0312 -0.1596 -0.652 -1.328
0.46 0.5 0.56 -2.06 -0.2 -0.0800000000000001 -2.06 -1.07 2.14 2.09 1.13 1.01 -1.08 0.9 1.85 1.79882676760579 3.26610070072005 3.36254683130532 -0.8452 -0.054 -0.0436 -0.9552 -0.5144 0.9288 1.0028 0.5696 0.4392 -0.5136 0.438 0.832 -1.16 -0.2 -0.12 -1.18 -0.67 0.96 0.99 0.53 0.42 -0.68 0.38 0.79 -1.2372 -0.124 -0.0696 -1.1372 -0.7384 1.0968 1.0908 0.4156 0.4712 -0.7196 0.468 0.912
0.46 -0.5 -0.44 1.94 1.8 1.92 -2.06 1.93 1.14 -0.91 0.13 1.01 -1.08 0.9 -0.15 -0.569403461300076 0.579596572366393 0.64069534976826 0.9948 0.866 0.8764 -0.9552 0.8656 0.4688 -0.3772 0.1096 0.4392 -0.5136 0.438 -0.088 -1.1 -1 -1.04 0.88 -1.1 -0.68 0.4 -0.1 -0.59 0.4 -0.52 -0.06 -0.9372 -0.804 -0.8696 0.9228 -0.9884 -0.6032 0.3208 -0.2744 -0.5388 0.3604 -0.432 -0.058
0.46 -0.5 0.56 -2.06 -1.2 -0.0800000000000001 -1.06 -1.07 -1.86 0.0900000000000001 0.13 -1.99 -1.08 -1.1 -2.15 2.37944588324603 1.26872255269408 0.767697247544254 -0.8452 -0.514 -0.0436 -0.4952 -0.5144 -0.9112 0.0828 0.1096 -0.9408 -0.5136 -0.482 -1.008 0.9 0.5 -0.04 0.38 0.4 0.82 -0.1 -0.1 0.91 0.4 0.48 0.94 -1.2372 -0.684 -0.0696 -0.5772 -0.7384 -1.1432 -0.0292 -0.1444 -1.2088 -0.7196 -0.652 -1.328
-0.54 -0.5 -0.44 -0.0600000000000001 -2.2 -2.08 1.94 -2.07 0.14 2.09 2.13 1.01 -2.08 1.9 0.85 -0.753623931812835 -0.577335395385603 -1.55341377625097 0.1348 1.226 1.1164 -1.0552 1.0956 -0.1312 -1.0872 -1.1004 -0.5708 1.1064 -1.002 -0.478 -0.1 1 0.96 -1.12 0.9 -0.18 -1.1 -1.1 -0.59 0.9 -1.02 -0.56 -0.0572 0.956 0.8904 -0.8372 0.7716 -0.1632 -0.9992 -1.1544 -0.5388 0.8004 -0.872 -0.498
0.46 -0.5 -0.44 -2.06 -0.2 -2.08 1.94 -0.0699999999999998 1.14 0.0900000000000001 1.13 1.01 -2.08 1.9 1.85 0.52103216668255 1.95337092954636 1.00534215498207 -0.8452 -0.054 -0.9636 0.8848 -0.0544 0.4688 0.0828 0.5696 0.4392 -0.9736 0.898 0.832 0.9 0 0.96 -1.12 -0.1 -0.68 -0.1 -0.6 -0.59 0.9 -1.02 -1.06 0.8228 0.076 0.8904 -0.8372 -0.1084 -0.6032 -0.1192 -0.7144 -0.5388 0.8004 -0.872 -0.938
0.46 0.5 -0.44 -1.06 -1.2 1.92 1.94 -2.07 0.14 0.0900000000000001 -1.87 -1.99 -0.0800000000000001 -2.1 -0.15 -0.247094698337265 0.522067457652144 2.41336379550026 -0.3852 -0.514 0.8764 0.8848 -0.9744 0.00880000000000004 0.0828 -0.8104 -0.9408 -0.0536 -0.942 -0.088 -0.66 -0.7 0.88 0.82 -1.17 -0.04 -0.00999999999999997 -0.97 -1.08 -0.18 -1.12 -0.21 0.3828 0.516 -0.8696 -0.8372 0.7716 -0.1632 -0.1192 0.6056 0.7812 -0.0796 0.888 -0.058
0.46 -0.5 -0.44 -2.06 -1.2 0.92 -2.06 -0.0699999999999998 -0.86 -1.91 -1.87 2.01 0.92 0.9 -1.15 0.256687172522933 0.85864387483858 1.37538734061453 -0.8452 -0.514 0.4164 -0.9552 -0.0544 -0.4512 -0.8372 -0.8104 0.8992 0.4064 0.438 -0.548 0.9 0.5 -0.54 0.88 -0.1 0.32 0.9 0.9 -1.09 -0.6 -0.52 0.44 0.8228 0.516 -0.4296 0.9228 -0.1084 0.2768 0.7608 0.6056 -0.9788 -0.5196 -0.432 0.382
-0.54 -0.5 -0.44 1.94 -0.2 -1.08 -0.0600000000000001 -0.0699999999999998 -1.86 -1.91 -0.87 -1.99 -2.08 -1.1 -2.15 -1.36600072721425 -1.09413591276051 -1.5010954826004 -0.9452 0.146 0.5764 0.0248 0.0156 0.9488 1.0728 0.5196 1.0492 1.1064 0.618 1.142 -1.1 0 0.46 -0.12 -0.1 0.82 0.9 0.4 0.91 0.9 0.48 0.94 -0.9372 0.076 0.4504 0.0428 -0.1084 0.7168 0.7608 0.1656 0.7812 0.8004 0.448 0.822
0.46 0.5 0.56 -2.06 1.8 -2.08 1.94 -0.0699999999999998 0.14 0.0900000000000001 -1.87 2.01 1.92 1.9 1.85 1.34303423061466 1.38606720101329 2.12901959874761 -0.8452 0.866 -0.9636 0.8848 -0.0544 0.00880000000000004 0.0828 -0.8104 0.8992 0.8664 0.898 0.832 -1.16 0.8 -1.12 0.82 -0.17 -0.04 -0.00999999999999997 -0.97 0.92 0.82 0.88 0.79 -1.2372 0.996 -1.1896 1.1028 -0.1784 -0.0231999999999999 -0.0292 -1.2644 1.0312 0.9604 1.028 0.912
0.46 -0.5 -0.44 1.94 1.8 -2.08 -0.0600000000000001 -0.0699999999999998 1.14 -1.91 0.13 1.01 -0.0800000000000001 0.9 -1.15 0.818468497081141 1.65331626975865 0.788232993971487 0.9948 0.866 -0.9636 -0.0352 -0.0544 0.4688 -0.8372 0.1096 0.4392 -0.0536 0.438 -0.548 -1.1 -1 0.96 -0.12 -0.1 -0.68 0.9 -0.1 -0.59 -0.1 -0.52 0.44 -0.9372 -0.804 0.8904 0.0428 -0.1084 -0.6032 0.7608 -0.2744 -0.5388 -0.0796 -0.432 0.382
0.46 0.5 0.56 0.94 0.8 1.92 1.94 -1.07 2.14 2.09 1.13 2.01 1.92 0.9 1.85 0.281777293643221 -0.0577510663896312 0.609455302101162 0.5348 0.406 0.8764 0.8848 -0.5144 0.9288 1.0028 0.5696 0.8992 0.8664 0.438 0.832 0.34 0.3 0.88 0.82 -0.67 0.96 0.99 0.53 0.92 0.82 0.38 0.79 0.4428 0.436 1.0504 1.1028 -0.7384 1.0968 1.0908 0.4156 1.0312 0.9604 0.468 0.912
-0.54 -0.5 -0.44 -2.06 1.8 -2.08 -2.06 -0.0699999999999998 -1.86 -0.91 -0.87 -0.99 0.92 -2.1 -0.15 -0.147545257511424 0.88983422857873 0.587598692773655 1.2148 -0.934 1.1164 1.1048 0.0156 0.9488 0.5328 0.5196 0.5092 -0.5136 1.158 0.062 0.9 -1 0.96 0.88 -0.1 0.82 0.4 0.4 0.41 -0.6 0.98 -0.06 0.8228 -0.804 0.8904 0.9228 -0.1084 0.7168 0.3208 0.1656 0.3412 -0.5196 0.888 -0.058
-0.54 -0.5 -0.44 -0.0600000000000001 -2.2 -1.08 1.94 0.93 -1.86 -0.91 -1.87 -1.99 -2.08 -1.1 -2.15 0.415873870609903 0.942486951677881 0.884836177325782 0.1348 1.226 0.5764 -1.0552 -0.5244 0.9488 0.5328 1.0596 1.0492 1.1064 0.618 1.142 -0.1 1 0.46 -1.12 -0.6 0.82 0.4 0.9 0.91 0.9 0.48 0.94 -0.0572 0.956 0.4504 -0.8372 -0.5484 0.7168 0.3208 0.6056 0.7812 0.8004 0.448 0.822
-0.54 0.5 0.56 -0.0600000000000001 1.8 -2.08 -0.0600000000000001 1.93 -0.86 -1.91 -0.87 -0.99 -0.0800000000000001 -2.1 -2.15 1.37398507372712 1.70351702128438 2.16416493012879 0.1348 -0.934 1.1164 0.0248 -1.0644 0.4088 1.0728 0.5196 0.5092 0.0264 1.158 1.142 -0.16 0.8 -1.12 -0.18 0.83 -0.54 -1.01 -0.47 -0.58 -0.18 -1.12 -1.21 -0.1172 0.996 -1.1896 -0.0172 0.9416 -0.5832 -1.1492 -0.7044 -0.6488 -0.1596 -1.212 -1.328
0.46 0.5 -0.44 -2.06 -0.2 1.92 1.94 1.93 -1.86 -0.91 0.13 -1.99 -0.0800000000000001 0.9 -1.15 -0.326422463717471 -0.352088360154719 0.138407815389647 -0.8452 -0.054 0.8764 0.8848 0.8656 -0.9112 -0.3772 0.1096 -0.9408 -0.0536 0.438 -0.548 -1.16 -0.2 0.88 0.82 0.83 -1.04 -0.51 0.03 -1.08 -0.18 0.38 -0.71 0.8228 0.076 -0.8696 -0.8372 -0.9884 0.7168 0.3208 -0.2744 0.7812 -0.0796 -0.432 0.382
-0.54 -0.5 -0.44 -2.06 -0.2 -2.08 -0.0600000000000001 1.93 -1.86 0.0900000000000001 -1.87 -1.99 -2.08 -2.1 -2.15 -0.0373580104777038 0.448087372678105 0.0834547939789534 1.2148 0.146 1.1164 0.0248 -1.0644 0.9488 -0.00720000000000002 1.0596 1.0492 1.1064 1.158 1.142 0.9 0 0.96 -0.12 -1.1 0.82 -0.1 0.9 0.91 0.9 0.98 0.94 0.8228 0.076 0.8904 0.0428 -0.9884 0.7168 -0.1192 0.6056 0.7812 0.8004 0.888 0.822
0.46 -0.5 -0.44 -2.06 -2.2 0.92 1.94 1.93 -1.86 2.09 -0.87 -1.99 -2.08 0.9 -1.15 0.591779479434162 1.31542663744552 1.13614300411399 -0.8452 -0.974 0.4164 0.8848 0.8656 -0.9112 1.0028 -0.3504 -0.9408 -0.9736 0.438 -0.548 0.9 1 -0.54 -1.12 -1.1 0.82 -1.1 0.4 0.91 0.9 -0.52 0.44 0.8228 0.956 -0.4296 -0.8372 -0.9884 0.7168 -0.9992 0.1656 0.7812 0.8004 -0.432 0.382
-0.54 0.5 -0.44 -1.06 1.8 1.92 -2.06 0.93 1.14 -1.91 0.13 -1.99 1.92 -1.1 1.85 0.57628954010369 0.686413300141476 1.14725039330099 0.6748 -0.934 -1.0436 1.1048 -0.5244 -0.6712 1.0728 -0.0204 1.0492 -1.0536 0.618 -1.018 -0.66 0.8 0.88 -1.18 0.33 0.46 -1.01 0.03 -1.08 0.82 -0.62 0.79 0.3828 -0.804 -0.8696 0.9228 -0.5484 -0.6032 0.7608 -0.2744 0.7812 -0.9596 0.448 -0.938
0.46 0.5 -0.44 1.94 1.8 -2.08 -0.0600000000000001 -1.07 1.14 0.0900000000000001 -1.87 1.01 -0.0800000000000001 0.9 0.85 -0.0155467719303974 0.76077606329287 0.95419178277953 0.9948 0.866 -0.9636 -0.0352 -0.5144 0.4688 0.0828 -0.8104 0.4392 -0.0536 0.438 0.372 0.84 0.8 -1.12 -0.18 -0.67 0.46 -0.00999999999999997 -0.97 0.42 -0.18 0.38 0.29 -0.9372 -0.804 0.8904 0.0428 0.3316 -0.6032 -0.1192 0.6056 -0.5388 -0.0796 -0.432 -0.498
-0.54 -0.5 -0.44 0.94 -2.2 -1.08 -1.06 -2.07 -1.86 -1.91 2.13 -1.99 -1.08 -2.1 -1.15 0.657848355519485 1.06727221014119 1.01244074706063 -0.4052 1.226 0.5764 0.5648 1.0956 0.9488 1.0728 -1.1004 1.0492 0.5664 1.158 0.602 -0.6 1 0.46 0.38 0.9 0.82 0.9 -1.1 0.91 0.4 0.98 0.44 -0.4972 0.956 0.4504 0.4828 0.7716 0.7168 0.7608 -1.1544 0.7812 0.3604 0.888 0.382
0.46 -0.5 -0.44 -0.0600000000000001 -0.2 -2.08 0.94 -2.07 -1.86 2.09 2.13 0.01 -2.08 0.9 0.85 0.289464647653425 -0.556113135216955 -0.0339210745308611 0.0748 -0.054 -0.9636 0.4248 -0.9744 -0.9112 1.0028 1.0296 -0.0208 -0.9736 0.438 0.372 -0.1 0 0.96 -0.62 0.9 0.82 -1.1 -1.1 -0.09 0.9 -0.52 -0.56 -0.0572 0.076 0.8904 -0.3972 0.7716 0.7168 -0.9992 -1.1544 -0.0988 0.8004 -0.432 -0.498
-0.54 0.5 -0.44 1.94 0.8 -1.08 0.94 -1.07 0.14 2.09 1.13 1.01 -1.08 1.9 0.85 1.34097208658445 1.04332494726138 1.02786902731095 -0.9452 -0.394 0.5764 -0.5152 0.5556 -0.1312 -1.0872 -0.5604 -0.5708 0.5664 -1.002 -0.478 0.84 0.3 -0.62 0.32 -0.67 -0.04 0.99 0.53 0.42 -0.68 0.88 0.29 -0.9372 -0.364 0.4504 -0.3972 0.3316 -0.1632 -0.9992 -0.7144 -0.5388 0.3604 -0.872 -0.498
0.46 0.5 -0.44 0.94 1.8 1.92 0.94 -0.0699999999999998 0.14 0.0900000000000001 -1.87 2.01 -0.0800000000000001 -1.1 -2.15 0.64381308869022 1.0815245305702 2.86250144658014 0.5348 0.866 0.8764 0.4248 -0.0544 0.00880000000000004 0.0828 -0.8104 0.8992 -0.0536 -0.482 -1.008 0.34 0.8 0.88 0.32 -0.17 -0.04 -0.00999999999999997 -0.97 0.92 -0.18 -0.62 -1.21 -0.4972 -0.804 -0.8696 -0.3972 -0.1084 -0.1632 -0.1192 0.6056 -0.9788 -0.0796 0.448 0.822
-0.54 0.5 0.56 0.94 1.8 -2.08 -0.0600000000000001 0.93 -1.86 2.09 2.13 1.01 1.92 1.9 1.85 1.52319530489437 1.13429056448844 1.0811644695926 -0.4052 -0.934 1.1164 0.0248 -0.5244 0.9488 -1.0872 -1.1004 -0.5708 -1.0536 -1.002 -1.018 0.34 0.8 -1.12 -0.18 0.33 -1.04 0.99 1.03 0.42 0.82 0.88 0.79 0.4428 0.996 -1.1896 -0.0172 0.3816 -1.1432 1.0908 0.9756 0.4712 0.9604 1.028 0.912
-0.54 -0.5 -0.44 0.94 -1.2 1.92 -1.06 -0.0699999999999998 -1.86 0.0900000000000001 -1.87 1.01 0.92 -0.1 -2.15 0.520738908803734 -0.796804191050325 -0.358572683399767 -0.4052 0.686 -1.0436 0.5648 0.0156 0.9488 -0.00720000000000002 1.0596 -0.5708 -0.5136 0.078 1.142 -0.6 0.5 -1.04 0.38 -0.1 0.82 -0.1 0.9 -0.59 -0.6 -0.02 0.94 -0.4972 0.516 -0.8696 0.4828 -0.1084 0.7168 -0.1192 0.6056 -0.5388 -0.5196 0.008 0.822
0.46 -0.5 -0.44 -2.06 -1.2 -2.08 -1.06 -2.07 2.14 -1.91 0.13 -1.99 -0.0800000000000001 -2.1 -2.15 0.29964344190729 -0.157647145767937 -0.0971773646184724 -0.8452 -0.514 -0.9636 -0.4952 -0.9744 0.9288 -0.8372 0.1096 -0.9408 -0.0536 -0.942 -1.008 0.9 0.5 0.96 0.38 0.9 -1.18 0.9 -0.1 0.91 -0.1 0.98 0.94 0.8228 0.516 0.8904 0.4828 0.7716 -1.0432 0.7608 -0.2744 0.7812 -0.0796 0.888 0.822
-0.54 -0.5 -0.44 -2.06 -2.2 -0.0800000000000001 -1.06 -0.0699999999999998 2.14 1.09 2.13 1.01 -1.08 0.9 -1.15 0.749996877032393 0.809532275151223 1.13007939714067 1.2148 1.226 0.0364 0.5648 0.0156 -1.2112 -0.5472 -1.1004 -0.5708 0.5664 -0.462 0.602 0.9 1 -0.04 0.38 -0.1 -1.18 -0.6 -1.1 -0.59 0.4 -0.52 0.44 0.8228 0.956 0.0104 0.4828 -0.1084 -1.0432 -0.5592 -1.1544 -0.5388 0.3604 -0.432 0.382
0.46 -0.5 -0.44 0.94 1.8 -2.08 -2.06 -2.07 0.14 -1.91 -1.87 2.01 -0.0800000000000001 -0.1 -1.15 1.35492681072958 0.259025158234326 0.662632063196345 0.5348 0.866 -0.9636 -0.9552 -0.9744 0.00880000000000004 -0.8372 -0.8104 0.8992 -0.0536 -0.022 -0.548 -0.6 -1 0.96 0.88 0.9 -0.18 0.9 0.9 -1.09 -0.1 -0.02 0.44 -0.4972 -0.804 0.8904 0.9228 0.7716 -0.1632 0.7608 0.6056 -0.9788 -0.0796 0.008 0.382
-0.54 0.5 -0.44 0.94 1.8 1.92 -1.06 -0.0699999999999998 -1.86 0.0900000000000001 0.13 -0.99 0.92 0.9 -0.15 0.911461376053536 1.23496387941337 2.44632886700974 -0.4052 -0.934 -1.0436 0.5648 0.0156 0.9488 -0.00720000000000002 -0.0204 0.5092 -0.5136 -0.462 0.062 0.34 0.8 0.88 -0.68 -0.17 -1.04 -0.00999999999999997 0.03 -0.58 0.32 0.38 -0.21 -0.4972 -0.804 -0.8696 0.4828 -0.1084 0.7168 -0.1192 -0.2744 0.3412 -0.5196 -0.432 -0.058
0.46 -0.5 0.56 -2.06 1.8 -0.0800000000000001 1.94 -1.07 -1.86 0.0900000000000001 2.13 1.01 1.92 1.9 0.85 -0.890161146526232 -0.4292411529863 -0.210209206373078 -0.8452 0.866 -0.0436 0.8848 -0.5144 -0.9112 0.0828 1.0296 0.4392 0.8664 0.898 0.372 0.9 -1 -0.04 -1.12 0.4 0.82 -0.1 -1.1 -0.59 -1.1 -1.02 -0.56 -1.2372 0.996 -0.0696 1.1028 -0.7384 -1.1432 -0.0292 0.9756 0.4712 0.9604 1.028 0.352
-0.54 0.5 0.56 1.94 -0.2 -1.08 -1.06 -1.07 2.14 2.09 1.13 2.01 1.92 1.9 1.85 0.844738163954885 1.95290445578578 2.66337377816257 -0.9452 0.146 0.5764 0.5648 0.5556 -1.2112 -1.0872 -0.5604 -1.1108 -1.0536 -1.002 -1.018 0.84 -0.2 -0.62 -0.68 -0.67 0.96 0.99 0.53 0.92 0.82 0.88 0.79 1.0028 -0.124 -0.6296 -0.5772 -0.7384 1.0968 1.0908 0.4156 1.0312 0.9604 1.028 0.912
0.46 -0.5 0.56 1.94 0.8 -0.0800000000000001 -2.06 -0.0699999999999998 2.14 2.09 0.13 2.01 -0.0800000000000001 -1.1 1.85 0.985686184620231 1.10456711220067 1.76875685476825 0.9948 0.406 -0.0436 -0.9552 -0.0544 0.9288 1.0028 0.1096 0.8992 -0.0536 -0.482 0.832 -1.1 -0.5 -0.04 0.88 -0.1 -1.18 -1.1 -0.1 -1.09 -0.1 0.48 -1.06 1.0028 0.436 -0.0696 -1.1372 -0.1784 1.0968 1.0908 -0.1444 1.0312 -0.1596 -0.652 0.912
-0.54 0.5 -0.44 1.94 -2.2 0.92 1.94 -0.0699999999999998 0.14 -1.91 -0.87 1.01 1.92 -1.1 -0.15 0.965868702169085 0.462759646164153 0.537373215371518 -0.9452 1.226 -0.5036 -1.0552 0.0156 -0.1312 1.0728 0.5196 -0.5708 -1.0536 0.618 0.062 0.84 -1.2 0.38 0.82 -0.17 -0.04 -1.01 -0.47 0.42 0.82 -0.62 -0.21 -0.9372 0.956 -0.4296 -0.8372 -0.1084 -0.1632 0.7608 0.1656 -0.5388 -0.9596 0.448 -0.058
0.46 0.5 -0.44 1.94 1.8 -2.08 1.94 1.93 0.14 -0.91 0.13 2.01 -1.08 1.9 1.85 1.19814350761862 2.45965396510734 2.04079513631391 0.9948 0.866 -0.9636 0.8848 0.8656 0.00880000000000004 -0.3772 0.1096 0.8992 -0.5136 0.898 0.832 0.84 0.8 -1.12 0.82 0.83 -0.04 -0.51 0.03 0.92 -0.68 0.88 0.79 -0.9372 -0.804 0.8904 -0.8372 -0.9884 -0.1632 0.3208 -0.2744 -0.9788 0.3604 -0.872 -0.938
-0.54 0.5 -0.44 1.94 1.8 1.92 0.94 1.93 -0.86 0.0900000000000001 -1.87 0.01 1.92 -0.1 1.85 0.657915844124503 0.815975652846144 1.43909969709287 -0.9452 -0.934 -1.0436 -0.5152 -1.0644 0.4088 -0.00720000000000002 1.0596 -0.0308 -1.0536 0.078 -1.018 0.84 0.8 0.88 0.32 0.83 -0.54 -0.00999999999999997 -0.97 -0.08 0.82 -0.12 0.79 -0.9372 -0.804 -0.8696 -0.3972 -0.9884 0.2768 -0.1192 0.6056 -0.0988 -0.9596 0.008 -0.938
-0.54 0.5 -0.44 -2.06 -2.2 0.92 -1.06 0.93 -1.86 2.09 -1.87 -1.99 -2.08 -1.1 -2.15 0.434303530746162 -0.0636279504674117 0.845057860142574 1.2148 1.226 -0.5036 0.5648 -0.5244 0.9488 -1.0872 1.0596 1.0492 1.1064 0.618 1.142 -1.16 -1.2 0.38 -0.68 0.33 -1.04 0.99 -0.97 -1.08 -1.18 -0.62 -1.21 0.8228 0.956 -0.4296 0.4828 -0.5484 0.7168 -0.9992 0.6056 0.7812 0.8004 0.448 0.822
0.46 -0.5 0.56 -0.0600000000000001 -2.2 -0.0800000000000001 -2.06 1.93 -1.86 -1.91 1.13 0.01 1.92 -1.1 0.85 -0.268093318944602 -0.881527221452944 0.664692566923619 0.0748 -0.974 -0.0436 -0.9552 0.8656 -0.9112 -0.8372 0.5696 -0.0208 0.8664 -0.482 0.372 -0.1 1 -0.04 0.88 -1.1 0.82 0.9 -0.6 -0.09 -1.1 0.48 -0.56 -0.1172 -1.244 -0.0696 -1.1372 0.9416 -1.1432 -1.1492 0.4156 -0.0888 0.9604 -0.652 0.352
0.46 -0.5 0.56 -0.0600000000000001 1.8 -0.0800000000000001 -2.06 0.93 -1.86 2.09 -1.87 -1.99 -1.08 -0.1 -0.15 -0.286184194173722 0.0205422033866621 -0.229879755337812 0.0748 0.866 -0.0436 -0.9552 0.4056 -0.9112 1.0028 -0.8104 -0.9408 -0.5136 -0.022 -0.088 -0.1 -1 -0.04 0.88 -0.6 0.82 -1.1 0.9 0.91 0.4 -0.02 -0.06 -0.1172 0.996 -0.0696 -1.1372 0.3816 -1.1432 1.0908 -1.2644 -1.2088 -0.7196 -0.092 -0.208
