-0.51 0.45 -0.45 -2.03 -0.14 -0.94 1.78 0.25 1.06 2.06 -1.09 0.22 1.79 2.11 1.92 0.855685968275854 1.36139562053389 -0.547340608590194 0.9406 0.0728 0.3688 -0.9456 -0.315 -0.6112 -1.0712 0.5418 -0.1744 -1.1158 -1.1922 -1.0584 -0.977 -0.086 -0.376 0.802 -0.055 0.394 0.824 -0.571 0.028 0.761 0.949 0.758 0.797 0.056 0.546 -0.872 -0.255 -0.604 -1.014 0.441 -0.118 -0.921 -1.029 -1.028
0.49 0.45 0.55 0.97 -2.14 -0.94 1.78 -1.75 -0.94 2.06 0.91 2.22 -0.21 2.11 1.92 -0.0680891492678464 0.944600088761771 -0.360288924782674 0.3806 -1.0472 -0.5712 0.8344 -1.045 -0.5312 0.9888 0.4318 1.0256 -0.3058 0.9178 0.8616 0.373 -0.986 -0.376 0.802 -0.955 -0.506 0.824 0.329 0.928 -0.139 0.949 0.758 0.417 -1.184 -0.394 0.908 -1.105 -0.644 1.046 0.451 1.202 -0.231 1.081 0.892
-0.51 -0.55 -0.45 1.97 -2.14 0.0600000000000001 -2.22 1.25 -0.94 -1.94 -2.09 0.22 -1.21 -1.89 1.92 -0.173707898978872 0.0489687631205344 0.100455137542754 -1.0994 1.0928 -0.1412 1.0944 -0.825 0.4088 0.9688 1.0518 -0.1744 0.4142 0.8478 -1.0584 -1.147 1.154 0.014 1.222 -0.855 0.434 0.964 1.069 -0.192 0.621 1.039 -1.162 -1.003 0.956 0.096 0.928 -0.705 0.296 0.786 0.891 -0.118 0.429 0.771 -1.028
-0.51 -0.55 -0.45 -1.03 0.86 1.06 1.78 -1.75 -1.94 -1.94 -2.09 -1.78 0.79 1.11 -0.0800000000000001 -0.552490306251722 1.70503124833435 1.49571242136779 0.4306 -0.4372 -0.6512 -0.9456 0.705 0.9188 0.9688 1.0518 0.8456 -0.6058 -0.6822 -0.0384 0.503 -0.496 -0.536 -0.978 0.795 0.984 0.964 1.069 0.908 -0.479 -0.611 -0.062 0.347 -0.394 -0.354 -0.872 0.645 0.746 0.786 0.891 0.782 -0.471 -0.579 -0.128
0.49 0.45 0.55 -0.0299999999999998 -1.14 -1.94 -2.22 1.25 2.06 -0.94 1.91 -0.78 -0.21 2.11 -0.0800000000000001 1.52812604296573 2.85636764748982 2.40432655861104 -0.1094 -0.5572 -1.0612 -1.1256 0.425 0.9388 -0.4812 0.9218 -0.4444 -0.3058 0.9178 -0.1184 -0.077 -0.536 -0.826 -0.998 0.395 0.844 -0.526 0.779 -0.422 -0.139 0.949 -0.142 -0.133 -0.634 -0.944 -1.292 0.545 1.006 -0.604 1.001 -0.448 -0.231 1.081 -0.208
0.49 0.45 -0.45 1.97 -1.14 0.0600000000000001 1.78 -1.75 -1.94 -0.94 -0.0899999999999999 -1.78 -0.21 -1.89 -1.08 -0.0208271387653416 0.913313534576951 1.40914722611914 0.8706 -0.5572 -0.0812 0.8344 -1.045 -1.0212 -0.4812 -0.0582 -0.9344 -0.3058 -1.0422 -0.6084 0.823 -0.536 0.074 0.802 -0.955 -0.956 -0.526 -0.121 -0.872 -0.139 -0.851 -0.592 -1.003 0.506 0.096 -0.872 0.645 0.746 0.336 -0.00900000000000001 0.782 -0.021 0.771 0.322
0.49 0.45 0.55 -2.03 -0.14 -1.94 -0.22 2.25 -1.94 -0.94 -2.09 -0.78 1.79 0.11 0.92 -0.533455267066824 2.31896542202023 0.851760910177578 -1.0894 -0.0672 -1.0612 -0.1456 0.915 -1.0212 -0.4812 -1.0382 -0.4444 0.6742 -0.0622 0.3716 -0.977 -0.086 -0.826 -0.098 0.845 -0.956 -0.526 -1.021 -0.422 0.761 0.049 0.308 -1.233 -0.084 -0.944 -0.192 1.095 -1.194 -0.604 -1.199 -0.448 0.869 -0.019 0.342
-0.51 -0.55 0.55 -2.03 1.86 0.0600000000000001 -2.22 0.25 1.06 2.06 -0.0899999999999999 1.22 1.79 0.11 -1.08 -0.278268448865472 0.41780708655637 0.838537707995251 0.9406 -0.9472 -0.1412 1.0944 -0.315 -0.6112 -1.0712 0.0318 -0.6844 -1.1158 -0.1722 0.4716 1.053 -1.046 0.014 1.222 -0.305 -0.666 -1.236 -0.031 -0.742 -1.029 -0.061 0.488 -1.233 1.016 0.156 -1.292 -0.00499999999999998 0.456 1.046 -0.099 0.652 0.869 -0.019 -0.758
-0.51 -0.55 -0.45 1.97 1.86 1.06 1.78 0.25 1.06 -1.94 1.91 2.22 1.79 1.11 -0.0800000000000001 -0.161977402316974 -0.0259061860947253 0.211581649804024 -1.0994 -0.9472 -0.6512 -0.9456 -0.315 -0.6112 0.9688 -0.9882 -1.1944 -1.1158 -0.6822 -0.0384 -1.147 -1.046 -0.536 -0.978 -0.305 -0.666 0.964 -1.131 -1.292 -1.029 -0.611 -0.062 -1.003 -0.844 -0.354 -0.872 -0.255 -0.604 0.786 -0.909 -1.018 -0.921 -0.579 -0.128
0.49 -0.55 0.55 1.97 -1.14 -0.94 -1.22 2.25 0.0600000000000001 0.0600000000000001 -2.09 -0.78 1.79 -1.89 -0.0800000000000001 0.357242974726101 1.05485446163936 1.65236641196866 0.8706 -0.5572 -0.5712 -0.6356 0.915 -0.0412 0.00879999999999999 -1.0382 -0.4444 0.6742 -1.0422 -0.1184 -1.147 0.604 0.564 0.672 -1.405 -0.116 -0.136 1.069 0.358 -1.029 1.039 -0.062 0.967 -0.634 -0.394 -0.742 1.095 -0.094 -0.054 -1.199 -0.448 0.869 -1.119 -0.208
-0.51 -0.55 -0.45 -2.03 1.86 1.06 -0.22 2.25 -1.94 0.0600000000000001 1.91 -1.78 -2.21 -1.89 0.92 -0.98309232798484 -0.554452371000349 1.59990963011924 0.9406 -0.9472 -0.6512 0.0744 -1.335 0.9188 -0.0512 -0.9882 0.8456 0.9242 0.8478 -0.5484 1.053 -1.046 -0.536 0.122 -1.405 0.984 -0.136 -1.131 0.908 1.171 1.039 -0.612 0.797 -0.844 -0.354 0.028 -1.155 0.746 -0.114 -0.909 0.782 0.879 0.771 -0.578
0.49 0.45 0.55 -1.03 1.86 2.06 0.78 -1.75 -1.94 -0.94 -2.09 2.22 -0.21 1.11 0.92 -0.220651370373453 1.86034042080202 0.91853063486346 -0.5994 0.9128 0.8988 0.3444 -1.045 -1.0212 -0.4812 -1.0382 1.0256 -0.3058 0.4278 0.3716 -0.527 0.814 0.974 0.352 -0.955 -0.956 -0.526 -1.021 0.928 -0.139 0.499 0.308 -0.683 1.016 1.256 0.358 -1.105 -1.194 -0.604 -1.199 1.202 -0.231 0.531 0.342
0.49 0.45 0.55 1.97 1.86 2.06 0.78 1.25 1.06 -0.94 1.91 0.22 1.79 2.11 1.92 0.884361667372186 -0.582430376161189 1.43853510357573 0.8706 0.9128 0.8988 0.3444 0.425 0.4488 -0.4812 0.9218 0.0456 0.6742 0.9178 0.8616 0.823 0.814 0.974 0.352 0.395 0.394 -0.526 0.779 0.028 0.761 0.949 0.758 0.967 1.016 1.256 0.358 0.545 0.456 -0.604 1.001 0.102 0.869 1.081 0.892
0.49 0.45 -0.45 0.97 -2.14 1.06 0.78 1.25 1.06 -1.94 -2.09 2.22 -1.21 -0.89 -1.08 0.859872736854361 -0.244291374761513 4.3946179936369 0.3806 -1.0472 0.4088 0.3444 0.425 0.4488 -0.9712 -1.0382 1.0256 -0.7958 -0.5522 -0.6084 0.373 -0.986 0.524 0.352 0.395 0.394 -0.976 -1.021 0.928 -0.589 -0.401 -0.592 -0.553 0.956 -0.354 -0.422 -0.705 -0.604 0.786 0.891 -1.018 0.429 0.321 0.322
-0.51 0.45 0.55 -2.03 0.86 -1.94 0.78 2.25 -0.94 2.06 1.91 1.22 -0.21 -1.89 0.92 -0.488739892313389 0.160936961238392 0.380963841789135 0.9406 -0.4372 0.8788 -0.4356 -1.335 0.4088 -1.0712 -0.9882 -0.6844 -0.0958 0.8478 -0.5484 -0.977 0.364 -0.826 0.352 0.845 -0.506 0.824 0.779 0.478 -0.139 -0.851 0.308 -1.233 0.466 -0.944 0.358 1.095 -0.644 1.046 1.001 0.652 -0.231 -1.119 0.342
-0.51 -0.55 -0.45 -2.03 -2.14 -0.94 1.78 1.25 2.06 2.06 -2.09 -0.78 1.79 1.11 0.92 1.26164104897673 1.68633046742632 0.759364257209072 0.9406 1.0928 0.3688 -0.9456 -0.825 -1.1212 -1.0712 1.0518 0.3356 -1.1158 -0.6822 -0.5484 1.053 1.154 0.564 -0.978 -0.855 -1.216 -1.236 1.069 0.358 -1.029 -0.611 -0.612 0.797 0.956 0.546 -0.872 -0.705 -1.054 -1.014 0.891 0.332 -0.921 -0.579 -0.578
-0.51 -0.55 -0.45 -2.03 1.86 2.06 -2.22 -1.75 -1.94 0.0600000000000001 -0.0899999999999999 -1.78 -2.21 -1.89 -2.08 -0.0385882328392038 0.974823896070256 -0.11966486592326 0.9406 -0.9472 -1.1612 1.0944 0.705 0.9188 -0.0512 0.0318 0.8456 0.9242 0.8478 0.9816 1.053 -1.046 -1.086 1.222 0.795 0.984 -0.136 -0.031 0.908 1.171 1.039 1.038 0.797 -0.844 -0.804 0.928 0.645 0.746 -0.114 -0.00900000000000001 0.782 0.879 0.771 0.772
-0.51 0.45 0.55 -2.03 0.86 2.06 -0.22 2.25 1.06 0.0600000000000001 -2.09 -1.78 -1.21 -1.89 -2.08 0.113457531333079 -0.262434521639317 0.0398721901182919 0.9406 -0.4372 -1.1612 0.0744 -1.335 -0.6112 -0.0512 1.0518 0.8456 0.4142 0.8478 0.9816 -0.977 0.364 0.974 -0.098 0.845 0.394 -0.076 -1.021 -0.872 -0.589 -0.851 -1.042 -1.233 0.466 1.256 -0.192 1.095 0.456 -0.054 -1.199 -0.998 -0.781 -1.119 -1.308
-0.51 0.45 0.55 -0.0299999999999998 -1.14 -1.94 1.78 0.25 2.06 -0.94 1.91 0.22 0.79 -0.89 -0.0800000000000001 2.67878975031742 1.51281906885644 2.7381347628343 -0.0794 0.5828 0.8788 -0.9456 -0.315 -1.1212 0.4588 -0.9882 -0.1744 -0.6058 0.3378 -0.0384 -0.077 -0.536 -0.826 0.802 -0.055 0.844 -0.526 0.779 0.028 0.311 -0.401 -0.142 -0.133 -0.634 -0.944 0.908 -0.00499999999999998 1.006 -0.604 1.001 0.102 0.319 -0.569 -0.208
0.49 0.45 0.55 -1.03 -1.14 0.0600000000000001 1.78 -1.75 0.0600000000000001 -0.94 -2.09 -0.78 -2.21 -1.89 0.92 -1.05316321803296 1.17296679906616 1.4666988112873 -0.5994 -0.5572 -0.0812 0.8344 -1.045 -0.0412 -0.4812 -1.0382 -0.4444 -1.2858 -1.0422 0.3716 -0.527 -0.536 0.074 0.802 -0.955 -0.056 -0.526 -1.021 -0.422 -1.039 -0.851 0.308 -0.683 -0.634 0.156 0.908 -1.105 -0.094 -0.604 -1.199 -0.448 -1.331 -1.119 0.342
-0.51 0.45 0.55 -2.03 1.86 1.06 -0.22 0.25 -0.94 2.06 0.91 2.22 -1.21 0.11 -1.08 1.13704222087096 2.89133114764989 1.85556061748255 0.9406 -0.9472 -0.6512 0.0744 -0.315 0.4088 -1.0712 -0.4782 -1.1944 0.4142 -0.1722 0.4716 -0.977 0.814 0.524 -0.098 -0.055 -0.506 0.824 0.329 0.928 -0.589 0.049 -0.592 -1.233 1.016 0.706 -0.192 -0.00499999999999998 -0.644 1.046 0.451 1.202 -0.781 -0.019 -0.758
-0.51 0.45 -0.45 -2.03 1.86 2.06 -1.22 -1.75 -1.94 0.0600000000000001 -1.09 -0.78 -2.21 -1.89 -0.0800000000000001 0.296397354483805 0.830930875242309 0.653259844492267 0.9406 -0.9472 -1.1612 0.5844 0.705 0.9188 -0.0512 0.5418 0.3356 0.9242 0.8478 -0.0384 -0.977 0.814 0.974 -0.548 -0.955 -0.956 -0.076 -0.571 -0.422 -1.039 -0.851 -0.142 0.797 -0.844 -0.804 0.478 0.645 0.746 -0.114 0.441 0.332 0.879 0.771 -0.128
-0.51 0.45 -0.45 1.97 -0.14 -1.94 1.78 -1.75 -1.94 -1.94 -0.0899999999999999 -1.78 -2.21 0.11 -1.08 -0.0116008415439974 1.23928552383497 3.55112054746246 -1.0994 0.0728 0.8788 -0.9456 0.705 0.9188 0.9688 0.0318 0.8456 0.9242 -0.1722 0.4716 0.823 -0.086 -0.826 0.802 -0.955 -0.956 -0.976 -0.121 -0.872 -1.039 0.049 -0.592 -1.003 0.056 0.996 -0.872 0.645 0.746 0.786 -0.00900000000000001 0.782 0.879 -0.129 0.322
-0.51 -0.55 -0.45 -2.03 -1.14 -1.94 -2.22 -1.75 0.0600000000000001 -1.94 -2.09 1.22 -2.21 -1.89 -2.08 -0.107435082905193 0.55795191705639 1.05346272020516 0.9406 0.5828 0.8788 1.0944 0.705 -0.1012 0.9688 1.0518 -0.6844 0.9242 0.8478 0.9816 1.053 0.604 1.114 1.222 0.795 -0.116 0.964 1.069 -0.742 1.171 1.039 1.038 0.797 0.506 0.996 0.928 0.645 -0.154 0.786 0.891 -0.568 0.879 0.771 0.772
0.49 -0.55 0.55 1.97 1.86 -0.94 1.78 2.25 -0.94 0.0600000000000001 -1.09 -0.78 1.79 2.11 -0.0800000000000001 0.946733184151855 1.21512667598656 0.702359553920495 0.8706 0.9128 -0.5712 0.8344 0.915 -0.5312 0.00879999999999999 -0.5482 -0.4444 0.6742 0.9178 -0.1184 -1.147 -1.046 0.564 -0.978 -1.405 0.434 -0.136 0.519 0.358 -1.029 -1.161 -0.062 0.967 1.016 -0.394 0.908 1.095 -0.644 -0.054 -0.649 -0.448 0.869 1.081 -0.208
-0.51 -0.55 0.55 1.97 -0.14 0.0600000000000001 1.78 -1.75 -1.94 -0.94 0.91 -1.78 1.79 2.11 -0.0800000000000001 0.745674905481318 2.68113187531794 1.67919534976957 -1.0994 0.0728 -0.1412 -0.9456 0.705 0.9188 0.4588 -0.4782 0.8456 -1.1158 -1.1922 -0.0384 -1.147 0.054 0.014 -0.978 0.795 0.984 0.414 -0.581 0.908 -1.029 -1.161 -0.062 0.967 -0.084 0.156 0.908 -1.105 -1.194 -0.604 0.451 -0.998 0.869 1.081 -0.208
0.49 0.45 0.55 0.97 -1.14 2.06 -1.22 -1.75 0.0600000000000001 2.06 -0.0899999999999999 -1.78 -0.21 0.11 -0.0800000000000001 0.628132889489702 0.770319677945839 0.124259145352596 0.3806 -0.5572 0.8988 -0.6356 -1.045 -0.0412 0.9888 -0.0582 -0.9344 -0.3058 -0.0622 -0.1184 0.373 -0.536 0.974 -0.548 -0.955 -0.056 0.824 -0.121 -0.872 -0.139 0.049 -0.142 0.417 -0.634 1.256 -0.742 -1.105 -0.094 1.046 -0.099 -0.998 -0.231 -0.019 -0.208
0.49 0.45 0.55 -2.03 -2.14 -1.94 -1.22 1.25 2.06 -1.94 -0.0899999999999999 2.22 -1.21 -0.89 -2.08 0.78237683910837 1.5888736565588 1.45590323622305 -1.0894 -1.0472 -1.0612 -0.6356 0.425 0.9388 -0.9712 -0.0582 1.0256 -0.7958 -0.5522 -1.0984 -0.977 -0.986 -0.826 -0.548 0.395 0.844 -0.976 -0.121 0.928 -0.589 -0.401 -1.042 -1.233 -1.184 -0.944 -0.742 0.545 1.006 -1.154 -0.099 1.202 -0.781 -0.569 -1.308
0.49 0.45 -0.45 -0.0299999999999998 1.86 2.06 -2.22 2.25 2.06 1.06 1.91 2.22 1.79 -0.89 1.92 0.180735819915757 0.502004588155286 1.4725840044083 -0.1094 0.9128 0.8988 -1.1256 0.915 0.9388 0.4988 0.9218 1.0256 0.6742 -0.5522 0.8616 -0.077 0.814 0.974 -0.998 0.845 0.844 0.374 0.779 0.928 0.761 -0.401 0.758 -0.103 -0.844 -0.804 0.928 -1.155 -1.054 -0.564 -0.909 -1.018 -0.921 0.321 -1.028
-0.51 0.45 -0.45 1.97 1.86 2.06 -2.22 -1.75 0.0600000000000001 1.06 0.91 2.22 1.79 0.11 0.92 0.528453111536263 0.2300072211258 1.84969666883793 -1.0994 -0.9472 -1.1612 1.0944 0.705 -0.1012 -0.5612 -0.4782 -1.1944 -1.1158 -0.1722 -0.5484 0.823 0.814 0.974 -0.998 -0.955 -0.056 0.374 0.329 0.928 0.761 0.049 0.308 -1.003 -0.844 -0.804 0.928 0.645 -0.154 -0.564 -0.459 -1.018 -0.921 -0.129 -0.578
0.49 0.45 -0.45 1.97 0.86 2.06 -1.22 2.25 -0.94 2.06 0.91 0.22 1.79 1.11 0.92 1.74129251997091 1.66263312219969 2.59529946005159 0.8706 0.4228 0.8988 -0.6356 0.915 -0.5312 0.9888 0.4318 0.0456 0.6742 0.4278 0.3716 0.823 0.364 0.974 -0.548 0.845 -0.506 0.824 0.329 0.028 0.761 0.499 0.308 -1.003 -0.394 -0.804 0.478 -1.155 0.296 -1.014 -0.459 -0.118 -0.921 -0.579 -0.578
-0.51 0.45 0.55 0.97 -1.14 -1.94 -2.22 2.25 -1.94 2.06 -0.0899999999999999 -1.78 -2.21 0.11 0.92 -1.64743584744082 1.15404218676102 -0.0734968624385778 -0.5894 0.5828 0.8788 1.0944 -1.335 0.9188 -1.0712 0.0318 0.8456 0.9242 -0.1722 -0.5484 0.373 -0.536 -0.826 -0.998 0.845 -0.956 0.824 -0.121 -0.872 -1.039 0.049 0.308 0.417 -0.634 -0.944 -1.292 1.095 -1.194 1.046 -0.099 -0.998 -1.331 -0.019 0.342
0.49 0.45 0.55 -0.0299999999999998 -2.14 -1.94 1.78 -1.75 0.0600000000000001 -0.94 0.91 -1.78 -0.21 0.11 0.92 0.567909319936845 2.72905057649504 2.48735793746839 -0.1094 -1.0472 -1.0612 0.8344 -1.045 -0.0412 -0.4812 0.4318 -0.9344 -0.3058 -0.0622 0.3716 -0.077 -0.986 -0.826 0.802 -0.955 -0.056 -0.526 0.329 -0.872 -0.139 0.049 0.308 -0.133 -1.184 -0.944 0.908 -1.105 -0.094 -0.604 0.451 -0.998 -0.231 -0.019 0.342
-0.51 -0.55 0.55 1.97 -0.14 0.0600000000000001 -0.22 -0.75 2.06 1.06 -1.09 -0.78 -1.21 0.11 -0.0800000000000001 1.41972633225262 0.122037639084896 0.226365005894719 -1.0994 0.0728 -0.1412 0.0744 0.195 -1.1212 -0.5612 0.5418 0.3356 0.4142 -0.1722 -0.0384 -1.147 0.054 0.014 0.122 0.245 -1.216 -0.686 0.519 0.358 0.621 -0.061 -0.062 0.967 -0.084 0.156 -0.192 -0.555 1.006 0.496 -0.649 -0.448 -0.781 -0.019 -0.208
0.49 -0.55 -0.45 -2.03 0.86 -1.94 0.78 -1.75 -1.94 1.06 1.91 2.22 0.79 1.11 -0.0800000000000001 0.0397884830261691 0.613183147255838 0.703755275001643 -1.0894 0.4228 -1.0612 0.3444 -1.045 -1.0212 0.4988 0.9218 1.0256 0.1842 0.4278 -0.1184 1.053 -0.496 1.114 -0.428 0.795 0.984 -0.686 -1.131 -1.292 -0.479 -0.611 -0.062 0.797 -0.394 0.996 -0.422 0.645 0.746 -0.564 -0.909 -1.018 -0.471 -0.579 -0.128
0.49 0.45 -0.45 1.97 1.86 2.06 0.78 2.25 2.06 2.06 1.91 2.22 1.79 2.11 1.92 0.938889907102126 -0.263513325860165 -0.21631246685863 0.8706 0.9128 0.8988 0.3444 0.915 0.9388 0.9888 0.9218 1.0256 0.6742 0.9178 0.8616 0.823 0.814 0.974 0.352 0.845 0.844 0.824 0.779 0.928 0.761 0.949 0.758 -1.003 -0.844 -0.804 -0.422 -1.155 -1.054 -1.014 -0.909 -1.018 -0.921 -1.029 -1.028
0.49 0.45 -0.45 0.97 -0.14 -0.94 1.78 -1.75 0.0600000000000001 0.0600000000000001 1.91 -1.78 1.79 1.11 -1.08 1.24913128567187 1.92818492939248 1.70366787056411 0.3806 -0.0672 -0.5712 0.8344 -1.045 -0.0412 0.00879999999999999 0.9218 -0.9344 0.6742 0.4278 -0.6084 0.373 -0.086 -0.376 0.802 -0.955 -0.056 -0.076 0.779 -0.872 0.761 0.499 -0.592 -0.553 0.056 0.546 -0.872 0.645 -0.154 -0.114 -0.909 0.782 -0.921 -0.579 0.322
0.49 0.45 0.55 -2.03 -1.14 -1.94 0.78 1.25 0.0600000000000001 -1.94 -2.09 -1.78 1.79 0.11 -0.0800000000000001 -0.0547517024135258 2.49234209408701 0.742917185165939 -1.0894 -0.5572 -1.0612 0.3444 0.425 -0.0412 -0.9712 -1.0382 -0.9344 0.6742 -0.0622 -0.1184 -0.977 -0.536 -0.826 0.352 0.395 -0.056 -0.976 -1.021 -0.872 0.761 0.049 -0.142 -1.233 -0.634 -0.944 0.358 0.545 -0.094 -1.154 -1.199 -0.998 0.869 -0.019 -0.208
-0.51 -0.55 0.55 0.97 -2.14 -1.94 0.78 2.25 -1.94 0.0600000000000001 -1.09 -0.78 -0.21 -0.89 -0.0800000000000001 1.07707512808061 2.13200320950684 1.01204732147623 -0.5894 1.0928 0.8788 -0.4356 -1.335 0.9188 -0.0512 0.5418 0.3356 -0.0958 0.3378 -0.0384 -0.597 1.154 1.114 -0.428 -1.405 0.984 -0.136 0.519 0.358 0.071 0.489 -0.062 0.417 -1.184 -0.944 0.358 1.095 -1.194 -0.054 -0.649 -0.448 -0.231 -0.569 -0.208
-0.51 -0.55 -0.45 -0.0299999999999998 -1.14 0.0600000000000001 0.78 -1.75 -1.94 -0.94 -2.09 -1.78 -2.21 -1.89 -2.08 1.76409587236629 1.61264109563559 0.552286899530363 -0.0794 0.5828 -0.1412 -0.4356 0.705 0.9188 0.4588 1.0518 0.8456 0.9242 0.8478 0.9816 -0.047 0.604 0.014 -0.428 0.795 0.984 0.414 1.069 0.908 1.171 1.039 1.038 -0.103 0.506 0.096 -0.422 0.645 0.746 0.336 0.891 0.782 0.879 0.771 0.772
-0.51 -0.55 -0.45 1.97 1.86 -1.94 0.78 -1.75 -1.94 -0.94 1.91 0.22 0.79 -1.89 -1.08 0.00721581368343222 -0.115471422544347 0.751928983113722 -1.0994 -0.9472 0.8788 -0.4356 0.705 0.9188 0.4588 -0.9882 -0.1744 -0.6058 0.8478 0.4716 -1.147 -1.046 1.114 -0.428 0.795 0.984 0.414 -1.131 -0.192 -0.479 1.039 0.488 -1.003 -0.844 0.996 -0.422 0.645 0.746 0.336 -0.909 -0.118 -0.471 0.771 0.322
-0.51 -0.55 -0.45 -2.03 -0.14 -1.94 -2.22 -0.75 0.0600000000000001 2.06 1.91 -0.78 -2.21 1.11 0.92 0.25899520856743 0.647770033748313 1.01003002823839 0.9406 0.0728 0.8788 1.0944 0.195 -0.1012 -1.0712 -0.9882 0.3356 0.9242 -0.6822 -0.5484 1.053 0.054 1.114 1.222 0.245 -0.116 -1.236 -1.131 0.358 1.171 -0.611 -0.612 0.797 0.056 0.996 0.928 0.195 -0.154 -1.014 -0.909 0.332 0.879 -0.579 -0.578
0.49 0.45 -0.45 0.97 -1.14 0.0600000000000001 -0.22 2.25 2.06 2.06 1.91 2.22 -0.21 -0.89 1.92 1.27200177662304 1.08116279921751 2.80616638543502 0.3806 -0.5572 -0.0812 -0.1456 0.915 0.9388 0.9888 0.9218 1.0256 -0.3058 -0.5522 0.8616 0.373 -0.536 0.074 -0.098 0.845 0.844 0.824 0.779 0.928 -0.139 -0.401 0.758 -0.553 0.506 0.096 0.028 -1.155 -1.054 -1.014 -0.909 -1.018 -0.021 0.321 -1.028
-0.51 -0.55 0.55 -1.03 1.86 1.06 -1.22 -0.75 2.06 2.06 1.91 0.22 -0.21 2.11 -1.08 -0.510273040385169 -0.0395344360086916 1.05110242078436 0.4306 -0.9472 -0.6512 0.5844 0.195 -1.1212 -1.0712 -0.9882 -0.1744 -0.0958 -1.1922 0.4716 0.503 -1.046 -0.536 0.672 0.245 -1.216 -1.236 -1.131 -0.192 0.071 -1.161 0.488 -0.683 1.016 0.706 -0.742 -0.555 1.006 1.046 1.001 0.102 -0.231 1.081 -0.758
0.49 -0.55 0.55 -1.03 0.86 2.06 1.78 2.25 2.06 1.06 1.91 2.22 1.79 2.11 1.92 0.760697730149619 -0.161215117496339 -0.145247179932651 -0.5994 0.4228 0.8988 0.8344 0.915 0.9388 0.4988 0.9218 1.0256 0.6742 0.9178 0.8616 0.503 -0.496 -1.086 -0.978 -1.405 -1.216 -0.686 -1.131 -1.292 -1.029 -1.161 -1.162 -0.683 0.466 1.256 0.908 1.095 1.006 0.496 1.001 1.202 0.869 1.081 0.892
-0.51 0.45 0.55 1.97 1.86 -0.94 1.78 -1.75 2.06 -0.94 -0.0899999999999999 -0.78 -0.21 1.11 1.92 1.22562596303779 2.46985447597418 3.11094107349784 -1.0994 -0.9472 0.3688 -0.9456 0.705 -1.1212 0.4588 0.0318 0.3356 -0.0958 -0.6822 -1.0584 0.823 0.814 -0.376 0.802 -0.955 0.844 -0.526 -0.121 -0.422 -0.139 0.499 0.758 0.967 1.016 -0.394 0.908 -1.105 1.006 -0.604 -0.099 -0.448 -0.231 0.531 0.892
-0.51 -0.55 -0.45 -1.03 1.86 2.06 1.78 -0.75 2.06 1.06 -2.09 0.22 -0.21 -0.89 -2.08 -0.0258102333036916 2.56751901229234 2.4358448068161 0.4306 -0.9472 -1.1612 -0.9456 0.195 -1.1212 -0.5612 1.0518 -0.1744 -0.0958 0.3378 0.9816 0.503 -1.046 -1.086 -0.978 0.245 -1.216 -0.686 1.069 -0.192 0.071 0.489 1.038 0.347 -0.844 -0.804 -0.872 0.195 -1.054 -0.564 0.891 -0.118 -0.021 0.321 0.772
-0.51 -0.55 -0.45 -0.0299999999999998 1.86 0.0600000000000001 -2.22 -1.75 -1.94 1.06 -1.09 2.22 -1.21 -1.89 -2.08 1.00676856534696 0.242166022382547 0.150070250361289 -0.0794 -0.9472 -0.1412 1.0944 0.705 0.9188 -0.5612 0.5418 -1.1944 0.4142 0.8478 0.9816 -0.047 -1.046 0.014 1.222 0.795 0.984 -0.686 0.519 -1.292 0.621 1.039 1.038 -0.103 -0.844 0.096 0.928 0.645 0.746 -0.564 0.441 -1.018 0.429 0.771 0.772
0.49 -0.55 -0.45 -0.0299999999999998 1.86 1.06 -2.22 -1.75 0.0600000000000001 -1.94 1.91 -1.78 -0.21 -0.89 0.92 0.409816888697693 0.079418832904907 1.16796710296007 -0.1094 0.9128 0.4088 -1.1256 -1.045 -0.0412 -0.9712 0.9218 -0.9344 -0.3058 -0.5522 0.3716 -0.047 -1.046 -0.536 1.222 0.795 -0.116 0.964 -1.131 0.908 0.071 0.489 -0.612 -0.103 -0.844 -0.354 0.928 0.645 -0.154 0.786 -0.909 0.782 -0.021 0.321 -0.578
0.49 -0.55 -0.45 1.97 -0.14 2.06 -0.22 2.25 0.0600000000000001 -1.94 0.91 1.22 -2.21 -0.89 -1.08 -0.215586060563636 1.65050921635773 -1.20851988134992 0.8706 -0.0672 0.8988 -0.1456 0.915 -0.0412 -0.9712 0.4318 0.5356 -1.2858 -0.5522 -0.6084 -1.147 0.054 -1.086 0.122 -1.405 -0.116 0.964 -0.581 -0.742 1.171 0.489 0.488 -1.003 0.056 -0.804 0.028 -1.155 -0.154 0.786 -0.459 -0.568 0.879 0.321 0.322
0.49 0.45 0.55 -2.03 1.86 -0.94 -0.22 -1.75 -0.94 0.0600000000000001 -2.09 -0.78 1.79 0.11 -2.08 0.673900940604257 1.73364692524265 2.42195153307503 -1.0894 0.9128 -0.5712 -0.1456 -1.045 -0.5312 0.00879999999999999 -1.0382 -0.4444 0.6742 -0.0622 -1.0984 -0.977 0.814 -0.376 -0.098 -0.955 -0.506 -0.076 -1.021 -0.422 0.761 0.049 -1.042 -1.233 1.016 -0.394 -0.192 -1.105 -0.644 -0.054 -1.199 -0.448 0.869 -0.019 -1.308
0.49 0.45 0.55 1.97 0.86 0.0600000000000001 -2.22 -1.75 2.06 2.06 -2.09 1.22 -2.21 -1.89 -0.0800000000000001 1.05695480186264 2.20956520961593 1.66795844523395 0.8706 0.4228 -0.0812 -1.1256 -1.045 0.9388 0.9888 -1.0382 0.5356 -1.2858 -1.0422 -0.1184 0.823 0.364 0.074 -0.998 -0.955 0.844 0.824 -1.021 0.478 -1.039 -0.851 -0.142 0.967 0.466 0.156 -1.292 -1.105 1.006 1.046 -1.199 0.652 -1.331 -1.119 -0.208
0.49 -0.55 0.55 1.97 -2.14 1.06 1.78 -1.75 1.06 2.06 1.91 2.22 1.79 1.11 1.92 -0.479818200079816 -0.131682583799604 0.0198406281668798 0.8706 -1.0472 0.4088 0.8344 -1.045 0.4488 0.9888 0.9218 1.0256 0.6742 0.4278 0.8616 -1.147 1.154 -0.536 -0.978 0.795 -0.666 -1.236 -1.131 -1.292 -1.029 -0.611 -1.162 0.967 -1.184 0.706 0.908 -1.105 0.456 1.046 1.001 1.202 0.869 0.531 0.892
0.49 -0.55 -0.45 -0.0299999999999998 -0.14 2.06 -2.22 2.25 0.0600000000000001 -1.94 -1.09 -1.78 0.79 -0.89 -0.0800000000000001 0.547759009894977 -1.52650406264674 -1.1537518886349 -0.1094 -0.0672 0.8988 -1.1256 0.915 -0.0412 -0.9712 -0.5482 -0.9344 0.1842 -0.5522 -0.1184 -0.047 0.054 -1.086 1.222 -1.405 -0.116 0.964 0.519 0.908 -0.479 0.489 -0.062 -0.103 0.056 -0.804 0.928 -1.155 -0.154 0.786 0.441 0.782 -0.471 0.321 -0.128
-0.51 -0.55 -0.45 -2.03 1.86 0.0600000000000001 -0.22 -0.75 1.06 -1.94 -2.09 0.22 -2.21 -0.89 -2.08 -2.49168873165669 -1.96527918496784 -1.85827115214181 0.9406 -0.9472 -0.1412 0.0744 0.195 -0.6112 0.9688 1.0518 -0.1744 0.9242 0.3378 0.9816 1.053 -1.046 0.014 0.122 0.245 -0.666 0.964 1.069 -0.192 1.171 0.489 1.038 0.797 -0.844 0.096 0.028 0.195 -0.604 0.786 0.891 -0.118 0.879 0.321 0.772
0.49 0.45 -0.45 -0.0299999999999998 -2.14 2.06 -2.22 -1.75 2.06 -0.94 -0.0899999999999999 -0.78 -2.21 2.11 -1.08 0.446791484817557 1.87179769479333 1.39479568597677 -0.1094 -1.0472 0.8988 -1.1256 -1.045 0.9388 -0.4812 -0.0582 -0.4444 -1.2858 0.9178 -0.6084 -0.077 -0.986 0.974 -0.998 -0.955 0.844 -0.526 -0.121 -0.422 -1.039 0.949 -0.592 -0.103 0.956 -0.804 0.928 0.645 -1.054 0.336 -0.00900000000000001 0.332 0.879 -1.029 0.322
0.49 0.45 0.55 0.97 0.86 0.0600000000000001 -2.22 0.25 2.06 0.0600000000000001 1.91 2.22 1.79 -0.89 1.92 0.81129913638724 1.27651234549207 0.386571998262786 0.3806 0.4228 -0.0812 -1.1256 -0.0650000000000001 0.9388 0.00879999999999999 0.9218 1.0256 0.6742 -0.5522 0.8616 0.373 0.364 0.074 -0.998 -0.055 0.844 -0.076 0.779 0.928 0.761 -0.401 0.758 0.417 0.466 0.156 -1.292 -0.00499999999999998 1.006 -0.054 1.001 1.202 0.869 -0.569 0.892
-0.51 -0.55 -0.45 -0.0299999999999998 0.86 -0.94 1.78 -1.75 0.0600000000000001 -0.94 1.91 -0.78 -0.21 0.11 -0.0800000000000001 0.735165171362092 -0.537233388835344 0.921973092723893 -0.0794 -0.4372 0.3688 -0.9456 0.705 -0.1012 0.4588 -0.9882 0.3356 -0.0958 -0.1722 -0.0384 -0.047 -0.496 0.564 -0.978 0.795 -0.116 0.414 -1.131 0.358 0.071 -0.061 -0.062 -0.103 -0.394 0.546 -0.872 0.645 -0.154 0.336 -0.909 0.332 -0.021 -0.129 -0.128
0.49 0.45 -0.45 -1.03 1.86 2.06 -0.22 -1.75 0.0600000000000001 2.06 -0.0899999999999999 -0.78 0.79 2.11 -2.08 3.0656126683786 1.65658360895743 1.68486854453333 -0.5994 0.9128 0.8988 -0.1456 -1.045 -0.0412 0.9888 -0.0582 -0.4444 0.1842 0.9178 -1.0984 -0.527 0.814 0.974 -0.098 -0.955 -0.056 0.824 -0.121 -0.422 0.311 0.949 -1.042 0.347 -0.844 -0.804 0.028 0.645 -0.154 -1.014 -0.00900000000000001 0.332 -0.471 -1.029 0.772
-0.51 -0.55 0.55 1.97 -2.14 2.06 1.78 -0.75 1.06 -0.94 1.91 0.22 -1.21 2.11 0.92 0.137735735933164 0.714959470604648 0.787467607396139 -1.0994 1.0928 -1.1612 -0.9456 0.195 -0.6112 0.4588 -0.9882 -0.1744 0.4142 -1.1922 -0.5484 -1.147 1.154 -1.086 -0.978 0.245 -0.666 0.414 -1.131 -0.192 0.621 -1.161 -0.612 0.967 -1.184 1.256 0.908 -0.555 0.456 -0.604 1.001 0.102 -0.781 1.081 0.342
0.49 0.45 0.55 1.97 0.86 -1.94 -2.22 2.25 1.06 -1.94 1.91 -1.78 -2.21 -0.89 -2.08 0.515329476574514 1.3160752114617 1.22440173938655 0.8706 0.4228 -1.0612 -1.1256 0.915 0.4488 -0.9712 0.9218 -0.9344 -1.2858 -0.5522 -1.0984 0.823 0.364 -0.826 -0.998 0.845 0.394 -0.976 0.779 -0.872 -1.039 -0.401 -1.042 0.967 0.466 -0.944 -1.292 1.095 0.456 -1.154 1.001 -0.998 -1.331 -0.569 -1.308
0.49 0.45 -0.45 1.97 1.86 2.06 0.78 2.25 2.06 0.0600000000000001 1.91 2.22 1.79 2.11 -0.0800000000000001 0.249928857685807 0.968429018479877 0.344135865090802 0.8706 0.9128 0.8988 0.3444 0.915 0.9388 0.00879999999999999 0.9218 1.0256 0.6742 0.9178 -0.1184 0.823 0.814 0.974 0.352 0.845 0.844 -0.076 0.779 0.928 0.761 0.949 -0.142 -1.003 -0.844 -0.804 -0.422 -1.155 -1.054 -0.114 -0.909 -1.018 -0.921 -1.029 -0.128
-0.51 0.45 0.55 -2.03 0.86 -0.94 -2.22 -1.75 2.06 -0.94 -2.09 1.22 -0.21 -1.89 -2.08 -0.624472146702549 0.136856238792707 -0.0359804855142206 0.9406 -0.4372 0.3688 1.0944 0.705 -1.1212 0.4588 1.0518 -0.6844 -0.0958 0.8478 0.9816 -0.977 0.364 -0.376 -0.998 -0.955 0.844 -0.526 -1.021 0.478 -0.139 -0.851 -1.042 -1.233 0.466 -0.394 -1.292 -1.105 1.006 -0.604 -1.199 0.652 -0.231 -1.119 -1.308
0.49 0.45 -0.45 -2.03 -0.14 -1.94 0.78 -0.75 -0.94 -0.94 0.91 -0.78 -1.21 2.11 -0.0800000000000001 0.738745213742221 0.0478919442801094 0.420110840083632 -1.0894 -0.0672 -1.0612 0.3444 -0.555 -0.5312 -0.4812 0.4318 -0.4444 -0.7958 0.9178 -0.1184 -0.977 -0.086 -0.826 0.352 -0.505 -0.506 -0.526 0.329 -0.422 -0.589 0.949 -0.142 0.797 0.056 0.996 -0.422 0.195 0.296 0.336 -0.459 0.332 0.429 -1.029 -0.128
0.49 0.45 0.55 -1.03 -0.14 0.0600000000000001 -2.22 1.25 -1.94 0.0600000000000001 1.91 2.22 -0.21 -0.89 0.92 0.744282327730387 0.310594035936351 -0.351524879816572 -0.5994 -0.0672 -0.0812 -1.1256 0.425 -1.0212 0.00879999999999999 0.9218 1.0256 -0.3058 -0.5522 0.3716 -0.527 -0.086 0.074 -0.998 0.395 -0.956 -0.076 0.779 0.928 -0.139 -0.401 0.308 -0.683 -0.084 0.156 -1.292 0.545 -1.194 -0.054 1.001 1.202 -0.231 -0.569 0.342
-0.51 -0.55 -0.45 0.97 -2.14 -0.94 -1.22 -1.75 -1.94 -1.94 -0.0899999999999999 0.22 0.79 -1.89 -2.08 0.839923139251183 0.624156605484272 0.58372484133862 -0.5894 1.0928 0.3688 0.5844 0.705 0.9188 0.9688 0.0318 -0.1744 -0.6058 0.8478 0.9816 -0.597 1.154 0.564 0.672 0.795 0.984 0.964 -0.031 -0.192 -0.479 1.039 1.038 -0.553 0.956 0.546 0.478 0.645 0.746 0.786 -0.00900000000000001 -0.118 -0.471 0.771 0.772
0.49 0.45 0.55 -2.03 -2.14 2.06 1.78 1.25 0.0600000000000001 0.0600000000000001 1.91 2.22 -1.21 2.11 1.92 1.28410070514704 0.285417254697796 1.16909084016249 -1.0894 -1.0472 0.8988 0.8344 0.425 -0.0412 0.00879999999999999 0.9218 1.0256 -0.7958 0.9178 0.8616 -0.977 -0.986 0.974 0.802 0.395 -0.056 -0.076 0.779 0.928 -0.589 0.949 0.758 -1.233 -1.184 1.256 0.908 0.545 -0.094 -0.054 1.001 1.202 -0.781 1.081 0.892
0.49 0.45 0.55 1.97 -0.14 2.06 1.78 1.25 0.0600000000000001 2.06 -0.0899999999999999 0.22 1.79 2.11 1.92 1.07006570121995 1.25825750479456 1.71317700343629 0.8706 -0.0672 0.8988 0.8344 0.425 -0.0412 0.9888 -0.0582 0.0456 0.6742 0.9178 0.8616 0.823 -0.086 0.974 0.802 0.395 -0.056 0.824 -0.121 0.028 0.761 0.949 0.758 0.967 -0.084 1.256 0.908 0.545 -0.094 1.046 -0.099 0.102 0.869 1.081 0.892
0.49 0.45 0.55 1.97 1.86 0.0600000000000001 -2.22 -0.75 1.06 -1.94 -2.09 -0.78 -0.21 -1.89 -2.08 -0.762529802881462 0.102757590223544 -0.346039316836382 0.8706 0.9128 -0.0812 -1.1256 -0.555 0.4488 -0.9712 -1.0382 -0.4444 -0.3058 -1.0422 -1.0984 0.823 0.814 0.074 -0.998 -0.505 0.394 -0.976 -1.021 -0.422 -0.139 -0.851 -1.042 0.967 1.016 0.156 -1.292 -0.555 0.456 -1.154 -1.199 -0.448 -0.231 -1.119 -1.308
0.49 0.45 -0.45 -2.03 1.86 0.0600000000000001 -0.22 0.25 -1.94 -0.94 -2.09 -1.78 1.79 -1.89 -0.0800000000000001 1.28707704698913 1.65374827275359 2.13925112207276 -1.0894 0.9128 -0.0812 -0.1456 -0.0650000000000001 -1.0212 -0.4812 -1.0382 -0.9344 0.6742 -1.0422 -0.1184 -0.977 0.814 0.074 -0.098 -0.055 -0.956 -0.526 -1.021 -0.872 0.761 -0.851 -0.142 0.797 -0.844 0.096 0.028 -0.255 0.746 0.336 0.891 0.782 -0.921 0.771 -0.128
0.49 -0.55 -0.45 -2.03 1.86 -1.94 1.78 -1.75 -0.94 -0.94 -2.09 -0.78 -2.21 0.11 -0.0800000000000001 0.804403687535452 1.32014485386091 1.2168773317055 -1.0894 0.9128 -1.0612 0.8344 -1.045 -0.5312 -0.4812 -1.0382 -0.4444 -1.2858 -0.0622 -0.1184 1.053 -1.046 1.114 -0.978 0.795 0.434 0.414 1.069 0.358 1.171 -0.061 -0.062 0.797 -0.844 0.996 -0.872 0.645 0.296 0.336 0.891 0.332 0.879 -0.129 -0.128
0.49 0.45 0.55 -1.03 0.86 -0.94 1.78 -0.75 -1.94 -1.94 -1.09 -0.78 1.79 0.11 -1.08 0.320506472230947 -0.54333705642234 0.797047032435485 -0.5994 0.4228 -0.5712 0.8344 -0.555 -1.0212 -0.9712 -0.5482 -0.4444 0.6742 -0.0622 -0.6084 -0.527 0.364 -0.376 0.802 -0.505 -0.956 -0.976 -0.571 -0.422 0.761 0.049 -0.592 -0.683 0.466 -0.394 0.908 -0.555 -1.194 -1.154 -0.649 -0.448 0.869 -0.019 -0.758
0.49 -0.55 -0.45 -2.03 -0.14 1.06 -2.22 -1.75 -1.94 -0.94 -1.09 -1.78 -0.21 0.11 -2.08 0.0756566431661398 0.672443673901772 -0.0582249253928483 -1.0894 -0.0672 0.4088 -1.1256 -1.045 -1.0212 -0.4812 -0.5482 -0.9344 -0.3058 -0.0622 -1.0984 1.053 0.054 -0.536 1.222 0.795 0.984 0.414 0.519 0.908 0.071 -0.061 1.038 0.797 0.056 -0.354 0.928 0.645 0.746 0.336 0.441 0.782 -0.021 -0.129 0.772
-0.51 -0.55 -0.45 -2.03 -1.14 2.06 0.78 -1.75 -0.94 -1.94 -1.09 -0.78 0.79 2.11 0.92 0.569414636919512 1.76258756794691 2.03308510757512 0.9406 0.5828 -1.1612 -0.4356 0.705 0.4088 0.9688 0.5418 0.3356 -0.6058 -1.1922 -0.5484 1.053 0.604 -1.086 -0.428 0.795 0.434 0.964 0.519 0.358 -0.479 -1.161 -0.612 0.797 0.506 -0.804 -0.422 0.645 0.296 0.786 0.441 0.332 -0.471 -1.029 -0.578
0.49 -0.55 -0.45 -2.03 0.86 2.06 1.78 0.25 2.06 2.06 -2.09 1.22 1.79 0.11 -0.0800000000000001 -0.285182869730499 0.196680761186857 0.797436999533174 -1.0894 0.4228 0.8988 0.8344 -0.0650000000000001 0.9388 0.9888 -1.0382 0.5356 0.6742 -0.0622 -0.1184 1.053 -0.496 -1.086 -0.978 -0.305 -1.216 -1.236 1.069 -0.742 -1.029 -0.061 -0.062 0.797 -0.394 -0.804 -0.872 -0.255 -1.054 -1.014 0.891 -0.568 -0.921 -0.129 -0.128
-0.51 0.45 -0.45 -2.03 -2.14 -0.94 0.78 1.25 1.06 2.06 -2.09 0.22 -2.21 0.11 -2.08 -0.237825566306304 0.0425094170041184 -0.0554863558726516 0.9406 1.0928 0.3688 -0.4356 -0.825 -0.6112 -1.0712 1.0518 -0.1744 0.9242 -0.1722 0.9816 -0.977 -0.986 -0.376 0.352 0.395 0.394 0.824 -1.021 0.028 -1.039 0.049 -1.042 0.797 0.956 0.546 -0.422 -0.705 -0.604 -1.014 0.891 -0.118 0.879 -0.129 0.772
-0.51 -0.55 -0.45 -0.0299999999999998 -2.14 -1.94 1.78 0.25 -1.94 -1.94 -0.0899999999999999 -0.78 0.79 -1.89 -0.0800000000000001 0.753372374034759 0.725720925474305 0.785203903028254 -0.0794 1.0928 0.8788 -0.9456 -0.315 0.9188 0.9688 0.0318 0.3356 -0.6058 0.8478 -0.0384 -0.047 1.154 1.114 -0.978 -0.305 0.984 0.964 -0.031 0.358 -0.479 1.039 -0.062 -0.103 0.956 0.996 -0.872 -0.255 0.746 0.786 -0.00900000000000001 0.332 -0.471 0.771 -0.128
-0.51 0.45 -0.45 -2.03 -0.14 -1.94 -1.22 1.25 -1.94 0.0600000000000001 1.91 1.22 -2.21 -1.89 -2.08 1.17869473177078 1.47294446880158 1.54702761046197 0.9406 0.0728 0.8788 0.5844 -0.825 0.9188 -0.0512 -0.9882 -0.6844 0.9242 0.8478 0.9816 -0.977 -0.086 -0.826 -0.548 0.395 -0.956 -0.076 0.779 0.478 -1.039 -0.851 -1.042 0.797 0.056 0.996 0.478 -0.705 0.746 -0.114 -0.909 -0.568 0.879 0.771 0.772
0.49 0.45 0.55 -0.0299999999999998 1.86 2.06 0.78 1.25 2.06 0.0600000000000001 0.91 2.22 1.79 2.11 1.92 0.421343552266591 1.55887737015179 2.37173145483119 -0.1094 0.9128 0.8988 0.3444 0.425 0.9388 0.00879999999999999 0.4318 1.0256 0.6742 0.9178 0.8616 -0.077 0.814 0.974 0.352 0.395 0.844 -0.076 0.329 0.928 0.761 0.949 0.758 -0.133 1.016 1.256 0.358 0.545 1.006 -0.054 0.451 1.202 0.869 1.081 0.892
-0.51 -0.55 -0.45 -2.03 -2.14 -0.94 1.78 0.25 0.0600000000000001 -1.94 -2.09 -1.78 0.79 -0.89 -2.08 -1.02845635913766 -0.740160186873049 -0.592226671304946 0.9406 1.0928 0.3688 -0.9456 -0.315 -0.1012 0.9688 1.0518 0.8456 -0.6058 0.3378 0.9816 1.053 1.154 0.564 -0.978 -0.305 -0.116 0.964 1.069 0.908 -0.479 0.489 1.038 0.797 0.956 0.546 -0.872 -0.255 -0.154 0.786 0.891 0.782 -0.471 0.321 0.772
-0.51 0.45 0.55 1.97 1.86 -1.94 -1.22 1.25 1.06 2.06 1.91 -1.78 -0.21 0.11 1.92 1.79188528204456 1.86506947587095 2.35753238095937 -1.0994 -0.9472 0.8788 0.5844 -0.825 -0.6112 -1.0712 -0.9882 0.8456 -0.0958 -0.1722 -1.0584 0.823 0.814 -0.826 -0.548 0.395 0.394 0.824 0.779 -0.872 -0.139 0.049 0.758 0.967 1.016 -0.944 -0.742 0.545 0.456 1.046 1.001 -0.998 -0.231 -0.019 0.892
0.49 -0.55 -0.45 -2.03 -1.14 -1.94 -0.22 1.25 0.0600000000000001 -0.94 0.91 -1.78 -2.21 -1.89 -2.08 -0.202592119340795 -0.239010349199659 0.337152517879139 -1.0894 -0.5572 -1.0612 -0.1456 0.425 -0.0412 -0.4812 0.4318 -0.9344 -1.2858 -1.0422 -1.0984 1.053 0.604 1.114 0.122 -0.855 -0.116 0.414 -0.581 0.908 1.171 1.039 1.038 0.797 0.506 0.996 0.028 -0.705 -0.154 0.336 -0.459 0.782 0.879 0.771 0.772
-0.51 -0.55 -0.45 -0.0299999999999998 1.86 1.06 0.78 -0.75 0.0600000000000001 -0.94 1.91 0.22 1.79 1.11 0.92 -0.311709241101688 0.403882252612577 1.00028840609888 -0.0794 -0.9472 -0.6512 -0.4356 0.195 -0.1012 0.4588 -0.9882 -0.1744 -1.1158 -0.6822 -0.5484 -0.047 -1.046 -0.536 -0.428 0.245 -0.116 0.414 -1.131 -0.192 -1.029 -0.611 -0.612 -0.103 -0.844 -0.354 -0.422 0.195 -0.154 0.336 -0.909 -0.118 -0.921 -0.579 -0.578
0.49 0.45 0.55 1.97 -2.14 -1.94 -0.22 2.25 1.06 2.06 -0.0899999999999999 2.22 1.79 1.11 0.92 0.734467879010302 0.727650087399886 2.47943638129628 0.8706 -1.0472 -1.0612 -0.1456 0.915 0.4488 0.9888 -0.0582 1.0256 0.6742 0.4278 0.3716 0.823 -0.986 -0.826 -0.098 0.845 0.394 0.824 -0.121 0.928 0.761 0.499 0.308 0.967 -1.184 -0.944 -0.192 1.095 0.456 1.046 -0.099 1.202 0.869 0.531 0.342
0.49 -0.55 -0.45 1.97 -1.14 0.0600000000000001 -2.22 1.25 -1.94 2.06 -2.09 -1.78 0.79 -0.89 -2.08 1.3406657636556 1.54160955107081 2.1906641182045 0.8706 -0.5572 -0.0812 -1.1256 0.425 -1.0212 0.9888 -1.0382 -0.9344 0.1842 -0.5522 -1.0984 -1.147 0.604 0.014 1.222 -0.855 0.984 -1.236 1.069 0.908 -0.479 0.489 1.038 -1.003 0.506 0.096 0.928 -0.705 0.746 -1.014 0.891 0.782 -0.471 0.321 0.772
-0.51 0.45 0.55 -1.03 -2.14 -0.94 -0.22 -1.75 2.06 -0.94 -0.0899999999999999 -1.78 -0.21 -0.89 0.92 1.04783905280234 0.669621849064401 1.7111256534744 0.4306 1.0928 0.3688 0.0744 0.705 -1.1212 0.4588 0.0318 0.8456 -0.0958 0.3378 -0.5484 -0.527 -0.986 -0.376 -0.098 -0.955 0.844 -0.526 -0.121 -0.872 -0.139 -0.401 0.308 -0.683 -1.184 -0.394 -0.192 -1.105 1.006 -0.604 -0.099 -0.998 -0.231 -0.569 0.342
-0.51 -0.55 -0.45 1.97 -2.14 2.06 -2.22 2.25 -0.94 -1.94 -0.0899999999999999 1.22 -1.21 1.11 0.92 0.433935559069805 -0.356278803070196 -0.162258939653735 -1.0994 1.0928 -1.1612 1.0944 -1.335 0.4088 0.9688 0.0318 -0.6844 0.4142 -0.6822 -0.5484 -1.147 1.154 -1.086 1.222 -1.405 0.434 0.964 -0.031 -0.742 0.621 -0.611 -0.612 -1.003 0.956 -0.804 0.928 -1.155 0.296 0.786 -0.00900000000000001 -0.568 0.429 -0.579 -0.578
-0.51 -0.55 -0.45 -2.03 -0.14 -1.94 -0.22 -0.75 1.06 1.06 -1.09 2.22 -2.21 2.11 0.92 1.01162152004467 0.578511633334928 0.455518446760045 0.9406 0.0728 0.8788 0.0744 0.195 -0.6112 -0.5612 0.5418 -1.1944 0.9242 -1.1922 -0.5484 1.053 0.054 1.114 0.122 0.245 -0.666 -0.686 0.519 -1.292 1.171 -1.161 -0.612 0.797 0.056 0.996 0.028 0.195 -0.604 -0.564 0.441 -1.018 0.879 -1.029 -0.578
0.49 0.45 -0.45 -0.0299999999999998 -2.14 1.06 -0.22 2.25 0.0600000000000001 -0.94 -1.09 -0.78 0.79 -1.89 -2.08 0.656627926452645 0.125298784740117 1.50405917073127 -0.1094 -1.0472 0.4088 -0.1456 0.915 -0.0412 -0.4812 -0.5482 -0.4444 0.1842 -1.0422 -1.0984 -0.077 -0.986 0.524 -0.098 0.845 -0.056 -0.526 -0.571 -0.422 0.311 -0.851 -1.042 -0.103 0.956 -0.354 0.028 -1.155 -0.154 0.336 0.441 0.332 -0.471 0.771 0.772
-0.51 0.45 0.55 1.97 -1.14 -1.94 0.78 -0.75 2.06 -1.94 1.91 -1.78 -1.21 -1.89 -1.08 0.950043026964224 0.464691373117632 -0.100651918847737 -1.0994 0.5828 0.8788 -0.4356 0.195 -1.1212 0.9688 -0.9882 0.8456 0.4142 0.8478 0.4716 0.823 -0.536 -0.826 0.352 -0.505 0.844 -0.976 0.779 -0.872 -0.589 -0.851 -0.592 0.967 -0.634 -0.944 0.358 -0.555 1.006 -1.154 1.001 -0.998 -0.781 -1.119 -0.758
0.49 0.45 0.55 1.97 -1.14 0.0600000000000001 1.78 0.25 -1.94 0.0600000000000001 -0.0899999999999999 1.22 1.79 2.11 1.92 0.580854456134161 0.928509802046403 1.87289509210883 0.8706 -0.5572 -0.0812 0.8344 -0.0650000000000001 -1.0212 0.00879999999999999 -0.0582 0.5356 0.6742 0.9178 0.8616 0.823 -0.536 0.074 0.802 -0.055 -0.956 -0.076 -0.121 0.478 0.761 0.949 0.758 0.967 -0.634 0.156 0.908 -0.00499999999999998 -1.194 -0.054 -0.099 0.652 0.869 1.081 0.892
0.49 -0.55 -0.45 1.97 -2.14 -0.94 1.78 -1.75 2.06 0.0600000000000001 -0.0899999999999999 0.22 -0.21 0.11 0.92 -0.719096038786395 -0.0865737948256819 -0.85292045416674 0.8706 -1.0472 -0.5712 0.8344 -1.045 0.9388 0.00879999999999999 -0.0582 0.0456 -0.3058 -0.0622 0.3716 -1.147 1.154 0.564 -0.978 0.795 -1.216 -0.136 -0.031 -0.192 0.071 -0.061 -0.612 -1.003 0.956 0.546 -0.872 0.645 -1.054 -0.114 -0.00900000000000001 -0.118 -0.021 -0.129 -0.578
-0.51 -0.55 -0.45 0.97 -1.14 -1.94 0.78 -1.75 0.0600000000000001 2.06 -1.09 -0.78 -2.21 1.11 1.92 0.860763091111989 1.32313507720771 1.76975228509606 -0.5894 0.5828 0.8788 -0.4356 0.705 -0.1012 -1.0712 0.5418 0.3356 0.9242 -0.6822 -1.0584 -0.597 0.604 1.114 -0.428 0.795 -0.116 -1.236 0.519 0.358 1.171 -0.611 -1.162 -0.553 0.506 0.996 -0.422 0.645 -0.154 -1.014 0.441 0.332 0.879 -0.579 -1.028
-0.51 -0.55 -0.45 -2.03 -0.14 0.0600000000000001 1.78 -1.75 2.06 -0.94 1.91 -0.78 1.79 2.11 0.92 0.0165703784297974 0.903720506815057 0.698522099435305 0.9406 0.0728 -0.1412 -0.9456 0.705 -1.1212 0.4588 -0.9882 0.3356 -1.1158 -1.1922 -0.5484 1.053 0.054 0.014 -0.978 0.795 -1.216 0.414 -1.131 0.358 -1.029 -1.161 -0.612 0.797 0.056 0.096 -0.872 0.645 -1.054 0.336 -0.909 0.332 -0.921 -1.029 -0.578
-0.51 -0.55 -0.45 -0.0299999999999998 -2.14 1.06 -2.22 -1.75 -1.94 0.0600000000000001 -2.09 -1.78 -1.21 -0.89 -2.08 -0.903018556386483 -0.608950198625753 -1.35364317305652 -0.0794 1.0928 -0.6512 1.0944 0.705 0.9188 -0.0512 1.0518 0.8456 0.4142 0.3378 0.9816 -0.047 1.154 -0.536 1.222 0.795 0.984 -0.136 1.069 0.908 0.621 0.489 1.038 -0.103 0.956 -0.354 0.928 0.645 0.746 -0.114 0.891 0.782 0.429 0.321 0.772
-0.51 0.45 0.55 1.97 0.86 -1.94 0.78 0.25 -1.94 0.0600000000000001 -0.0899999999999999 0.22 0.79 -0.89 1.92 -0.193936726705571 -0.341089423121795 0.687529709589221 -1.0994 -0.4372 0.8788 -0.4356 -0.315 0.9188 -0.0512 0.0318 -0.1744 -0.6058 0.3378 -1.0584 0.823 0.364 -0.826 0.352 -0.055 -0.956 -0.076 -0.121 0.028 0.311 -0.401 0.758 0.967 0.466 -0.944 0.358 -0.00499999999999998 -1.194 -0.054 -0.099 0.102 0.319 -0.569 0.892
0.49 0.45 0.55 -1.03 0.86 0.0600000000000001 1.78 2.25 0.0600000000000001 2.06 -2.09 -1.78 0.79 -1.89 0.92 0.559879276599755 -0.151521771799694 0.826121485085704 -0.5994 0.4228 -0.0812 0.8344 0.915 -0.0412 0.9888 -1.0382 -0.9344 0.1842 -1.0422 0.3716 -0.527 0.364 0.074 0.802 0.845 -0.056 0.824 -1.021 -0.872 0.311 -0.851 0.308 -0.683 0.466 0.156 0.908 1.095 -0.094 1.046 -1.199 -0.998 0.319 -1.119 0.342
-0.51 0.45 -0.45 1.97 -2.14 0.0600000000000001 -2.22 1.25 -1.94 2.06 1.91 2.22 -1.21 -1.89 0.92 0.0516165954103226 0.566604900002099 1.59640516367732 -1.0994 1.0928 -0.1412 1.0944 -0.825 0.9188 -1.0712 -0.9882 -1.1944 0.4142 0.8478 -0.5484 0.823 -0.986 0.074 -0.998 0.395 -0.956 0.824 0.779 0.928 -0.589 -0.851 0.308 -1.003 0.956 0.096 0.928 -0.705 0.746 -1.014 -0.909 -1.018 0.429 0.771 -0.578
0.49 0.45 0.55 1.97 1.86 0.0600000000000001 1.78 2.25 -1.94 2.06 1.91 -1.78 0.79 1.11 1.92 0.248571187805077 1.87239403325013 2.17667699121965 0.8706 0.9128 -0.0812 0.8344 0.915 -1.0212 0.9888 0.9218 -0.9344 0.1842 0.4278 0.8616 0.823 0.814 0.074 0.802 0.845 -0.956 0.824 0.779 -0.872 0.311 0.499 0.758 0.967 1.016 0.156 0.908 1.095 -1.194 1.046 1.001 -0.998 0.319 0.531 0.892
-0.51 -0.55 -0.45 1.97 1.86 2.06 -2.22 -1.75 0.0600000000000001 1.06 1.91 2.22 1.79 1.11 1.92 2.60999774114068 2.91739374099531 2.23618295108388 -1.0994 -0.9472 -1.1612 1.0944 0.705 -0.1012 -0.5612 -0.9882 -1.1944 -1.1158 -0.6822 -1.0584 -1.147 -1.046 -1.086 1.222 0.795 -0.116 -0.686 -1.131 -1.292 -1.029 -0.611 -1.162 -1.003 -0.844 -0.804 0.928 0.645 -0.154 -0.564 -0.909 -1.018 -0.921 -0.579 -1.028
