-0.45 0.5 0.51 -0.32 -1.61 0.28 1.9 0.92 -2.15 -2.2 1.04 -2.04 -1.81 -2.14 -2 0.442781728841779 0.881360778830414 3.63938507047562 0.108 0.679 -0.212 -0.89 -0.518 0.885 0.84 -0.636 0.866 0.819 0.936 0.74 -0.01 -0.8 0.05 0.91 0.33 -1.12 -1.28 0.6 -1.03 -0.94 -1.12 -0.99 -0.0964 -0.7522 0.1356 0.968 0.4184 -1.273 -1.244 0.5908 -1.0508 -0.9862 -1.1528 -1.18
0.55 0.5 0.51 1.68 -1.61 -0.72 0.9 0.92 0.85 1.8 -0.96 1.96 0.19 0.86 -1 1.17704473387655 2.26240282195732 2.36246197174341 0.888 -0.931 -0.482 0.46 0.402 0.385 0.84 -0.696 1.026 0.109 0.446 -0.71 0.99 -0.8 -0.45 0.41 0.33 0.38 0.72 -0.4 0.97 0.06 0.38 -0.49 0.9236 -0.7522 -0.3744 0.458 0.4184 0.257 0.796 -0.4292 0.9892 0.0338 0.3772 -0.67
0.55 0.5 0.51 1.68 2.39 2.28 1.9 0.92 0.85 -1.2 0.04 -1.04 -0.81 1.86 2 1.04985105481471 2.52821460105638 1.5782969937562 0.888 1.269 1.168 1.01 0.402 0.385 -0.81 -0.146 -0.624 -0.441 0.996 0.94 0.99 1.2 1.05 0.91 0.33 0.38 -0.78 0.1 -0.53 -0.44 0.88 1.01 0.9236 1.2878 1.1556 0.968 0.4184 0.257 -0.734 0.0808 -0.5408 -0.4762 0.8872 0.86
0.55 0.5 -0.49 -2.32 2.39 0.28 -2.1 -1.08 -2.15 1.8 2.04 -1.04 2.19 -0.14 1 0.796640193473295 2.1825717350807 2.52234271978882 -1.312 1.269 0.068 -1.19 -0.698 -1.265 0.84 0.954 -0.624 1.209 -0.104 0.39 -1.01 1.2 0.05 -1.09 -0.67 -1.12 0.72 1.1 -0.53 1.06 -0.12 0.51 1.2036 -1.1022 -0.1444 1.028 0.4784 0.877 -1.004 -0.9392 0.4992 -1.1362 0.00720000000000001 -0.65
0.55 -0.5 -0.49 -0.32 -1.61 -0.72 -2.1 0.92 -2.15 1.8 2.04 -1.04 -0.81 -1.14 -2 0.71087317720632 0.904586499679256 1.56980591259172 -0.212 -0.931 -0.482 -1.19 0.402 -1.265 0.84 0.954 -0.624 -0.441 -0.654 -1.26 0.31 0.81 0.27 1.01 -0.59 1.03 -1.08 -0.94 0.51 0.37 0.52 1.01 0.2236 0.8578 0.3456 1.028 -0.5016 0.877 -1.004 -0.9392 0.4992 0.3338 0.4972 0.82
0.55 -0.5 0.51 0.68 -1.61 -1.72 -2.1 -0.0800000000000001 1.85 -0.2 2.04 -1.04 2.19 1.86 2 2.05307862151738 0.788618432404003 2.64132843283305 0.338 -0.931 -1.032 -1.19 -0.148 0.935 -0.26 0.954 -0.624 1.209 0.996 0.94 -0.19 0.81 0.77 1.01 -0.09 -0.97 -0.08 -0.94 0.51 -1.13 -0.98 -0.99 0.4136 -0.7522 -0.8844 -1.072 -0.0916 0.767 -0.224 1.1008 -0.5408 1.0538 0.8872 0.86
-0.45 0.5 -0.49 -1.32 2.39 -1.72 0.9 1.92 -0.15 -0.2 -1.96 1.96 1.19 1.86 -1 0.503568606646838 0.165297865567399 1.52594742234466 0.558 -1.121 0.688 -0.44 -0.968 -0.015 -0.06 0.714 -0.934 -0.531 -0.864 0.29 -0.51 1.2 -0.95 0.41 0.83 -0.12 -0.28 -0.9 0.97 0.56 0.88 -0.49 0.7136 -1.1022 0.8356 -0.442 -0.9916 -0.103 -0.024 1.0208 -0.9708 -0.6462 -0.9728 0.33
-0.45 0.5 0.51 -2.32 -0.61 -1.72 -1.1 -2.08 1.85 0.8 2.04 -1.04 2.19 0.86 -1 0.529080573338086 0.72350306291146 -1.46855970582876 1.008 0.229 0.688 0.46 0.832 -0.915 -0.51 -1.086 0.416 -0.981 -0.414 0.29 -1.01 -0.3 -0.95 -0.59 -1.17 0.88 0.22 1.1 -0.53 1.06 0.38 -0.49 -1.1164 -0.2422 -0.8844 -0.562 -1.1116 0.767 0.286 1.1008 -0.5408 1.0538 0.3772 -0.67
0.55 0.5 0.51 -2.32 2.39 2.28 0.9 0.92 0.85 1.8 2.04 1.96 0.19 -2.14 0 0.209637045056321 1.8937016062887 2.37729546061499 -1.312 1.269 1.168 0.46 0.402 0.385 0.84 0.954 1.026 0.109 -1.204 -0.16 -1.01 1.2 1.05 0.41 0.33 0.38 0.72 1.1 0.97 0.06 -1.12 0.01 -1.1164 1.2878 1.1556 0.458 0.4184 0.257 0.796 1.1008 0.9892 0.0338 -1.1528 -0.16
-0.45 -0.5 -0.49 -2.32 -1.61 -1.72 -0.1 -0.0800000000000001 -2.15 -2.2 0.04 -2.04 -1.81 -2.14 0 -0.687654240659291 -0.220939964276138 -0.319610987724844 1.008 0.679 0.688 0.01 -0.068 0.885 0.84 -0.186 0.866 0.819 0.936 -0.16 1.31 0.81 0.77 0.01 -0.09 1.03 0.92 0.06 1.01 0.87 1.02 0.01 1.2036 0.8578 0.8356 0.048 -0.0116 0.877 0.956 0.0408 0.9892 0.8238 0.9872 -0.16
-0.45 0.5 -0.49 1.68 -1.61 -1.72 -1.1 -0.0800000000000001 0.85 0.8 0.04 -2.04 -1.81 -0.14 -1 1.18734687203305 1.14390963833925 1.50451467024256 -0.792 0.679 0.688 0.46 -0.068 -0.465 -0.51 -0.186 0.866 0.819 0.036 0.29 0.99 -0.8 -0.95 -0.59 -0.17 0.38 0.22 0.1 -1.03 -0.94 -0.12 -0.49 -0.7564 0.8578 0.8356 0.538 -0.0116 -0.593 -0.514 0.0408 0.9892 0.8238 0.00720000000000001 0.33
-0.45 0.5 0.51 -0.32 -1.61 2.28 -0.1 -0.0800000000000001 -0.15 1.8 -0.96 -1.04 2.19 1.86 0 0.561973187882377 0.979567010490885 0.770768112989311 0.108 0.679 -1.112 0.01 -0.068 -0.015 -0.96 0.264 0.416 -0.981 -0.864 -0.16 -0.01 -0.8 1.05 -0.09 -0.17 -0.12 0.72 -0.4 -0.53 1.06 0.88 0.01 -0.0964 -0.7522 1.1556 -0.052 -0.0916 -0.253 0.796 -0.4292 -0.5408 1.0538 0.8872 -0.16
-0.45 -0.5 0.51 -0.32 0.39 -0.72 1.9 -1.08 1.85 0.8 1.04 -1.04 0.19 1.86 1 1.52649551664986 -1.6044358803817 2.77594160843651 0.108 -0.221 0.238 -0.89 0.382 -0.915 -0.51 -0.636 0.416 -0.081 -0.864 -0.61 0.31 -0.19 0.27 -0.99 0.41 -0.97 -0.58 -0.44 0.51 -0.13 -0.98 -0.49 -0.0964 0.2678 -0.3744 0.968 -0.6016 0.767 0.286 0.5908 -0.5408 0.0338 0.8872 0.35
-0.45 -0.5 -0.49 -1.32 0.39 -0.72 -0.1 0.92 -1.15 1.8 -1.96 0.96 2.19 -0.14 -1 -0.73023672902309 -1.57575236893683 -0.01798269906786 0.558 -0.221 0.238 0.01 -0.518 0.435 -0.96 0.714 -0.484 -0.981 0.036 0.29 0.81 -0.19 0.27 0.01 -0.59 0.53 -1.08 1.06 -0.49 -1.13 0.02 0.51 0.7136 -0.1222 0.3456 0.048 -0.5016 0.387 -1.004 1.0208 -0.4808 -1.1362 0.00720000000000001 0.33
-0.45 -0.5 -0.49 1.68 -0.61 2.28 -1.1 -2.08 -2.15 -2.2 0.04 -2.04 -1.81 -0.14 -1 3.27182907496371 2.90514159791757 2.56224784361884 -0.792 0.229 -1.112 0.46 0.832 0.885 0.84 -0.186 0.866 0.819 0.036 0.29 -0.69 0.31 -1.23 0.51 0.91 1.03 0.92 0.06 1.01 0.87 0.02 0.51 -0.7564 0.3678 -1.1244 0.538 0.9684 0.877 0.956 0.0408 0.9892 0.8238 0.00720000000000001 0.33
0.55 0.5 0.51 0.68 -1.61 -0.72 -2.1 1.92 0.85 -0.2 0.04 -0.04 -0.81 -2.14 1 2.89161693285312 2.08900873386213 1.09256147046489 0.338 -0.931 -0.482 -1.19 0.952 0.385 -0.26 -0.146 -0.074 -0.441 -1.204 0.39 0.49 -0.8 -0.45 -1.09 0.83 0.38 -0.28 0.1 -0.03 -0.44 -1.12 0.51 0.4136 -0.7522 -0.3744 -1.072 0.9284 0.257 -0.224 0.0808 -0.0308 -0.4762 -1.1528 0.35
-0.45 -0.5 0.51 -1.32 0.39 1.28 -2.1 -2.08 0.85 0.8 -1.96 -2.04 -0.81 -0.14 2 1.25835389278668 0.219207165591557 3.02624011081926 0.558 -0.221 -0.662 0.91 0.832 -0.465 -0.51 0.714 0.866 0.369 0.036 -1.06 0.81 -0.19 -0.73 1.01 0.91 -0.47 -0.58 1.06 1.01 0.37 0.02 -0.99 -0.6064 0.2678 0.6456 -1.072 -1.1116 0.257 0.286 -0.9392 -1.0508 -0.4762 -0.1328 0.86
0.55 -0.5 -0.49 1.68 2.39 0.28 0.9 0.92 -2.15 -0.2 0.04 1.96 -1.81 -0.14 1 -1.93756968865424 -2.02760516809678 -1.84644209549613 0.888 1.269 0.068 0.46 0.402 -1.265 -0.26 -0.146 1.026 -0.991 -0.104 0.39 -0.69 -1.19 -0.23 -0.49 -0.59 1.03 -0.08 0.06 -0.99 0.87 0.02 -0.49 -0.7564 -1.1022 -0.1444 -0.442 -0.5016 0.877 -0.024 0.0408 -0.9708 0.8238 0.00720000000000001 -0.65
-0.45 -0.5 -0.49 -2.32 -1.61 -1.72 -2.1 -2.08 -2.15 0.8 2.04 1.96 0.19 -0.14 -1 2.224089499494 0.650812018434972 3.62519267272099 1.008 0.679 0.688 0.91 0.832 0.885 -0.51 -1.086 -0.934 -0.081 0.036 0.29 1.31 0.81 0.77 1.01 0.91 1.03 -0.58 -0.94 -0.99 -0.13 0.02 0.51 1.2036 0.8578 0.8356 1.028 0.9684 0.877 -0.514 -0.9392 -0.9708 -0.1562 0.00720000000000001 0.33
-0.45 0.5 0.51 -2.32 2.39 -1.72 -0.1 -2.08 -2.15 0.8 -1.96 -2.04 -1.81 -0.14 -2 -0.0756439742031763 -0.306967416712298 1.1527705095836 1.008 -1.121 0.688 0.01 0.832 0.885 -0.51 0.714 0.866 0.819 0.036 0.74 -1.01 1.2 -0.95 -0.09 -1.17 -1.12 0.22 -0.9 -1.03 -0.94 -0.12 -0.99 -1.1164 1.2878 -0.8844 -0.052 -1.1116 -1.273 0.286 -0.9392 -1.0508 -0.9862 -0.1328 -1.18
0.55 0.5 -0.49 -2.32 2.39 -1.72 -2.1 0.92 -2.15 1.8 2.04 -0.04 1.19 -0.14 -2 -1.17442770346492 1.01584319240407 -1.42707482009123 -1.312 1.269 -1.032 -1.19 0.402 -1.265 0.84 0.954 -0.074 0.659 -0.104 -1.26 -1.01 1.2 -0.95 -1.09 0.33 -1.12 0.72 1.1 -0.03 0.56 -0.12 -0.99 1.2036 -1.1022 0.8356 1.028 -0.5016 0.877 -1.004 -0.9392 0.00919999999999997 -0.6462 0.00720000000000001 0.82
-0.45 -0.5 -0.49 0.68 2.39 -0.72 -2.1 0.92 -0.15 1.8 -0.96 1.96 2.19 0.86 2 0.982147636303975 1.25611424454508 0.370408744621638 -0.342 -1.121 0.238 0.91 -0.518 -0.015 -0.96 0.264 -0.934 -0.981 -0.414 -1.06 -0.19 -1.19 0.27 1.01 -0.59 0.03 -1.08 0.56 -0.99 -1.13 -0.48 -0.99 -0.2664 -1.1022 0.3456 1.028 -0.5016 -0.103 -1.004 0.5308 -0.9708 -1.1362 -0.4828 -1.14
-0.45 0.5 -0.49 1.68 -1.61 2.28 1.9 -0.0800000000000001 1.85 0.8 -1.96 1.96 1.19 0.86 2 -0.0757649808919512 1.34414918959038 2.00823452592123 -0.792 0.679 -1.112 -0.89 -0.068 -0.915 -0.51 0.714 -0.934 -0.531 -0.414 -1.06 0.99 -0.8 1.05 0.91 -0.17 0.88 0.22 -0.9 0.97 0.56 0.38 1.01 -0.7564 0.8578 -1.1244 -0.932 -0.0116 -1.083 -0.514 1.0208 -0.9708 -0.6462 -0.4828 -1.14
-0.45 -0.5 0.51 -2.32 -1.61 -1.72 -0.1 -0.0800000000000001 -0.15 -2.2 -1.96 -1.04 0.19 -2.14 -1 0.35869794372755 1.04189831034541 1.39397252233833 1.008 0.679 0.688 0.01 -0.068 -0.015 0.84 0.714 0.416 -0.081 0.936 0.29 1.31 0.81 0.77 0.01 -0.09 0.03 0.92 1.06 0.51 -0.13 1.02 0.51 -1.1164 -0.7522 -0.8844 -0.052 -0.0916 -0.253 -1.244 -0.9392 -0.5408 0.0338 -1.1528 -0.67
0.55 0.5 0.51 -2.32 0.39 2.28 -2.1 0.92 0.85 1.8 -0.96 1.96 -1.81 -0.14 2 2.68108936970502 3.68257927725644 5.07839283985782 -1.312 0.169 1.168 -1.19 0.402 0.385 0.84 -0.696 1.026 -0.991 -0.104 0.94 -1.01 0.2 1.05 -1.09 0.33 0.38 0.72 -0.4 0.97 -0.94 -0.12 1.01 -1.1164 0.2678 1.1556 -1.072 0.4184 0.257 0.796 -0.4292 0.9892 -0.9862 -0.1328 0.86
0.55 0.5 0.51 -2.32 -1.61 0.28 -2.1 -2.08 -0.15 0.8 -1.96 1.96 -0.81 -0.14 0 0.11071426898394 -1.35360304547577 0.20667235312133 -1.312 -0.931 0.068 -1.19 -1.248 -0.165 0.29 -1.246 1.026 -0.441 -0.104 -0.16 -1.01 -0.8 0.05 -1.09 -1.17 -0.12 0.22 -0.9 0.97 -0.44 -0.12 0.01 -1.1164 -0.7522 0.1356 -1.072 -1.1116 -0.253 0.286 -0.9392 0.9892 -0.4762 -0.1328 -0.16
-0.45 -0.5 -0.49 1.68 0.39 -1.72 -0.1 -2.08 0.85 -2.2 -1.96 -1.04 0.19 0.86 -1 0.751270539435979 0.548559054181939 0.218652595442569 -0.792 -0.221 0.688 0.01 0.832 -0.465 0.84 0.714 0.416 -0.081 -0.414 0.29 -0.69 -0.19 0.77 0.01 0.91 -0.47 0.92 1.06 0.51 -0.13 -0.48 0.51 -0.7564 -0.1222 0.8356 0.048 0.9684 -0.593 0.956 1.0208 0.4992 -0.1562 -0.4828 0.33
0.55 -0.5 -0.49 1.68 0.39 -0.72 1.9 0.92 -2.15 0.8 -0.96 -2.04 -0.81 0.86 2 3.1269475331966 1.07822999209153 0.990794243804813 0.888 0.169 -0.482 1.01 0.402 -1.265 0.29 -0.696 -1.174 -0.441 0.446 0.94 -0.69 -0.19 0.27 -0.99 -0.59 1.03 -0.58 0.56 1.01 0.37 -0.48 -0.99 -0.7564 -0.1222 0.3456 -0.932 -0.5016 0.877 -0.514 0.5308 0.9892 0.3338 -0.4828 -1.14
0.55 -0.5 -0.49 -0.32 -1.61 0.28 0.9 1.92 1.85 -1.2 1.04 1.96 1.19 -0.14 1 1.42336763701504 1.20428718789226 1.18922143176359 -0.212 -0.931 0.068 0.46 0.952 0.935 -0.81 0.404 1.026 0.659 -0.104 0.39 0.31 0.81 -0.23 -0.49 -1.09 -0.97 0.42 -0.44 -0.99 -0.63 0.02 -0.49 0.2236 0.8578 -0.1444 -0.442 -0.9916 -1.083 0.466 -0.4492 -0.9708 -0.6462 0.00720000000000001 -0.65
-0.45 0.5 0.51 -2.32 1.39 -1.72 -2.1 -2.08 1.85 -0.2 -1.96 0.96 0.19 0.86 -2 -1.19547895551407 0.0342932589637592 -0.563885782841987 1.008 -0.671 0.688 0.91 0.832 -0.915 -0.06 0.714 -0.484 -0.081 -0.414 0.74 -1.01 0.7 -0.95 -1.09 -1.17 0.88 -0.28 -0.9 0.47 0.06 0.38 -0.99 -1.1164 0.7778 -0.8844 -1.072 -1.1116 0.767 -0.224 -0.9392 0.4792 0.0338 0.3772 -1.18
-0.45 0.5 -0.49 -2.32 1.39 1.28 -2.1 0.92 -2.15 1.8 1.04 1.96 2.19 -0.14 -1 2.54241695910154 1.63918266729793 2.31338595331457 1.008 -0.671 -0.662 0.91 -0.518 0.885 -0.96 -0.636 -0.934 -0.981 0.036 0.29 -1.01 0.7 0.55 -1.09 0.33 -1.12 0.72 0.6 0.97 1.06 -0.12 -0.49 1.2036 -0.6122 -0.6344 1.028 -0.5016 0.877 -1.004 -0.4492 -0.9708 -1.1362 0.00720000000000001 0.33
0.55 -0.5 0.51 -2.32 0.39 2.28 -2.1 -2.08 -2.15 -2.2 1.04 -0.04 2.19 -2.14 -2 0.445748377434744 0.640420866997335 2.3680497760426 -1.312 0.169 1.168 -1.19 -1.248 -1.265 -1.36 0.404 -0.074 1.209 -1.204 -1.26 1.31 -0.19 -1.23 1.01 0.91 1.03 0.92 -0.44 0.01 -1.13 1.02 1.01 -1.1164 0.2678 1.1556 -1.072 -1.1116 -1.273 -1.244 0.5908 -0.0308 1.0538 -1.1528 -1.18
0.55 0.5 0.51 -1.32 -1.61 0.28 1.9 -1.08 -1.15 -1.2 -1.96 -1.04 -1.81 -1.14 1 2.10300344443791 1.0964306617018 0.326143079363632 -0.762 -0.931 0.068 1.01 -0.698 -0.715 -0.81 -1.246 -0.624 -0.991 -0.654 0.39 -0.51 -0.8 0.05 0.91 -0.67 -0.62 -0.78 -0.9 -0.53 -0.94 -0.62 0.51 -0.6064 -0.7522 0.1356 0.968 -0.6016 -0.763 -0.734 -0.9392 -0.5408 -0.9862 -0.6428 0.35
-0.45 0.5 0.51 0.68 -1.61 1.28 1.9 1.92 -0.15 1.8 1.04 1.96 2.19 1.86 2 0.602708132197344 1.47391729240963 2.28722815601204 -0.342 0.679 -0.662 -0.89 -0.968 -0.015 -0.96 -0.636 -0.934 -0.981 -0.864 -1.06 0.49 -0.8 0.55 0.91 0.83 -0.12 0.72 0.6 0.97 1.06 0.88 1.01 0.4136 -0.7522 0.6456 0.968 0.9284 -0.253 0.796 0.5908 0.9892 1.0538 0.8872 0.86
-0.45 0.5 0.51 -2.32 -1.61 2.28 -0.1 -2.08 0.85 0.8 -1.96 -1.04 1.19 -1.14 0 3.24859092281454 2.97254761242226 3.43713027697144 1.008 0.679 -1.112 0.01 0.832 -0.465 -0.51 0.714 0.416 -0.531 0.486 -0.16 -1.01 -0.8 1.05 -0.09 -1.17 0.38 0.22 -0.9 -0.53 0.56 -0.62 0.01 -1.1164 -0.7522 1.1556 -0.052 -1.1116 0.257 0.286 -0.9392 -0.5408 0.5438 -0.6428 -0.16
-0.45 -0.5 -0.49 -1.32 2.39 -0.72 -2.1 -2.08 -0.15 -1.2 -0.96 1.96 -1.81 -2.14 -2 -0.361106985474579 -0.762653121240744 1.03661614196592 0.558 -1.121 0.238 0.91 0.832 -0.015 0.39 0.264 -0.934 0.819 0.936 0.74 0.81 -1.19 0.27 1.01 0.91 0.03 0.42 0.56 -0.99 0.87 1.02 1.01 0.7136 -1.1022 0.3456 1.028 0.9684 -0.103 0.466 0.5308 -0.9708 0.8238 0.9872 0.82
0.55 0.5 -0.49 -2.32 1.39 1.28 -2.1 -2.08 -0.15 -1.2 -0.96 -2.04 -1.81 -1.14 -2 1.60772159969621 2.37015899006061 0.637180581177832 -1.312 0.719 0.618 -1.19 -1.248 -0.165 -0.81 -0.696 -1.174 -0.991 -0.654 -1.26 -1.01 0.7 0.55 -1.09 -1.17 -0.12 -0.78 -0.4 -1.03 -0.94 -0.62 -0.99 1.2036 -0.6122 -0.6344 1.028 0.9684 -0.103 0.466 0.5308 0.9892 0.8238 0.4972 0.82
0.55 0.5 0.51 0.68 -1.61 -0.72 0.9 -0.0800000000000001 0.85 0.8 1.04 -0.04 1.19 0.86 0 0.510252249042127 0.60795393612975 2.30069208670153 0.338 -0.931 -0.482 0.46 -0.148 0.385 0.29 0.404 -0.074 0.659 0.446 -0.16 0.49 -0.8 -0.45 0.41 -0.17 0.38 0.22 0.6 -0.03 0.56 0.38 0.01 0.4136 -0.7522 -0.3744 0.458 -0.0916 0.257 0.286 0.5908 -0.0308 0.5438 0.3772 -0.16
0.55 0.5 0.51 1.68 -1.61 -1.72 0.9 0.92 0.85 1.8 -0.96 -1.04 2.19 -1.14 2 -0.620313707186235 0.225697583044478 0.508684777837992 0.888 -0.931 -1.032 0.46 0.402 0.385 0.84 -0.696 -0.624 1.209 -0.654 0.94 0.99 -0.8 -0.95 0.41 0.33 0.38 0.72 -0.4 -0.53 1.06 -0.62 1.01 0.9236 -0.7522 -0.8844 0.458 0.4184 0.257 0.796 -0.4292 -0.5408 1.0538 -0.6428 0.86
-0.45 0.5 0.51 1.68 2.39 2.28 -1.1 0.92 1.85 -0.2 2.04 1.96 0.19 -0.14 1 1.46085941781466 0.602703586797998 0.607450263518787 -0.792 -1.121 -1.112 0.46 -0.518 -0.915 -0.06 -1.086 -0.934 -0.081 0.036 -0.61 0.99 1.2 1.05 -0.59 0.33 0.88 -0.28 1.1 0.97 0.06 -0.12 0.51 0.9236 1.2878 1.1556 -0.562 0.4184 0.767 -0.224 1.1008 0.9892 0.0338 -0.1328 0.35
0.55 -0.5 -0.49 -1.32 1.39 0.28 0.9 0.92 -1.15 -2.2 -1.96 -1.04 -0.81 -1.14 -2 0.983548676626292 -0.0190575098181334 1.24395156647679 -0.762 0.719 0.068 0.46 0.402 -0.715 -1.36 -1.246 -0.624 -0.441 -0.654 -1.26 0.81 -0.69 -0.23 -0.49 -0.59 0.53 0.92 1.06 0.51 0.37 0.52 1.01 0.7136 -0.6122 -0.1444 -0.442 -0.5016 0.387 0.956 1.0208 0.4992 0.3338 0.4972 0.82
0.55 0.5 0.51 -0.32 2.39 -1.72 1.9 -0.0800000000000001 1.85 1.8 -1.96 -0.04 0.19 1.86 2 1.90299896235455 1.46741931481272 2.42909059119505 -0.212 1.269 -1.032 1.01 -0.148 0.935 0.84 -1.246 -0.074 0.109 0.996 0.94 -0.01 1.2 -0.95 0.91 -0.17 0.88 0.72 -0.9 -0.03 0.06 0.88 1.01 -0.0964 1.2878 -0.8844 0.968 -0.0916 0.767 0.796 -0.9392 -0.0308 0.0338 0.8872 0.86
0.55 -0.5 0.51 1.68 0.39 0.28 1.9 -2.08 1.85 1.8 -1.96 1.96 -1.81 1.86 1 0.12750456162607 0.340388029390579 0.534803384709599 0.888 0.169 0.068 1.01 -1.248 0.935 0.84 -1.246 1.026 -0.991 0.996 0.39 -0.69 -0.19 -0.23 -0.99 0.91 -0.97 -1.08 1.06 -0.99 0.87 -0.98 -0.49 0.9236 0.2678 0.1356 0.968 -1.1116 0.767 0.796 -0.9392 0.9892 -0.9862 0.8872 0.35
0.55 0.5 0.51 1.68 -1.61 2.28 1.9 0.92 1.85 0.8 1.04 -0.04 -0.81 0.86 2 0.0631980113781638 2.59719647861642 1.62954243178281 0.888 -0.931 1.168 1.01 0.402 0.935 0.29 0.404 -0.074 -0.441 0.446 0.94 0.99 -0.8 1.05 0.91 0.33 0.88 0.22 0.6 -0.03 -0.44 0.38 1.01 0.9236 -0.7522 1.1556 0.968 0.4184 0.767 0.286 0.5908 -0.0308 -0.4762 0.3772 0.86
-0.45 0.5 -0.49 -2.32 -1.61 -1.72 -0.1 1.92 0.85 -2.2 -1.96 -2.04 -0.81 -1.14 0 -0.25094180530384 0.212802399846843 0.4806384906642 1.008 0.679 0.688 0.01 -0.968 -0.465 0.84 0.714 0.866 0.369 0.486 -0.16 -1.01 -0.8 -0.95 -0.09 0.83 0.38 -1.28 -0.9 -1.03 -0.44 -0.62 0.01 1.2036 0.8578 0.8356 0.048 -0.9916 -0.593 0.956 1.0208 0.9892 0.3338 0.4972 -0.16
0.55 0.5 -0.49 -0.32 1.39 2.28 1.9 -0.0800000000000001 -0.15 -1.2 0.04 0.96 -1.81 0.86 0 0.614358397815932 0.994716254737878 0.200583107663344 -0.212 0.719 1.168 1.01 -0.148 -0.165 -0.81 -0.146 0.476 -0.991 0.446 -0.16 -0.01 0.7 1.05 0.91 -0.17 -0.12 -0.78 0.1 0.47 -0.94 0.38 0.01 0.2236 -0.6122 -1.1244 -0.932 -0.0116 -0.103 0.466 0.0408 -0.4808 0.8238 -0.4828 -0.16
-0.45 -0.5 -0.49 1.68 2.39 -1.72 1.9 -0.0800000000000001 -2.15 -0.2 0.04 1.96 -1.81 0.86 -1 0.730473952490511 1.89709142425464 2.0650417875275 -0.792 -1.121 0.688 -0.89 -0.068 0.885 -0.06 -0.186 -0.934 0.819 -0.414 0.29 -0.69 -1.19 0.77 -0.99 -0.09 1.03 -0.08 0.06 -0.99 0.87 -0.48 0.51 -0.7564 -1.1022 0.8356 -0.932 -0.0116 0.877 -0.024 0.0408 -0.9708 0.8238 -0.4828 0.33
0.55 0.5 0.51 1.68 -1.61 1.28 1.9 1.92 1.85 1.8 0.04 -0.04 -1.81 -0.14 2 1.19215877368979 1.69468568443432 2.05566616912774 0.888 -0.931 0.618 1.01 0.952 0.935 0.84 -0.146 -0.074 -0.991 -0.104 0.94 0.99 -0.8 0.55 0.91 0.83 0.88 0.72 0.1 -0.03 -0.94 -0.12 1.01 0.9236 -0.7522 0.6456 0.968 0.9284 0.767 0.796 0.0808 -0.0308 -0.9862 -0.1328 0.86
-0.45 -0.5 -0.49 0.68 2.39 -1.72 1.9 -0.0800000000000001 -2.15 -2.2 -1.96 -2.04 -1.81 -1.14 -1 -1.15375529770595 -1.5930106618867 -1.61756874047874 -0.342 -1.121 0.688 -0.89 -0.068 0.885 0.84 0.714 0.866 0.819 0.486 0.29 -0.19 -1.19 0.77 -0.99 -0.09 1.03 0.92 1.06 1.01 0.87 0.52 0.51 -0.2664 -1.1022 0.8356 -0.932 -0.0116 0.877 0.956 1.0208 0.9892 0.8238 0.4972 0.33
0.55 0.5 0.51 1.68 0.39 -1.72 0.9 1.92 0.85 1.8 1.04 0.96 0.19 1.86 -1 2.08517300705218 1.65020992753164 1.23833413250791 0.888 0.169 -1.032 0.46 0.952 0.385 0.84 0.404 0.476 0.109 0.996 -0.71 0.99 0.2 -0.95 0.41 0.83 0.38 0.72 0.6 0.47 0.06 0.88 -0.49 0.9236 0.2678 -0.8844 0.458 0.9284 0.257 0.796 0.5908 0.4792 0.0338 0.8872 -0.67
0.55 -0.5 -0.49 1.68 0.39 -1.72 1.9 -0.0800000000000001 0.85 -1.2 -1.96 -1.04 1.19 0.86 0 -0.343266550927234 -0.915012539046995 2.22506497087056 0.888 0.169 -1.032 1.01 -0.148 0.385 -0.81 -1.246 -0.624 0.659 0.446 -0.16 -0.69 -0.19 0.77 -0.99 -0.09 -0.47 0.42 1.06 0.51 -0.63 -0.48 0.01 -0.7564 -0.1222 0.8356 -0.932 -0.0116 -0.593 0.466 1.0208 0.4992 -0.6462 -0.4828 -0.16
-0.45 -0.5 0.51 1.68 -0.61 -0.72 -2.1 -0.0800000000000001 -1.15 0.8 2.04 1.96 0.19 -2.14 0 1.42644147641992 2.25192529772686 2.17775115145512 -0.792 0.229 0.238 0.91 -0.068 0.435 -0.51 -1.086 -0.934 -0.081 0.936 -0.16 -0.69 0.31 0.27 1.01 -0.09 0.53 -0.58 -0.94 -0.99 -0.13 1.02 0.01 0.9236 -0.2422 -0.3744 -1.072 -0.0916 -0.763 0.286 1.1008 0.9892 0.0338 -1.1528 -0.16
-0.45 0.5 0.51 1.68 2.39 -1.72 -0.1 -0.0800000000000001 -1.15 1.8 2.04 -1.04 1.19 0.86 1 2.11489904359818 0.661139121111387 0.649090973973794 -0.792 -1.121 0.688 0.01 -0.068 0.435 -0.96 -1.086 0.416 -0.531 -0.414 -0.61 0.99 1.2 -0.95 -0.09 -0.17 -0.62 0.72 1.1 -0.53 0.56 0.38 0.51 0.9236 1.2878 -0.8844 -0.052 -0.0916 -0.763 0.796 1.1008 -0.5408 0.5438 0.3772 0.35
0.55 -0.5 -0.49 0.68 2.39 2.28 -2.1 0.92 1.85 1.8 2.04 1.96 -1.81 0.86 2 -0.187448446427111 0.130600280035664 0.260385026426693 0.338 1.269 1.168 -1.19 0.402 0.935 0.84 0.954 1.026 -0.991 0.446 0.94 -0.19 -1.19 -1.23 1.01 -0.59 -0.97 -1.08 -0.94 -0.99 0.87 -0.48 -0.99 -0.2664 -1.1022 -1.1244 1.028 -0.5016 -1.083 -1.004 -0.9392 -0.9708 0.8238 -0.4828 -1.14
-0.45 -0.5 -0.49 1.68 -1.61 1.28 1.9 0.92 -0.15 1.8 2.04 1.96 1.19 1.86 2 0.436659707699898 2.16291951218077 1.16806429291018 -0.792 0.679 -0.662 -0.89 -0.518 -0.015 -0.96 -1.086 -0.934 -0.531 -0.864 -1.06 -0.69 0.81 -0.73 -0.99 -0.59 0.03 -1.08 -0.94 -0.99 -0.63 -0.98 -0.99 -0.7564 0.8578 -0.6344 -0.932 -0.5016 -0.103 -1.004 -0.9392 -0.9708 -0.6462 -0.9728 -1.14
0.55 0.5 0.51 -2.32 1.39 1.28 -1.1 0.92 -0.15 1.8 1.04 1.96 2.19 -0.14 0 0.527899240483773 0.652635173632449 -0.297826756972445 -1.312 0.719 0.618 -0.64 0.402 -0.165 0.84 0.404 1.026 1.209 -0.104 -0.16 -1.01 0.7 0.55 -0.59 0.33 -0.12 0.72 0.6 0.97 1.06 -0.12 0.01 -1.1164 0.7778 0.6456 -0.562 0.4184 -0.253 0.796 0.5908 0.9892 1.0538 -0.1328 -0.16
0.55 0.5 0.51 -1.32 -0.61 1.28 -2.1 -2.08 -1.15 -1.2 0.04 -1.04 1.19 1.86 0 2.65228103810597 3.23247141778177 3.37951969502658 -0.762 -0.381 0.618 -1.19 -1.248 -0.715 -0.81 -0.146 -0.624 0.659 0.996 -0.16 -0.51 -0.3 0.55 -1.09 -1.17 -0.62 -0.78 0.1 -0.53 0.56 0.88 0.01 -0.6064 -0.2422 0.6456 -1.072 -1.1116 -0.763 -0.734 0.0808 -0.5408 0.5438 0.8872 -0.16
-0.45 -0.5 -0.49 1.68 -1.61 -1.72 1.9 -2.08 -0.15 0.8 -1.96 -2.04 0.19 -0.14 1 0.631193406915144 0.251743162744664 0.096723009960382 -0.792 0.679 0.688 -0.89 0.832 -0.015 -0.51 0.714 0.866 -0.081 0.036 -0.61 -0.69 0.81 0.77 -0.99 0.91 0.03 -0.58 1.06 1.01 -0.13 0.02 -0.49 -0.7564 0.8578 0.8356 -0.932 0.9684 -0.103 -0.514 1.0208 0.9892 -0.1562 0.00720000000000001 -0.65
0.55 0.5 0.51 1.68 -1.61 0.28 1.9 0.92 -2.15 1.8 -0.96 0.96 2.19 -0.14 -1 0.559725996506044 1.07281730192013 -0.0165988474638181 0.888 -0.931 0.068 1.01 0.402 -1.265 0.84 -0.696 0.476 1.209 -0.104 -0.71 0.99 -0.8 0.05 0.91 0.33 -1.12 0.72 -0.4 0.47 1.06 -0.12 -0.49 0.9236 -0.7522 0.1356 0.968 0.4184 -1.273 0.796 -0.4292 0.4792 1.0538 -0.1328 -0.67
-0.45 0.5 0.51 -1.32 0.39 2.28 0.9 -0.0800000000000001 1.85 -0.2 -0.96 -0.04 -0.81 1.86 2 0.17207882075988 0.841487663824824 -0.71630527263769 0.558 -0.221 -1.112 -0.44 -0.068 -0.915 -0.06 0.264 -0.034 0.369 -0.864 -1.06 -0.51 0.2 1.05 0.41 -0.17 0.88 -0.28 -0.4 -0.03 -0.44 0.88 1.01 -0.6064 0.2678 1.1556 0.458 -0.0916 0.767 -0.224 -0.4292 -0.0308 -0.4762 0.8872 0.86
-0.45 -0.5 -0.49 -2.32 0.39 1.28 -0.1 1.92 0.85 -1.2 0.04 -1.04 1.19 -1.14 -2 0.579901589214612 0.599821610811571 1.04396638975219 1.008 -0.221 -0.662 0.01 -0.968 -0.465 0.39 -0.186 0.416 -0.531 0.486 0.74 1.31 -0.19 -0.73 0.01 -1.09 -0.47 0.42 0.06 0.51 -0.63 0.52 1.01 1.2036 -0.1222 -0.6344 0.048 -0.9916 -0.593 0.466 0.0408 0.4992 -0.6462 0.4972 0.82
0.55 0.5 0.51 -0.32 -1.61 -1.72 -1.1 -2.08 -0.15 -0.2 -1.96 -0.04 1.19 -1.14 0 0.0565851473431476 1.15518133322493 0.637945261593724 -0.212 -0.931 -1.032 -0.64 -1.248 -0.165 -0.26 -1.246 -0.074 0.659 -0.654 -0.16 -0.01 -0.8 -0.95 -0.59 -1.17 -0.12 -0.28 -0.9 -0.03 0.56 -0.62 0.01 -0.0964 -0.7522 -0.8844 -0.562 -1.1116 -0.253 -0.224 -0.9392 -0.0308 0.5438 -0.6428 -0.16
-0.45 -0.5 -0.49 1.68 2.39 -1.72 1.9 0.92 1.85 1.8 1.04 0.96 2.19 1.86 0 0.857643599781186 0.314827682349146 1.99230779716057 -0.792 -1.121 0.688 -0.89 -0.518 -0.915 -0.96 -0.636 -0.484 -0.981 -0.864 -0.16 -0.69 -1.19 0.77 -0.99 -0.59 -0.97 -1.08 -0.44 -0.49 -1.13 -0.98 0.01 -0.7564 -1.1022 0.8356 -0.932 -0.5016 -1.083 -1.004 -0.4492 -0.4808 -1.1362 -0.9728 -0.16
-0.45 -0.5 -0.49 1.68 0.39 2.28 0.9 0.92 1.85 -1.2 2.04 -1.04 1.19 1.86 2 2.00524044000044 0.942477419007324 0.735053916932881 -0.792 -0.221 -1.112 -0.44 -0.518 -0.915 0.39 -1.086 0.416 -0.531 -0.864 -1.06 -0.69 -0.19 -1.23 -0.49 -0.59 -0.97 0.42 -0.94 0.51 -0.63 -0.98 -0.99 -0.7564 -0.1222 -1.1244 -0.442 -0.5016 -1.083 0.466 -0.9392 0.4992 -0.6462 -0.9728 -1.14
0.55 -0.5 0.51 -0.32 -1.61 -1.72 1.9 -0.0800000000000001 -0.15 -2.2 -1.96 -2.04 -0.81 -2.14 0 -0.548314378270298 -0.0236036333436393 0.10249604935746 -0.212 -0.931 -1.032 1.01 -0.148 -0.165 -1.36 -1.246 -1.174 -0.441 -1.204 -0.16 0.31 0.81 0.77 -0.99 -0.09 0.03 0.92 1.06 1.01 0.37 1.02 0.01 -0.0964 -0.7522 -0.8844 0.968 -0.0916 -0.253 -1.244 -0.9392 -1.0508 -0.4762 -1.1528 -0.16
0.55 -0.5 -0.49 -2.32 2.39 1.28 1.9 0.92 -0.15 1.8 2.04 1.96 1.19 0.86 2 0.860792542396081 0.953121064745067 2.15295424161181 -1.312 1.269 0.618 1.01 0.402 -0.165 0.84 0.954 1.026 0.659 0.446 0.94 1.31 -1.19 -0.73 -0.99 -0.59 0.03 -1.08 -0.94 -0.99 -0.63 -0.48 -0.99 1.2036 -1.1022 -0.6344 -0.932 -0.5016 -0.103 -1.004 -0.9392 -0.9708 -0.6462 -0.4828 -1.14
0.55 0.5 0.51 -0.32 -1.61 -1.72 -1.1 0.92 -0.15 -1.2 2.04 -1.04 -1.81 -1.14 0 0.101366311439665 0.0240647073506619 0.472403472940563 -0.212 -0.931 -1.032 -0.64 0.402 -0.165 -0.81 0.954 -0.624 -0.991 -0.654 -0.16 -0.01 -0.8 -0.95 -0.59 0.33 -0.12 -0.78 1.1 -0.53 -0.94 -0.62 0.01 -0.0964 -0.7522 -0.8844 -0.562 0.4184 -0.253 -0.734 1.1008 -0.5408 -0.9862 -0.6428 -0.16
-0.45 0.5 -0.49 1.68 -0.61 2.28 1.9 -0.0800000000000001 -2.15 -1.2 0.04 -1.04 -0.81 -1.14 0 -0.06783642507818 -0.359611936072969 0.479349223580528 -0.792 0.229 -1.112 -0.89 -0.068 0.885 0.39 -0.186 0.416 0.369 0.486 -0.16 0.99 -0.3 1.05 0.91 -0.17 -1.12 -0.78 0.1 -0.53 -0.44 -0.62 0.01 -0.7564 0.3678 -1.1244 -0.932 -0.0116 0.877 0.466 0.0408 0.4992 0.3338 0.4972 -0.16
-0.45 0.5 -0.49 0.68 -1.61 -0.72 0.9 1.92 1.85 0.8 1.04 -0.04 1.19 1.86 -2 0.448068025001972 0.784556876654251 0.926499012289422 -0.342 0.679 0.238 -0.44 -0.968 -0.915 -0.51 -0.636 -0.034 -0.531 -0.864 0.74 0.49 -0.8 -0.45 0.41 0.83 0.88 0.22 0.6 -0.03 0.56 0.88 -0.99 -0.2664 0.8578 0.3456 -0.442 -0.9916 -1.083 -0.514 -0.4492 0.00919999999999997 -0.6462 -0.9728 0.82
-0.45 -0.5 -0.49 1.68 -1.61 -1.72 1.9 0.92 0.85 0.8 2.04 -1.04 -1.81 -1.14 0 0.0637023590597635 0.387497635736835 0.260522311578017 -0.792 0.679 0.688 -0.89 -0.518 -0.465 -0.51 -1.086 0.416 0.819 0.486 -0.16 -0.69 0.81 0.77 -0.99 -0.59 -0.47 -0.58 -0.94 0.51 0.87 0.52 0.01 -0.7564 0.8578 0.8356 -0.932 -0.5016 -0.593 -0.514 -0.9392 0.4992 0.8238 0.4972 -0.16
-0.45 -0.5 -0.49 0.68 -1.61 -1.72 -2.1 -2.08 -1.15 -1.2 1.04 -2.04 0.19 -2.14 -2 0.83666861397742 0.0433046280482545 0.511102810206521 -0.342 0.679 0.688 0.91 0.832 0.435 0.39 -0.636 0.866 -0.081 0.936 0.74 -0.19 0.81 0.77 1.01 0.91 0.53 0.42 -0.44 1.01 -0.13 1.02 1.01 -0.2664 0.8578 0.8356 1.028 0.9684 0.387 0.466 -0.4492 0.9892 -0.1562 0.9872 0.82
-0.45 -0.5 -0.49 -2.32 -0.61 2.28 1.9 -0.0800000000000001 -0.15 -2.2 -1.96 1.96 2.19 -2.14 2 0.787710579167816 -0.199033369629648 1.43554193034414 1.008 0.229 -1.112 -0.89 -0.068 -0.015 0.84 0.714 -0.934 -0.981 0.936 -1.06 1.31 0.31 -1.23 -0.99 -0.09 0.03 0.92 1.06 -0.99 -1.13 1.02 -0.99 1.2036 0.3678 -1.1244 -0.932 -0.0116 -0.103 0.956 1.0208 -0.9708 -1.1362 0.9872 -1.14
0.55 -0.5 -0.49 1.68 2.39 -0.72 0.9 -2.08 1.85 0.8 2.04 1.96 2.19 -0.14 2 0.0201042926977136 0.194175225641102 1.0750005490418 0.888 1.269 -0.482 0.46 -1.248 0.935 0.29 0.954 1.026 1.209 -0.104 0.94 -0.69 -1.19 0.27 -0.49 0.91 -0.97 -0.58 -0.94 -0.99 -1.13 0.02 -0.99 -0.7564 -1.1022 0.3456 -0.442 0.9684 -1.083 -0.514 -0.9392 -0.9708 -1.1362 0.00720000000000001 -1.14
-0.45 -0.5 0.51 0.68 -1.61 -1.72 1.9 1.92 -1.15 1.8 1.04 1.96 2.19 1.86 2 0.537995036352989 2.43241238896628 1.99039870636687 -0.342 0.679 0.688 -0.89 -0.968 0.435 -0.96 -0.636 -0.934 -0.981 -0.864 -1.06 -0.19 0.81 0.77 -0.99 -1.09 0.53 -1.08 -0.44 -0.99 -1.13 -0.98 -0.99 0.4136 -0.7522 -0.8844 0.968 0.9284 -0.763 0.796 0.5908 0.9892 1.0538 0.8872 0.86
0.55 0.5 0.51 1.68 0.39 -0.72 1.9 1.92 1.85 1.8 2.04 -0.04 0.19 -0.14 2 1.11586618656291 1.16561210652226 1.58580846680066 0.888 0.169 -0.482 1.01 0.952 0.935 0.84 0.954 -0.074 0.109 -0.104 0.94 0.99 0.2 -0.45 0.91 0.83 0.88 0.72 1.1 -0.03 0.06 -0.12 1.01 0.9236 0.2678 -0.3744 0.968 0.9284 0.767 0.796 1.1008 -0.0308 0.0338 -0.1328 0.86
-0.45 0.5 0.51 -2.32 2.39 -1.72 -0.1 1.92 -2.15 -2.2 -1.96 0.96 -1.81 -2.14 -2 -0.555268815904337 -0.332199010551597 0.618210817758127 1.008 -1.121 0.688 0.01 -0.968 0.885 0.84 0.714 -0.484 0.819 0.936 0.74 -1.01 1.2 -0.95 -0.09 0.83 -1.12 -1.28 -0.9 0.47 -0.94 -1.12 -0.99 -1.1164 1.2878 -0.8844 -0.052 0.9284 -1.273 -1.244 -0.9392 0.4792 -0.9862 -1.1528 -1.18
-0.45 -0.5 -0.49 1.68 -1.61 1.28 -0.1 -0.0800000000000001 -1.15 -2.2 0.04 -2.04 -1.81 -1.14 -1 1.25315028291124 0.189252236497262 2.01037257856397 -0.792 0.679 -0.662 0.01 -0.068 0.435 0.84 -0.186 0.866 0.819 0.486 0.29 -0.69 0.81 -0.73 0.01 -0.09 0.53 0.92 0.06 1.01 0.87 0.52 0.51 -0.7564 0.8578 -0.6344 0.048 -0.0116 0.387 0.956 0.0408 0.9892 0.8238 0.4972 0.33
-0.45 0.5 0.51 -0.32 2.39 2.28 0.9 -2.08 -1.15 1.8 2.04 0.96 1.19 -0.14 1 0.493470618492298 -0.457206308764818 1.55762201743215 0.108 -1.121 -1.112 -0.44 0.832 0.435 -0.96 -1.086 -0.484 -0.531 0.036 -0.61 -0.01 1.2 1.05 0.41 -1.17 -0.62 0.72 1.1 0.47 0.56 -0.12 0.51 -0.0964 1.2878 1.1556 0.458 -1.1116 -0.763 0.796 1.1008 0.4792 0.5438 -0.1328 0.35
-0.45 -0.5 0.51 1.68 -0.61 -1.72 -2.1 1.92 1.85 -2.2 -1.96 1.96 1.19 1.86 1 0.204283762766319 1.27378009163683 0.291063683723908 -0.792 0.229 0.688 0.91 -0.968 -0.915 0.84 0.714 -0.934 -0.531 -0.864 -0.61 -0.69 0.31 0.77 1.01 -1.09 -0.97 0.92 1.06 -0.99 -0.63 -0.98 -0.49 0.9236 -0.2422 -0.8844 -1.072 0.9284 0.767 -1.244 -0.9392 0.9892 0.5438 0.8872 0.35
-0.45 -0.5 0.51 -0.32 -1.61 -1.72 -1.1 -0.0800000000000001 1.85 -2.2 0.04 -1.04 -0.81 1.86 0 1.58298393251151 1.6146445105077 2.21980494000603 0.108 0.679 0.688 0.46 -0.068 -0.915 0.84 -0.186 0.416 0.369 -0.864 -0.16 0.31 0.81 0.77 0.51 -0.09 -0.97 0.92 0.06 0.51 0.37 -0.98 0.01 -0.0964 -0.7522 -0.8844 -0.562 -0.0916 0.767 -1.244 0.0808 -0.5408 -0.4762 0.8872 -0.16
-0.45 -0.5 -0.49 1.68 -1.61 -1.72 0.9 -2.08 1.85 -1.2 -0.96 -0.04 0.19 -0.14 0 0.114641999206164 1.12811356046151 0.0558816555946384 -0.792 0.679 0.688 -0.44 0.832 -0.915 0.39 0.264 -0.034 -0.081 0.036 -0.16 -0.69 0.81 0.77 -0.49 0.91 -0.97 0.42 0.56 0.01 -0.13 0.02 0.01 -0.7564 0.8578 0.8356 -0.442 0.9684 -1.083 0.466 0.5308 0.00919999999999997 -0.1562 0.00720000000000001 -0.16
0.55 -0.5 -0.49 -0.32 0.39 -1.72 0.9 -2.08 0.85 1.8 2.04 1.96 -1.81 1.86 2 1.12911568409207 -0.168861516518133 0.974225593805989 -0.212 0.169 -1.032 0.46 -1.248 0.385 0.84 0.954 1.026 -0.991 0.996 0.94 0.31 -0.19 0.77 -0.49 0.91 -0.47 -1.08 -0.94 -0.99 0.87 -0.98 -0.99 0.2236 -0.1222 0.8356 -0.442 0.9684 -0.593 -1.004 -0.9392 -0.9708 0.8238 -0.9728 -1.14
-0.45 0.5 0.51 -1.32 0.39 -1.72 -2.1 0.92 -1.15 -2.2 -0.96 -2.04 -1.81 -2.14 -2 0.428002889866043 0.226549202371344 1.03620174234647 0.558 -0.221 0.688 0.91 -0.518 0.435 0.84 0.264 0.866 0.819 0.936 0.74 -0.51 0.2 -0.95 -1.09 0.33 -0.62 -1.28 -0.4 -1.03 -0.94 -1.12 -0.99 -0.6064 0.2678 -0.8844 -1.072 0.4184 -0.763 -1.244 -0.4292 -1.0508 -0.9862 -1.1528 -1.18
0.55 -0.5 0.51 0.68 2.39 2.28 -1.1 1.92 0.85 0.8 2.04 -1.04 -0.81 -1.14 1 1.33259376280772 1.64904099992415 1.4715304670345 0.338 1.269 1.168 -0.64 0.952 0.385 0.29 0.954 -0.624 -0.441 -0.654 0.39 -0.19 -1.19 -1.23 0.51 -1.09 -0.47 -0.58 -0.94 0.51 0.37 0.52 -0.49 0.4136 1.2878 1.1556 -0.562 0.9284 0.257 0.286 1.1008 -0.5408 -0.4762 -0.6428 0.35
-0.45 -0.5 -0.49 -1.32 -1.61 2.28 -2.1 -2.08 -2.15 -2.2 -1.96 1.96 -1.81 -1.14 -1 0.541714850477779 -0.405605655848902 -0.18564716991421 0.558 0.679 -1.112 0.91 0.832 0.885 0.84 0.714 -0.934 0.819 0.486 0.29 0.81 0.81 -1.23 1.01 0.91 1.03 0.92 1.06 -0.99 0.87 0.52 0.51 0.7136 0.8578 -1.1244 1.028 0.9684 0.877 0.956 1.0208 -0.9708 0.8238 0.4972 0.33
-0.45 0.5 0.51 -1.32 -1.61 2.28 -2.1 -1.08 1.85 -2.2 -1.96 -0.04 -1.81 -2.14 -2 1.52814882076644 1.12610500283938 2.16199315986364 0.558 0.679 -1.112 0.91 0.382 -0.915 0.84 0.714 -0.034 0.819 0.936 0.74 -0.51 -0.8 1.05 -1.09 -0.67 0.88 -1.28 -0.9 -0.03 -0.94 -1.12 -0.99 -0.6064 -0.7522 1.1556 -1.072 -0.6016 0.767 -1.244 -0.9392 -0.0308 -0.9862 -1.1528 -1.18
-0.45 -0.5 -0.49 1.68 -0.61 -1.72 -2.1 -1.08 -0.15 -0.2 -1.96 -0.04 0.19 -2.14 -2 1.3999480591901 -0.347555473631795 -0.610212012582215 -0.792 0.229 0.688 0.91 0.382 -0.015 -0.06 0.714 -0.034 -0.081 0.936 0.74 -0.69 0.31 0.77 1.01 0.41 0.03 -0.08 1.06 0.01 -0.13 1.02 1.01 -0.7564 0.3678 0.8356 1.028 0.4784 -0.103 -0.024 1.0208 0.00919999999999997 -0.1562 0.9872 0.82
0.55 0.5 0.51 1.68 -1.61 2.28 1.9 1.92 0.85 1.8 -1.96 -0.04 2.19 0.86 -1 0.768785019914823 1.23459423141561 2.13481568328033 0.888 -0.931 1.168 1.01 0.952 0.385 0.84 -1.246 -0.074 1.209 0.446 -0.71 0.99 -0.8 1.05 0.91 0.83 0.38 0.72 -0.9 -0.03 1.06 0.38 -0.49 0.9236 -0.7522 1.1556 0.968 0.9284 0.257 0.796 -0.9392 -0.0308 1.0538 0.3772 -0.67
-0.45 -0.5 -0.49 1.68 1.39 -0.72 1.9 -2.08 -0.15 0.8 0.04 -2.04 0.19 -0.14 -1 -0.432366643845771 -0.16017762152614 -0.472216510482829 -0.792 -0.671 0.238 -0.89 0.832 -0.015 -0.51 -0.186 0.866 -0.081 0.036 0.29 -0.69 -0.69 0.27 -0.99 0.91 0.03 -0.58 0.06 1.01 -0.13 0.02 0.51 -0.7564 -0.6122 0.3456 -0.932 0.9684 -0.103 -0.514 0.0408 0.9892 -0.1562 0.00720000000000001 0.33
-0.45 -0.5 -0.49 1.68 0.39 2.28 -2.1 1.92 -0.15 -2.2 -1.96 0.96 -0.81 0.86 -1 0.660562024704198 1.46306908747084 2.24221274551654 -0.792 -0.221 -1.112 0.91 -0.968 -0.015 0.84 0.714 -0.484 0.369 -0.414 0.29 -0.69 -0.19 -1.23 1.01 -1.09 0.03 0.92 1.06 -0.49 0.37 -0.48 0.51 -0.7564 -0.1222 -1.1244 1.028 -0.9916 -0.103 0.956 1.0208 -0.4808 0.3338 -0.4828 0.33
-0.45 0.5 -0.49 1.68 -0.61 2.28 1.9 1.92 -1.15 1.8 0.04 -0.04 -0.81 0.86 1 0.679376562667063 0.903036004174744 1.02758551726626 -0.792 0.229 -1.112 -0.89 -0.968 0.435 -0.96 -0.186 -0.034 0.369 -0.414 -0.61 0.99 -0.3 1.05 0.91 0.83 -0.62 0.72 0.1 -0.03 -0.44 0.38 0.51 -0.7564 0.3678 -1.1244 -0.932 -0.9916 0.387 -1.004 0.0408 0.00919999999999997 0.3338 -0.4828 -0.65
-0.45 -0.5 -0.49 -1.32 0.39 0.28 -2.1 -2.08 -2.15 -0.2 2.04 -2.04 -1.81 -0.14 -2 0.659462710747273 1.02420175442129 0.693612042788098 0.558 -0.221 -0.212 0.91 0.832 0.885 -0.06 -1.086 0.866 0.819 0.036 0.74 0.81 -0.19 -0.23 1.01 0.91 1.03 -0.08 -0.94 1.01 0.87 0.02 1.01 0.7136 -0.1222 -0.1444 1.028 0.9684 0.877 -0.024 -0.9392 0.9892 0.8238 0.00720000000000001 0.82
-0.45 0.5 0.51 -1.32 -1.61 -1.72 -1.1 0.92 -2.15 -2.2 -1.96 -1.04 -1.81 1.86 0 1.16105812249901 1.69839665192147 1.55279892678013 0.558 0.679 0.688 0.46 -0.518 0.885 0.84 0.714 0.416 0.819 -0.864 -0.16 -0.51 -0.8 -0.95 -0.59 0.33 -1.12 -1.28 -0.9 -0.53 -0.94 0.88 0.01 -0.6064 -0.7522 -0.8844 -0.562 0.4184 -1.273 -1.244 -0.9392 -0.5408 -0.9862 0.8872 -0.16
0.55 -0.5 -0.49 1.68 -1.61 1.28 -2.1 -2.08 1.85 -2.2 2.04 -1.04 -1.81 -2.14 -1 -0.827052400421317 -0.476472022314518 -1.23086371764704 0.888 -0.931 0.618 -1.19 -1.248 0.935 -1.36 0.954 -0.624 -0.991 -1.204 -0.71 -0.69 0.81 -0.73 1.01 0.91 -0.97 0.92 -0.94 0.51 0.87 1.02 0.51 -0.7564 0.8578 -0.6344 1.028 0.9684 -1.083 0.956 -0.9392 0.4992 0.8238 0.9872 0.33
0.55 -0.5 0.51 1.68 2.39 -0.72 1.9 -1.08 1.85 0.8 2.04 -0.04 0.19 1.86 1 0.552415289234388 1.55792526552152 1.12500215122603 0.888 1.269 -0.482 1.01 -0.698 0.935 0.29 0.954 -0.074 0.109 0.996 0.39 -0.69 -1.19 0.27 -0.99 0.41 -0.97 -0.58 -0.94 0.01 -0.13 -0.98 -0.49 0.9236 1.2878 -0.3744 0.968 -0.6016 0.767 0.286 1.1008 -0.0308 0.0338 0.8872 0.35
-0.45 0.5 -0.49 -0.32 1.39 -0.72 1.9 -2.08 1.85 0.8 -0.96 1.96 1.19 -0.14 -2 -0.601148347204866 1.04747131466027 1.02652572832973 0.108 -0.671 0.238 -0.89 0.832 -0.915 -0.51 0.264 -0.934 -0.531 0.036 0.74 -0.01 0.7 -0.45 0.91 -1.17 0.88 0.22 -0.4 0.97 0.56 -0.12 -0.99 0.2236 -0.6122 0.3456 -0.932 0.9684 -1.083 -0.514 0.5308 -0.9708 -0.6462 0.00720000000000001 0.82
0.55 -0.5 -0.49 -2.32 -1.61 2.28 -1.1 -0.0800000000000001 -0.15 -2.2 2.04 -1.04 0.19 -0.14 -1 0.122088297208433 0.505590487095683 0.407505303923035 -1.312 -0.931 1.168 -0.64 -0.148 -0.165 -1.36 0.954 -0.624 0.109 -0.104 -0.71 1.31 0.81 -1.23 0.51 -0.09 0.03 0.92 -0.94 0.51 -0.13 0.02 0.51 1.2036 0.8578 -1.1244 0.538 -0.0116 -0.103 0.956 -0.9392 0.4992 -0.1562 0.00720000000000001 0.33
0.55 -0.5 -0.49 1.68 -1.61 1.28 -2.1 1.92 -2.15 -0.2 2.04 -0.04 0.19 -0.14 -2 0.800079981038568 0.813304933972912 1.39604453505226 0.888 -0.931 0.618 -1.19 0.952 -1.265 -0.26 0.954 -0.074 0.109 -0.104 -1.26 -0.69 0.81 -0.73 1.01 -1.09 1.03 -0.08 -0.94 0.01 -0.13 0.02 1.01 -0.7564 0.8578 -0.6344 1.028 -0.9916 0.877 -0.024 -0.9392 0.00919999999999997 -0.1562 0.00720000000000001 0.82
0.55 0.5 0.51 1.68 2.39 -0.72 -0.1 1.92 1.85 0.8 0.04 0.96 1.19 1.86 2 0.528831670736618 0.539202763007252 0.0763332015310303 0.888 1.269 -0.482 -0.09 0.952 0.935 0.29 -0.146 0.476 0.659 0.996 0.94 0.99 1.2 -0.45 -0.09 0.83 0.88 0.22 0.1 0.47 0.56 0.88 1.01 0.9236 1.2878 -0.3744 -0.052 0.9284 0.767 0.286 0.0808 0.4792 0.5438 0.8872 0.86
0.55 0.5 -0.49 -0.32 -1.61 -1.72 -1.1 0.92 -2.15 -2.2 1.04 -2.04 -1.81 -0.14 -2 0.871287154377249 0.644468900991793 0.794793417268028 -0.212 -0.931 -1.032 -0.64 0.402 -1.265 -1.36 0.404 -1.174 -0.991 -0.104 -1.26 -0.01 -0.8 -0.95 -0.59 0.33 -1.12 -1.28 0.6 -1.03 -0.94 -0.12 -0.99 0.2236 0.8578 0.8356 0.538 -0.5016 0.877 0.956 -0.4492 0.9892 0.8238 0.00720000000000001 0.82
