0.44 -0.51 -0.53 -1.85 -0.0499999999999998 -2.02 -2.13 0.92 1.94 1.96 -2.07 -1.18 1.03 -1.14 -1.94 0.0126595256611414 0.473268496578005 0.498017313942102 0.9064 0.5628 0.3864
0.44 0.49 0.47 -1.85 1.95 -2.02 0.87 -2.08 -2.06 -2.04 -0.0699999999999998 -2.18 -1.97 -0.14 0.0600000000000001 -0.223667411628428 1.52214698032466 2.02915057270974 -0.0936 -0.0872 -0.9336
0.44 -0.51 0.47 -1.85 1.95 -2.02 -2.13 0.92 -0.0600000000000001 -2.04 -2.07 0.82 -0.97 -2.14 2.06 1.10081056975032 0.557898737510196 -0.559485916609216 0.8464 1.0728 -0.4936
0.44 0.49 0.47 -1.85 -2.05 -2.02 -2.13 0.92 -1.06 1.96 -2.07 1.82 -0.97 0.86 1.06 1.70632143156303 1.99567289012671 1.75679092904942 0.3764 0.4028 -0.4936
0.44 0.49 0.47 -1.85 1.95 1.98 -2.13 -2.08 -0.0600000000000001 0.96 -2.07 0.82 0.03 0.86 0.0600000000000001 0.0946131814860155 1.45972842580364 0.230726595860126 -0.0936 0.4028 -0.0536
-0.56 0.49 -0.53 2.15 -2.05 -2.02 -1.13 -1.08 -0.0600000000000001 0.96 1.93 1.82 0.03 1.86 2.06 1.81504749884308 2.19965411382917 0.22011295536514 -1.2136 0.8928 -0.0836
-0.56 -0.51 -0.53 2.15 -1.05 0.98 1.87 0.92 0.94 -2.04 -2.07 -0.18 -1.97 0.86 -1.94 -0.805659618607241 -0.418772901083391 0.684655504146314 0.9064 -0.4572 1.0364
0.44 -0.51 0.47 0.15 -2.05 -2.02 -1.13 1.92 -2.06 -2.04 0.93 -2.18 0.03 1.86 -1.94 0.0604427679763684 1.00595608395992 2.05656058902469 -1.0336 -0.9672 -0.0536
0.44 0.49 0.47 -1.85 0.95 -2.02 -2.13 -0.0800000000000001 -1.06 1.96 1.93 -0.18 1.03 0.86 -0.94 -0.290474973630805 1.26359305131435 1.47294199736528 -0.5636 0.4028 0.3864
0.44 -0.51 -0.53 -1.85 1.95 -1.02 -1.13 1.92 -0.0600000000000001 -0.04 1.93 -1.18 -1.97 0.86 1.06 -0.920825324599382 0.51995716644991 2.76904854645962 -0.6836 -0.4572 -0.9336
-0.56 -0.51 -0.53 -1.85 -2.05 1.98 -2.13 -2.08 -0.0600000000000001 -0.04 -1.07 -2.18 -1.97 -2.14 -1.94 -1.19239274767184 -1.67205005911244 -0.0201727754840593 0.9064 1.0728 1.0364
-0.56 -0.51 -0.53 2.15 -2.05 -1.02 0.87 -0.0800000000000001 -2.06 -0.04 -2.07 -2.18 -0.97 -2.14 -0.94 -0.0200215013071106 -0.347237729013166 -1.46360676725234 0.3764 1.0728 0.4764
0.44 0.49 0.47 -1.85 0.95 -0.02 0.87 1.92 1.94 1.96 1.93 -1.18 2.03 1.86 2.06 0.99774506996573 0.603280509635886 0.725398656322623 0.8464 0.8928 0.8264
0.44 0.49 0.47 2.15 1.95 1.98 1.87 1.92 1.94 -0.04 -0.0699999999999998 1.82 2.03 1.86 0.0600000000000001 2.03096711238116 1.6658703667689 0.762464121621759 -0.0936 0.8928 0.8264
0.44 0.49 0.47 2.15 -1.05 1.98 1.87 -1.08 1.94 -0.04 0.93 -1.18 -0.97 -1.14 1.06 0.266469936088543 3.32929616083268 3.03109163643918 0.3764 -0.5772 -0.4936
-0.56 -0.51 -0.53 -0.85 -2.05 1.98 -0.13 1.92 -1.06 -1.04 0.93 1.82 2.03 -0.14 0.0600000000000001 0.479268089015634 1.17553116123142 3.26022724408037 -0.1536 0.0528 -1.2036
-0.56 -0.51 -0.53 2.15 -2.05 -0.02 -2.13 -0.0800000000000001 0.94 -2.04 -2.07 1.82 1.03 -1.14 1.06 -0.0665513968825554 0.762045457599782 1.70585034454569 -0.6836 0.5628 -0.6436
0.44 0.49 0.47 0.15 -0.0499999999999998 1.98 -2.13 0.92 -2.06 0.96 1.93 -1.18 2.03 0.86 2.06 -0.636961518773145 -0.547520272502733 -1.10804679759208 0.8464 0.4028 0.8264
0.44 0.49 0.47 -1.85 0.95 -2.02 -1.13 -2.08 -2.06 0.96 -2.07 -1.18 0.03 -0.14 1.06 1.91735262501658 0.305744628177276 1.24008418183179 0.3764 -0.0872 -0.0536
-0.56 -0.51 0.47 0.15 -0.0499999999999998 -1.02 1.87 1.92 -0.0600000000000001 -0.04 1.93 1.82 1.03 1.86 2.06 -0.701268142873046 2.42271776712111 1.79415928580244 0.8464 -0.9672 -0.6436
0.44 -0.51 0.47 2.15 -0.0499999999999998 1.98 -2.13 1.92 0.94 -0.04 -2.07 0.82 1.03 -0.14 1.06 0.565882273469133 1.9934359864006 2.27313724809588 0.3764 0.0528 0.3864
0.44 0.49 0.47 -1.85 -1.05 1.98 -2.13 0.92 -1.06 -1.04 1.93 -0.18 1.03 -0.14 2.06 -0.635940687797555 0.62156351274323 1.95539978723828 0.8464 -0.0872 0.3864
0.44 0.49 -0.53 -1.85 1.95 -2.02 -1.13 1.92 -2.06 -2.04 -1.07 -0.18 0.03 0.86 -0.94 0.256930642959856 0.67651518459361 0.345887622530496 0.3764 0.4028 -0.0536
0.44 0.49 0.47 -1.85 1.95 0.98 -2.13 -2.08 0.94 -2.04 -1.07 -0.18 0.03 1.86 0.0600000000000001 0.849065612714133 3.25262492660393 1.60648465576885 -0.0936 0.8928 -0.0536
-0.56 -0.51 -0.53 -1.85 -2.05 -2.02 -0.13 1.92 -0.0600000000000001 -2.04 -0.0699999999999998 0.82 2.03 1.86 2.06 0.65980294538047 0.959716913342341 2.87290652180898 -1.2136 -0.9672 -1.2036
0.44 0.49 0.47 2.15 1.95 -2.02 1.87 -2.08 1.94 -0.04 1.93 -0.18 -0.97 1.86 0.0600000000000001 0.90908112743016 2.20069440961112 2.4101815754304 -0.0936 0.8928 -0.4936
0.44 0.49 0.47 1.15 0.95 -1.02 1.87 -2.08 0.94 -0.04 1.93 -1.18 2.03 0.86 -1.94 0.22145081725335 2.29656481989854 1.87281893762658 -1.0336 0.4028 0.8264
0.44 0.49 0.47 -1.85 -2.05 1.98 1.87 -0.0800000000000001 -1.06 -2.04 1.93 0.82 2.03 -1.14 2.06 1.38874297190887 2.02235847573585 0.758353224534074 0.8464 -0.5772 0.8264
-0.56 0.49 0.47 1.15 1.95 -1.02 -2.13 -1.08 -2.06 -0.04 -2.07 -0.18 2.03 -2.14 0.0600000000000001 1.31489688018279 1.03843628510384 1.44613687737999 -0.0936 -1.0672 -1.2036
-0.56 -0.51 -0.53 1.15 1.95 -0.02 1.87 -0.0800000000000001 1.94 1.96 0.93 -1.18 -1.97 -0.14 0.0600000000000001 1.23963942348596 0.345198230224468 1.92737560697786 -0.1536 0.0528 1.0364
0.44 -0.51 -0.53 -1.85 1.95 0.98 1.87 1.92 -0.0600000000000001 1.96 1.93 0.82 2.03 1.86 1.06 -0.755891126573423 -0.0836923220752278 -0.119107182109829 -0.6836 -0.9672 0.8264
0.44 0.49 0.47 -1.85 -0.0499999999999998 -1.02 0.87 -1.08 0.94 1.96 1.93 0.82 0.03 1.86 2.06 -0.525170411117311 1.3477195730313 0.874197807831836 0.8464 0.8928 -0.0536
0.44 0.49 0.47 -1.85 -0.0499999999999998 -1.02 1.87 1.92 1.94 1.96 1.93 -1.18 -0.97 0.86 1.06 0.480053400467445 0.808963740276037 -0.390764206702242 0.3764 0.4028 -0.4936
-0.56 -0.51 -0.53 -1.85 -2.05 1.98 -2.13 -2.08 1.94 -2.04 1.93 1.82 -0.97 -2.14 -0.94 -0.225575310401858 0.450302023413643 0.672725785887754 0.3764 1.0728 0.4764
0.44 -0.51 -0.53 1.15 -2.05 1.98 1.87 0.92 1.94 1.96 0.93 -0.18 2.03 1.86 0.0600000000000001 0.39014060470903 1.49629135735333 -0.0229839405913779 -0.1536 -0.9672 0.8264
0.44 0.49 0.47 2.15 1.95 -0.02 -2.13 -0.0800000000000001 1.94 -1.04 1.93 -0.18 -1.97 0.86 1.06 0.342143234003779 0.745629437532683 0.325021940476857 0.3764 0.4028 -0.9336
-0.56 -0.51 -0.53 2.15 1.95 1.98 -0.13 -2.08 -2.06 0.96 -0.0699999999999998 0.82 -1.97 -0.14 -0.94 1.88264526424154 1.3434255020873 2.88002517401491 0.3764 0.0528 1.0364
0.44 0.49 0.47 2.15 1.95 -0.02 -2.13 -2.08 -2.06 -1.04 0.93 1.82 1.03 0.86 -0.94 2.27546618113949 1.15729100282049 1.63204066618177 -0.5636 0.4028 0.3864
0.44 0.49 0.47 2.15 1.95 -2.02 1.87 1.92 1.94 -2.04 -0.0699999999999998 -0.18 1.03 -2.14 -0.94 0.438758279522053 0.555581890404118 1.46766825554131 -0.5636 -1.0672 0.3864
-0.56 0.49 0.47 0.15 0.95 1.98 0.87 1.92 -2.06 -1.04 -0.0699999999999998 0.82 1.03 1.86 -0.94 1.63574946074002 -0.0178683661790831 2.16504840929685 -0.5636 0.8928 -0.6436
-0.56 -0.51 -0.53 -1.85 -0.0499999999999998 -1.02 1.87 -1.08 -2.06 -0.04 -2.07 0.82 -0.97 -0.14 -1.94 0.411605676832314 0.71051182710788 0.902225090154738 0.9064 0.0528 0.4764
0.44 0.49 0.47 -1.85 -0.0499999999999998 -1.02 -2.13 1.92 0.94 -0.04 0.93 1.82 -0.97 -1.14 2.06 1.28735736273821 2.18851432700726 3.24517718973136 0.8464 -0.5772 -0.4936
0.44 0.49 0.47 0.15 -0.0499999999999998 0.98 0.87 -2.08 -0.0600000000000001 -1.04 -2.07 1.82 2.03 1.86 -0.94 0.210414062196397 1.01255428417707 -0.395398927945955 -0.5636 0.8928 0.8264
-0.56 -0.51 0.47 -1.85 -2.05 -2.02 -0.13 -2.08 0.94 -0.04 0.93 -2.18 -1.97 -1.14 -1.94 -0.910402103044767 0.720218592267114 -0.170080329388841 -1.0336 0.5628 1.0364
0.44 -0.51 0.47 0.15 -0.0499999999999998 1.98 -0.13 0.92 0.94 -1.04 1.93 -2.18 -1.97 1.86 -0.94 1.46993841506346 1.01185991008571 0.917501529061619 -0.5636 -0.9672 -0.9336
-0.56 -0.51 -0.53 -1.85 -1.05 -2.02 -0.13 -0.0800000000000001 0.94 0.96 1.93 0.82 0.03 0.86 1.06 0.399896607238037 1.65462358134885 0.94580123451834 -0.6836 -0.4572 -0.0836
-0.56 0.49 0.47 2.15 -2.05 -2.02 0.87 -1.08 0.94 1.96 0.93 1.82 0.03 1.86 -0.94 2.37191642526261 1.57849062895485 -0.249452603256462 -0.5636 0.8928 -0.0836
0.44 0.49 0.47 1.15 1.95 1.98 1.87 -2.08 -2.06 -2.04 0.93 -2.18 -1.97 -2.14 0.0600000000000001 0.865461808986901 1.63341321940633 1.09179302355275 -0.0936 -1.0672 -0.9336
0.44 0.49 -0.53 -1.85 1.95 -2.02 -2.13 -2.08 -1.06 -2.04 1.93 0.82 0.03 -2.14 -1.94 0.775865368227692 0.741556980851524 0.705402886143511 0.9064 -1.0672 -0.0536
0.44 0.49 0.47 -1.85 -2.05 -1.02 1.87 1.92 1.94 -0.04 -2.07 1.82 1.03 -1.14 1.06 0.890591366551943 1.50425855782931 2.4225242983113 0.3764 -0.5772 0.3864
-0.56 -0.51 -0.53 2.15 0.95 0.98 0.87 1.92 -2.06 1.96 1.93 0.82 2.03 1.86 0.0600000000000001 1.37843679277644 0.532699804913279 -0.307136168351372 -0.1536 -0.9672 -1.2036
0.44 -0.51 -0.53 -0.85 -2.05 -2.02 -0.13 1.92 -0.0600000000000001 1.96 -2.07 -2.18 -1.97 -0.14 0.0600000000000001 0.709237874982026 0.68536124851012 2.28782939101298 -0.1536 0.0528 -0.9336
0.44 0.49 0.47 -1.85 -2.05 -2.02 -1.13 -0.0800000000000001 -2.06 1.96 -0.0699999999999998 0.82 0.03 0.86 -0.94 1.52371206606028 2.07051261394962 1.95196484017059 -0.5636 0.4028 -0.0536
-0.56 -0.51 -0.53 -0.85 1.95 1.98 -2.13 -2.08 -2.06 0.96 0.93 1.82 2.03 1.86 2.06 2.39114152412051 1.73690368844646 1.5330488593497 -1.2136 -0.9672 -1.2036
-0.56 -0.51 -0.53 -0.85 -1.05 -0.02 1.87 1.92 1.94 0.96 1.93 -1.18 0.03 0.86 0.0600000000000001 -0.697694460359757 0.211647023252183 -0.994053663746327 -0.1536 -0.4572 -0.0836
0.44 0.49 0.47 -1.85 0.95 -2.02 -2.13 -1.08 1.94 1.96 -1.07 -2.18 -1.97 1.86 2.06 1.04660574901477 1.20002672526192 2.12681897020236 0.8464 0.8928 -0.9336
0.44 0.49 0.47 2.15 -1.05 -1.02 1.87 -2.08 -1.06 1.96 0.93 1.82 0.03 -0.14 2.06 1.85965940213833 1.8628247908581 2.64701756530202 0.8464 -0.0872 -0.0536
-0.56 0.49 0.47 -0.85 1.95 -2.02 -1.13 1.92 1.94 1.96 1.93 -1.18 -1.97 -1.14 0.0600000000000001 -0.915328024517549 -0.570893003611026 0.84847782209495 -0.0936 -0.5772 1.0364
0.44 0.49 0.47 -1.85 -2.05 1.98 -1.13 -0.0800000000000001 0.94 0.96 -1.07 1.82 1.03 -1.14 -0.94 0.423105124350236 0.542040170578438 0.907482195049418 -0.5636 -0.5772 0.3864
0.44 0.49 0.47 2.15 0.95 -0.02 1.87 1.92 1.94 0.96 -2.07 -2.18 -1.97 -1.14 0.0600000000000001 0.836433030331832 1.41073559838707 -0.547354362157688 -0.0936 -0.5772 -0.9336
-0.56 -0.51 0.47 -0.85 -1.05 0.98 -2.13 1.92 -1.06 -0.04 1.93 -1.18 -1.97 -2.14 -1.94 1.25572415228358 1.03801357835995 0.0517093851915225 -1.0336 1.0728 1.0364
-0.56 -0.51 -0.53 2.15 1.95 1.98 -1.13 1.92 -1.06 -0.04 1.93 -1.18 2.03 1.86 2.06 1.23276176585414 0.0548238198352173 2.0450766325907 -1.2136 -0.9672 -1.2036
-0.56 0.49 -0.53 2.15 -2.05 0.98 0.87 1.92 -1.06 0.96 -0.0699999999999998 -2.18 -1.97 -1.14 -1.94 -0.482015824669048 1.31267567834455 -1.15572575614322 0.9064 -0.5772 1.0364
-0.56 -0.51 0.47 0.15 -1.05 -0.02 -1.13 -1.08 1.94 1.96 0.93 -0.18 2.03 1.86 2.06 1.52112644805867 0.374980716450404 2.21471126355911 0.8464 -0.9672 -1.2036
0.44 0.49 0.47 2.15 1.95 1.98 -1.13 -0.0800000000000001 1.94 -0.04 -0.0699999999999998 0.82 2.03 -2.14 2.06 0.957930789422382 -0.468162047797976 3.00777891415015 0.8464 -1.0672 0.8264
-0.56 -0.51 -0.53 2.15 -2.05 -2.02 -0.13 0.92 -2.06 -2.04 -2.07 -0.18 0.03 -1.14 -1.94 0.901821749653033 1.26423572592499 1.32758522532827 0.9064 0.5628 -0.0836
-0.56 -0.51 -0.53 -1.85 -2.05 1.98 1.87 -0.0800000000000001 -1.06 -0.04 1.93 -0.18 -1.97 -0.14 0.0600000000000001 1.13096937476174 0.220915892006759 1.21025768439931 -0.1536 0.0528 1.0364
-0.56 0.49 0.47 1.15 -0.0499999999999998 -0.02 1.87 -2.08 0.94 -1.04 1.93 -0.18 -0.97 -2.14 0.0600000000000001 1.33806254871848 1.11672849736442 0.13106231896083 -0.0936 -1.0672 0.4764
0.44 -0.51 -0.53 1.15 0.95 -2.02 1.87 -2.08 -0.0600000000000001 1.96 -2.07 -0.18 -0.97 -0.14 0.0600000000000001 1.03569695613391 0.349891719055705 1.59663175513086 -0.1536 0.0528 -0.4936
-0.56 0.49 -0.53 -1.85 -2.05 -2.02 0.87 -2.08 0.94 -1.04 1.93 1.82 0.03 1.86 1.06 1.02769437840992 0.563903759560338 0.843906203620923 -0.6836 0.8928 -0.0836
0.44 0.49 0.47 -1.85 1.95 -2.02 -2.13 -2.08 -2.06 0.96 -2.07 -2.18 -1.97 -2.14 0.0600000000000001 0.250981048556471 -0.800800037828562 0.0941236608711634 -0.0936 -1.0672 -0.9336
-0.56 0.49 -0.53 0.15 1.95 -0.02 1.87 1.92 1.94 1.96 -1.07 0.82 -0.97 0.86 2.06 1.212109122598 0.878010770392212 1.04932425221977 -1.2136 0.4028 0.4764
-0.56 0.49 -0.53 -0.85 -1.05 -2.02 1.87 -2.08 -1.06 -2.04 -2.07 -0.18 -1.97 -2.14 -1.94 0.749469627149585 0.817833860141393 1.68409447924797 0.9064 -1.0672 1.0364
-0.56 -0.51 -0.53 -1.85 -2.05 1.98 0.87 -1.08 1.94 0.96 1.93 1.82 2.03 1.86 2.06 0.699355988713968 1.50635219303876 2.08013761315282 -1.2136 -0.9672 -1.2036
0.44 -0.51 -0.53 2.15 -0.0499999999999998 -0.02 -1.13 -0.0800000000000001 -2.06 -2.04 -1.07 -0.18 1.03 -2.14 -1.94 0.592015713767564 0.576846553558658 1.60552780370375 0.9064 1.0728 0.3864
-0.56 -0.51 -0.53 0.15 -2.05 1.98 1.87 -0.0800000000000001 1.94 -1.04 -0.0699999999999998 -1.18 2.03 -0.14 2.06 0.728472559921871 0.730337388700541 1.06458027752875 -1.2136 0.0528 -1.2036
0.44 0.49 0.47 2.15 1.95 1.98 1.87 -0.0800000000000001 0.94 1.96 -2.07 1.82 2.03 1.86 1.06 1.22086758403382 1.98928277136663 2.70650853710567 0.3764 0.8928 0.8264
0.44 0.49 0.47 -1.85 1.95 -0.02 1.87 1.92 -1.06 1.96 0.93 -1.18 2.03 1.86 -0.94 1.73990522445787 1.97199848024707 1.63423932647772 -0.5636 0.8928 0.8264
0.44 -0.51 -0.53 -1.85 1.95 -1.02 -2.13 -2.08 -2.06 0.96 -2.07 1.82 2.03 -0.14 -0.94 0.913934095426944 0.839504079999072 1.31486595059295 0.3764 0.0528 0.8264
0.44 -0.51 -0.53 0.15 -2.05 0.98 0.87 0.92 0.94 1.96 -1.07 -1.18 -1.97 -1.14 -1.94 0.643559451434945 -0.201050576581303 0.157834469637084 0.9064 0.5628 -0.9336
-0.56 -0.51 -0.53 0.15 -0.0499999999999998 1.98 -1.13 -2.08 -2.06 -2.04 -1.07 -1.18 -1.97 -0.14 -1.94 -0.456114931293683 -0.806467921046674 -1.28310210989143 0.9064 0.0528 1.0364
0.44 0.49 0.47 0.15 -2.05 -2.02 0.87 -1.08 1.94 -2.04 -2.07 -2.18 -1.97 -2.14 -1.94 1.26601676177985 0.874446507377629 1.67252757956159 -1.0336 -1.0672 -0.9336
-0.56 -0.51 -0.53 2.15 1.95 -0.02 0.87 1.92 1.94 -2.04 -2.07 1.82 -0.97 -0.14 1.06 0.0501268041480771 0.979047395339506 1.15785368455694 -0.6836 0.0528 0.4764
-0.56 0.49 -0.53 1.15 -0.0499999999999998 -0.02 -2.13 -1.08 0.94 -1.04 0.93 -2.18 2.03 0.86 -0.94 -0.553946908299602 -1.546593622303 -2.5157764813561 0.3764 0.4028 -1.2036
-0.56 0.49 0.47 2.15 0.95 -2.02 -0.13 1.92 -0.0600000000000001 1.96 -2.07 0.82 -1.97 -1.14 0.0600000000000001 0.91013939712079 1.16288152365133 1.10208776966316 -0.0936 -0.5772 1.0364
-0.56 -0.51 -0.53 0.15 -2.05 -2.02 0.87 -1.08 1.94 0.96 -1.07 1.82 1.03 0.86 0.0600000000000001 0.570663355740311 1.00758208873778 1.41197117930694 -0.1536 -0.4572 -0.6436
0.44 -0.51 -0.53 -1.85 -0.0499999999999998 0.98 -0.13 -0.0800000000000001 -2.06 -0.04 -0.0699999999999998 -1.18 -1.97 -2.14 -1.94 0.414647284248048 0.770748567536664 1.81984688030558 0.9064 1.0728 -0.9336
0.44 -0.51 -0.53 0.15 -2.05 0.98 -0.13 1.92 1.94 -1.04 0.93 1.82 2.03 0.86 0.0600000000000001 0.72211831643813 1.07553340971194 1.32141156375732 -0.1536 -0.4572 0.8264
-0.56 -0.51 -0.53 2.15 1.95 -1.02 1.87 0.92 0.94 -0.04 1.93 -1.18 2.03 -0.14 2.06 0.539409727589298 0.357174157402564 0.288324746731104 -1.2136 0.0528 -1.2036
-0.56 -0.51 -0.53 2.15 -2.05 -0.02 0.87 -0.0800000000000001 -1.06 -1.04 -2.07 -0.18 1.03 -2.14 -1.94 -0.421062843845529 -0.432386567668629 -0.330172940745758 0.9064 1.0728 -0.6436
-0.56 0.49 0.47 0.15 1.95 1.98 0.87 1.92 -1.06 -0.04 0.93 0.82 -1.97 0.86 -0.94 0.0559157705600459 0.447367745450049 0.933749835539228 -0.5636 0.4028 1.0364
0.44 -0.51 -0.53 -1.85 1.95 1.98 -2.13 1.92 -0.0600000000000001 -2.04 -0.0699999999999998 -2.18 -1.97 -1.14 -0.94 -0.414930440087433 -0.931534580288218 0.197078210484912 0.3764 0.5628 -0.9336
-0.56 -0.51 -0.53 0.15 1.95 0.98 -0.13 -0.0800000000000001 0.94 -1.04 -2.07 -0.18 -0.97 0.86 -1.94 0.635882929630045 0.361402827815777 0.650557639294935 0.9064 -0.4572 0.4764
0.44 0.49 0.47 2.15 -2.05 0.98 1.87 -0.0800000000000001 -2.06 -0.04 -2.07 0.82 1.03 -1.14 -0.94 0.554843018696684 1.30710973938288 1.38200378579921 -0.5636 -0.5772 0.3864
0.44 0.49 0.47 1.15 -2.05 1.98 -0.13 -2.08 -1.06 -2.04 -2.07 1.82 2.03 -1.14 -1.94 1.05191456194766 2.06617327612366 2.02895829321484 -1.0336 -0.5772 0.8264
-0.56 -0.51 -0.53 -1.85 -1.05 -0.02 -1.13 -2.08 -2.06 -2.04 -2.07 -2.18 0.03 -2.14 -1.94 0.520626597095668 0.368326423254526 0.198478592251857 0.9064 1.0728 -0.0836
0.44 -0.51 0.47 1.15 1.95 1.98 0.87 -0.0800000000000001 0.94 -2.04 -2.07 -0.18 0.03 -2.14 1.06 1.33921183303942 1.88562797512296 2.3520795312082 0.3764 1.0728 -0.0536
-0.56 -0.51 0.47 1.15 -2.05 1.98 1.87 0.92 -2.06 0.96 0.93 1.82 -1.97 -0.14 0.0600000000000001 0.587993656727255 0.657210874009508 1.62309575410147 -0.0936 0.0528 1.0364
0.44 0.49 0.47 0.15 1.95 -1.02 -1.13 -0.0800000000000001 1.94 -0.04 0.93 1.82 0.03 -1.14 0.0600000000000001 -0.584801981995845 -0.789457657817338 -0.183948511523815 -0.0936 -0.5772 -0.0536
0.44 -0.51 -0.53 1.15 0.95 1.98 -0.13 -2.08 -2.06 1.96 1.93 -0.18 0.03 1.86 0.0600000000000001 0.666921044490494 1.24091415687942 1.00634559416052 -0.1536 -0.9672 -0.0536
