0.43 0.49 0.44 -1.91 1.87 -1 -1.08 1.94 0.66 -1.92 -1.1 -1.05 0.11 0.14 1.73 0.95929850224932 2.41263469038272 0.867292281458015 0.6124 -0.1128 -0.0654
-0.57 -0.51 0.44 -0.91 0.87 1 1.92 -0.0600000000000001 -0.34 -1.92 -0.1 -0.0499999999999998 0.11 0.14 0.73 1.50956507616455 2.3236057258153 2.47419263999622 0.1724 -0.2528 -0.1754
0.43 0.49 -0.56 0.0900000000000001 -1.13 2 -2.08 -1.06 -2.34 -1.92 -1.1 -1.05 -1.89 -1.86 -2.27 0.82195440444154 1.04624351123086 2.64585118806691 1.1224 -1.0928 -0.9254
0.43 0.49 0.44 1.09 0.87 0 0.92 1.94 1.66 0.0800000000000001 0.9 -2.05 -0.89 -0.86 1.73 0.326502444547153 -0.145312085837164 0.672531761323968 0.6124 -0.6028 -0.4954
-0.57 0.49 -0.56 0.0900000000000001 -2.13 -2 -1.08 -2.06 -0.34 0.0800000000000001 1.9 -0.0499999999999998 1.11 2.14 1.73 0.927004974041171 0.851949849627841 -0.0434870055328068 -1.1176 0.8672 -0.7454
0.43 0.49 0.44 -1.91 -1.13 2 -1.08 -0.0600000000000001 -0.34 0.0800000000000001 -2.1 -2.05 1.11 -0.86 -1.27 1.26009886723185 1.44050594610393 0.908433747121358 -0.7076 -0.6028 0.3646
0.43 0.49 0.44 2.09 0.87 2 0.92 -0.0600000000000001 0.66 2.08 1.9 0.95 -0.89 -0.86 1.73 1.40743693358035 2.30286158048493 2.29890998577212 0.6124 -0.6028 -0.4954
0.43 0.49 0.44 0.0900000000000001 0.87 -2 -2.08 1.94 -1.34 0.0800000000000001 1.9 1.95 -0.89 1.14 -0.27 0.540971834565499 -0.379186347937626 0.902065891223411 -0.2676 0.3772 -0.4954
0.43 -0.51 0.44 2.09 -1.13 2 -0.0800000000000001 -2.06 1.66 1.08 0.9 -0.0499999999999998 -1.89 -1.86 -2.27 0.147810476348234 1.11323891151601 1.2555365655187 -1.1476 0.7672 -0.9254
0.43 -0.51 0.44 0.0900000000000001 -0.13 -2 0.92 1.94 -2.34 -1.92 -2.1 -0.0499999999999998 2.11 0.14 1.73 1.09609157951726 1.4398869440086 3.12028493984404 0.6124 -0.2528 0.7946
-0.57 -0.51 0.44 -0.91 -2.13 -2 0.92 0.94 -0.34 2.08 -0.1 -1.05 -0.89 1.14 -1.27 0.639297973036402 2.25566064157515 1.05253805583351 -0.7076 -0.7628 0.3946
0.43 -0.51 0.44 -1.91 -2.13 0 -2.08 -0.0600000000000001 -2.34 -1.92 -0.1 -0.0499999999999998 -1.89 -1.86 -1.27 1.09897438258891 1.37142083550502 3.69314697137734 -0.7076 0.7672 -0.9254
0.43 0.49 0.44 -1.91 1.87 0 -0.0800000000000001 -2.06 1.66 1.08 1.9 0.95 -0.89 2.14 1.73 0.56028900995934 1.799975025344 2.41681903425291 0.6124 0.8672 -0.4954
0.43 0.49 0.44 2.09 -0.13 2 -1.08 0.94 -1.34 2.08 1.9 -0.0499999999999998 2.11 2.14 1.73 2.82512227941808 1.5058014854018 4.73082549301849 0.6124 0.8672 0.7946
-0.57 0.49 -0.56 2.09 1.87 2 0.92 0.94 1.66 1.08 1.9 1.95 -0.89 0.14 1.73 0.167762540044829 -1.38237690831491 -1.12407333341905 -1.1176 -0.1128 0.3946
-0.57 -0.51 -0.56 -1.91 -2.13 1 1.92 1.94 0.66 -1.92 -0.1 -1.05 2.11 -0.86 -0.27 -0.673365757555599 0.222884652698438 -0.230588517088548 0.00240000000000004 0.2572 -1.3154
0.43 0.49 -0.56 -0.91 -2.13 2 -1.08 -0.0600000000000001 0.66 2.08 -2.1 1.95 -1.89 2.14 1.73 -0.115635832239985 0.623981393742865 -0.336470024468282 -1.1176 0.8672 -0.9254
-0.57 -0.51 -0.56 2.09 1.87 -2 -2.08 -2.06 -0.34 -0.92 1.9 -2.05 -1.89 -1.86 -0.27 0.817824342101867 0.581877510471002 2.05578214359712 0.00240000000000004 0.7672 0.9646
-0.57 0.49 0.44 2.09 0.87 -2 -0.0800000000000001 1.94 -1.34 1.08 -1.1 -0.0499999999999998 1.11 1.14 -1.27 1.65982895159661 1.83379719639388 1.32419493550296 -0.7076 0.3772 -0.7454
0.43 -0.51 -0.56 2.09 -2.13 2 -2.08 -2.06 0.66 -0.92 -1.1 -2.05 1.11 -0.86 -1.27 -0.0612441604450782 -0.670695242193677 1.11731735956488 0.5624 0.2572 0.3646
0.43 0.49 0.44 2.09 -2.13 2 1.92 -1.06 0.66 1.08 0.9 1.95 0.11 0.14 0.73 1.57152135152467 0.0747289761795812 1.53971178996842 0.1724 -0.1128 -0.0654
-0.57 0.49 -0.56 -0.91 -2.13 -1 -0.0800000000000001 1.94 -2.34 0.0800000000000001 -1.1 -2.05 0.11 0.14 -0.27 -0.871484816130838 0.0263647205227551 0.300003984257217 0.00240000000000004 -0.1128 -0.1754
-0.57 -0.51 0.44 -0.91 1.87 1 -2.08 1.94 0.66 2.08 1.9 0.95 1.11 -0.86 -0.27 1.12642236991945 0.766100223918382 0.909594880467917 -0.2676 0.2572 -0.7454
0.43 0.49 -0.56 -1.91 -2.13 -2 1.92 -0.0600000000000001 1.66 -1.92 0.9 1.95 -0.89 -1.86 0.73 1.4133719257796 1.25030699214999 0.428317900486577 -0.5576 -1.0928 -0.4954
0.43 -0.51 -0.56 2.09 -0.13 2 -2.08 -2.06 -2.34 -1.92 -1.1 -2.05 0.11 -0.86 -2.27 2.0537671520011 1.07024738694824 0.223652235872512 1.1224 0.2572 -0.0654
-0.57 0.49 0.44 -1.91 1.87 0 -2.08 1.94 -2.34 1.08 1.9 -1.05 -0.89 0.14 0.73 -0.299820657761827 1.24051449338172 -0.262953095999081 0.1724 -0.1128 0.3946
-0.57 0.49 0.44 -1.91 1.87 -2 -2.08 1.94 1.66 -0.92 -1.1 1.95 -1.89 2.14 1.73 0.131642591732724 -0.985566383165727 -0.391102384286181 0.6124 0.8672 0.9646
0.43 0.49 0.44 1.09 1.87 1 0.92 -0.0600000000000001 1.66 1.08 0.9 0.95 0.11 0.14 0.73 0.645387693276044 0.576387034706264 0.184523301470086 0.1724 -0.1128 -0.0654
0.43 0.49 0.44 2.09 1.87 2 0.92 1.94 1.66 0.0800000000000001 -1.1 1.95 -0.89 1.14 -2.27 -0.471941683379821 0.269082050108799 -0.83520657553537 -1.1476 0.3772 -0.4954
0.43 0.49 0.44 2.09 1.87 -2 -0.0800000000000001 -0.0600000000000001 1.66 2.08 -0.1 1.95 2.11 2.14 1.73 0.191858365305423 2.41957305233205 1.93938787628807 0.6124 0.8672 0.7946
-0.57 -0.51 -0.56 -1.91 -1.13 -2 1.92 -2.06 1.66 -0.92 -1.1 -0.0499999999999998 -1.89 -1.86 -2.27 0.457937555813223 0.236122432806274 0.172406895869167 1.1224 0.7672 0.9646
-0.57 -0.51 -0.56 -0.91 0.87 2 0.92 -1.06 -2.34 -1.92 -2.1 0.95 0.11 2.14 -2.27 1.15491154742374 0.608100142851537 -1.45233688354952 1.1224 -1.2728 -0.1754
-0.57 -0.51 -0.56 -0.91 -1.13 -2 -1.08 -1.06 -2.34 -1.92 -2.1 -2.05 1.11 1.14 -2.27 0.0691425783921601 0.905614992858468 -0.955677777153393 1.1224 -0.7628 -0.7454
-0.57 -0.51 0.44 2.09 -2.13 -2 1.92 -0.0600000000000001 0.66 1.08 -0.1 1.95 -0.89 -1.86 1.73 0.34947991295082 2.00083343976442 2.30668135393387 0.6124 0.7672 0.3946
0.43 -0.51 -0.56 1.09 -1.13 1 1.92 -2.06 0.66 -1.92 0.9 -2.05 -0.89 -1.86 -0.27 -0.437846852902385 -0.408143938112121 1.16366211000101 0.00240000000000004 0.7672 -0.4954
0.43 -0.51 -0.56 1.09 -1.13 0 -2.08 -1.06 -2.34 0.0800000000000001 -2.1 0.95 1.11 2.14 0.73 0.466903561445423 0.722790009219061 2.28774601691052 -0.5576 -1.2728 0.3646
0.43 0.49 0.44 -0.91 -2.13 -1 1.92 -1.06 -0.34 0.0800000000000001 -1.1 1.95 0.11 -0.86 1.73 2.37038085321376 2.25979264550712 2.82560548269961 0.6124 -0.6028 -0.0654
0.43 -0.51 0.44 2.09 -2.13 1 1.92 -0.0600000000000001 -2.34 0.0800000000000001 -0.1 -0.0499999999999998 -1.89 -1.86 -1.27 0.0752330574985248 0.300069534840792 2.17122995616778 -0.7076 0.7672 -0.9254
-0.57 -0.51 -0.56 -0.91 0.87 -1 1.92 -0.0600000000000001 0.66 2.08 1.9 0.95 -0.89 0.14 1.73 -0.213150793874595 0.765074345784604 0.882340161562862 -1.1176 -0.2528 0.3946
-0.57 0.49 -0.56 2.09 -0.13 -2 -2.08 0.94 -0.34 -1.92 -0.1 -0.0499999999999998 0.11 0.14 -0.27 -0.50303623380756 0.803016995241241 0.467869766907081 0.00240000000000004 -0.1128 -0.1754
0.43 0.49 -0.56 0.0900000000000001 1.87 -1 -0.0800000000000001 1.94 -1.34 1.08 1.9 1.95 2.11 2.14 -1.27 0.884284859994315 1.25552589989555 1.0260988652832 0.5624 0.8672 0.7946
0.43 -0.51 -0.56 2.09 0.87 0 -1.08 -1.06 1.66 -1.92 1.9 1.95 0.11 -0.86 1.73 -1.14909298759903 0.457740935794854 1.01708725483114 -1.1176 0.2572 -0.0654
-0.57 -0.51 -0.56 -1.91 1.87 -2 0.92 1.94 -1.34 2.08 -1.1 -2.05 2.11 -1.86 -0.27 0.127333097625045 -0.317342582660657 0.347595027259846 0.00240000000000004 0.7672 -1.3154
-0.57 0.49 -0.56 -1.91 1.87 -2 1.92 -2.06 1.66 1.08 0.9 -1.05 -0.89 0.14 -0.27 0.797193967599859 2.10966336487706 0.598453810235655 0.00240000000000004 -0.1128 0.3946
0.43 -0.51 0.44 0.0900000000000001 1.87 1 -0.0800000000000001 -1.06 -1.34 2.08 1.9 1.95 2.11 0.14 1.73 1.22924303178503 0.689015824623217 1.30208030339203 0.6124 -0.2528 0.7946
0.43 0.49 0.44 -0.91 1.87 -2 1.92 -2.06 1.66 2.08 1.9 1.95 2.11 2.14 1.73 -0.891092324937356 -0.881233634442528 0.00489556593035517 0.6124 0.8672 0.7946
0.43 0.49 0.44 -0.91 -0.13 0 1.92 -2.06 1.66 2.08 0.9 1.95 1.11 -1.86 0.73 -0.91958536595279 0.331499347645423 -1.31351246816616 0.1724 -1.0928 0.3646
0.43 0.49 -0.56 -0.91 -1.13 2 1.92 1.94 1.66 2.08 1.9 0.95 -0.89 1.14 1.73 0.615469883219738 1.59151295886777 1.31556297715166 -1.1176 0.3772 -0.4954
0.43 0.49 0.44 -0.91 1.87 -1 -2.08 -0.0600000000000001 -1.34 -0.92 1.9 1.95 2.11 1.14 1.73 0.536888590723862 2.0125403274961 2.12546614236959 0.6124 0.3772 0.7946
0.43 -0.51 0.44 0.0900000000000001 1.87 -2 -2.08 -2.06 -0.34 0.0800000000000001 1.9 1.95 1.11 -0.86 1.73 0.985810667712825 1.1598115185235 2.58749459080641 0.6124 0.2572 0.3646
-0.57 -0.51 0.44 -1.91 1.87 0 1.92 -2.06 -2.34 -1.92 -1.1 -2.05 -1.89 -0.86 -0.27 1.17569909708672 0.213076787383087 2.00392564912096 -0.2676 0.2572 0.9646
-0.57 -0.51 0.44 2.09 -0.13 2 -2.08 -1.06 1.66 -1.92 -0.1 -2.05 -1.89 -0.86 -1.27 -0.148477009681755 -0.388441623433203 -0.132404512093286 -0.7076 0.2572 0.9646
0.43 0.49 0.44 1.09 1.87 2 1.92 -0.0600000000000001 1.66 -1.92 1.9 0.95 2.11 2.14 1.73 1.22486421285922 0.487534355913799 2.52424711761564 0.6124 0.8672 0.7946
0.43 -0.51 0.44 2.09 -2.13 -2 0.92 -2.06 1.66 2.08 -0.1 -0.0499999999999998 -1.89 -0.86 -2.27 0.806411211969178 -0.175678594331389 -0.062303163753206 -1.1476 0.2572 -0.9254
-0.57 -0.51 -0.56 -1.91 -1.13 1 -2.08 -1.06 -0.34 -0.92 1.9 -1.05 -1.89 -1.86 -1.27 -0.674904784139543 -0.316566188874032 0.523774616558543 0.5624 0.7672 0.9646
-0.57 -0.51 -0.56 2.09 0.87 -2 1.92 1.94 1.66 0.0800000000000001 1.9 1.95 1.11 2.14 1.73 -0.532667525188184 0.992704909529818 0.958971706645437 -1.1176 -1.2728 -0.7454
0.43 0.49 -0.56 2.09 1.87 -2 -2.08 -2.06 0.66 -1.92 -2.1 -2.05 0.11 -1.86 -2.27 0.436609678812377 1.06936429442766 1.9268680276184 1.1224 -1.0928 -0.0654
0.43 0.49 0.44 1.09 1.87 -2 1.92 0.94 0.66 0.0800000000000001 0.9 -2.05 -1.89 0.14 0.73 0.71777367837629 0.386417829986777 1.7836320217313 0.1724 -0.1128 -0.9254
0.43 0.49 0.44 -1.91 -0.13 0 1.92 -1.06 1.66 2.08 -0.1 -0.0499999999999998 2.11 0.14 0.73 1.27947233973384 3.24254088162262 3.39679286337748 0.1724 -0.1128 0.7946
-0.57 -0.51 0.44 -1.91 -2.13 2 -1.08 0.94 -2.34 -1.92 0.9 -2.05 -1.89 -1.86 -2.27 -0.595295592974488 -0.0845327800350122 -0.239581130799793 -1.1476 0.7672 0.9646
-0.57 0.49 0.44 0.0900000000000001 -1.13 2 1.92 -0.0600000000000001 -2.34 2.08 -2.1 0.95 -0.89 0.14 0.73 -0.258439553277816 2.24305026112769 1.21684592444881 0.1724 -0.1128 0.3946
-0.57 -0.51 -0.56 2.09 -2.13 2 1.92 -2.06 0.66 -1.92 -2.1 -2.05 -1.89 -1.86 -2.27 0.0164806392192083 0.127258532988325 0.397588423094793 1.1224 0.7672 0.9646
-0.57 -0.51 -0.56 2.09 -0.13 -2 1.92 1.94 -0.34 -1.92 -1.1 1.95 2.11 1.14 1.73 0.0556570388414269 1.26107809324869 0.18768034273092 -1.1176 -0.7628 -1.3154
0.43 0.49 0.44 0.0900000000000001 -0.13 -2 0.92 -2.06 1.66 0.0800000000000001 -0.1 0.95 -1.89 0.14 -1.27 0.165359962606302 1.0540241737153 0.86909887976537 -0.7076 -0.1128 -0.9254
-0.57 0.49 0.44 -1.91 1.87 -1 1.92 0.94 1.66 2.08 1.9 -2.05 0.11 1.14 1.73 1.33403537227256 1.44769158142806 3.73708010560995 0.6124 0.3772 -0.1754
0.43 0.49 0.44 -1.91 -1.13 1 1.92 -1.06 1.66 1.08 1.9 1.95 -1.89 -1.86 0.73 1.2857404386279 1.93309793329936 2.38463488103853 0.1724 -1.0928 -0.9254
0.43 -0.51 -0.56 2.09 -2.13 -2 -2.08 -0.0600000000000001 -2.34 -0.92 -2.1 -1.05 -1.89 -1.86 0.73 -1.61542593068942 1.18748903940861 -0.18855143512353 -0.5576 0.7672 -0.9254
-0.57 -0.51 -0.56 2.09 -1.13 2 -2.08 -2.06 -0.34 2.08 -0.1 1.95 -1.89 1.14 -0.27 0.644809171995029 0.339725839257529 0.59048072125913 0.00240000000000004 -0.7628 0.9646
0.43 -0.51 0.44 -1.91 -1.13 2 -0.0800000000000001 -2.06 -1.34 -0.92 -2.1 -0.0499999999999998 2.11 0.14 0.73 0.492913626604538 1.42243387430118 1.27370346869462 0.1724 -0.2528 0.7946
0.43 0.49 0.44 2.09 -1.13 -2 -1.08 -2.06 -1.34 -1.92 -1.1 -0.0499999999999998 -1.89 -0.86 -0.27 0.621510567013843 0.525158502650787 -0.117191899550997 -0.2676 -0.6028 -0.9254
0.43 0.49 -0.56 0.0900000000000001 1.87 2 1.92 -1.06 0.66 -0.92 0.9 -0.0499999999999998 -1.89 1.14 -1.27 0.354365723152959 0.2833863833217 1.22053976754406 0.5624 0.3772 -0.9254
-0.57 0.49 -0.56 -1.91 -2.13 0 -2.08 1.94 1.66 -0.92 -2.1 0.95 2.11 0.14 1.73 2.16324948049789 1.38842683486295 2.75096881564505 -1.1176 -0.1128 -1.3154
0.43 -0.51 -0.56 0.0900000000000001 -2.13 2 -0.0800000000000001 1.94 -2.34 -1.92 -2.1 0.95 2.11 0.14 0.73 -0.0843046119264755 0.567955256900348 0.629028934698352 -0.5576 -0.2528 0.7946
-0.57 -0.51 -0.56 -1.91 -1.13 2 -2.08 1.94 1.66 0.0800000000000001 0.9 1.95 1.11 2.14 -1.27 -0.295327824747441 0.837053493025016 0.436131925228127 0.5624 -1.2728 -0.7454
-0.57 -0.51 -0.56 -0.91 1.87 0 1.92 0.94 -2.34 2.08 -0.1 -2.05 0.11 0.14 -1.27 -0.766535477472432 0.0587317112072787 0.0084223152519689 0.5624 -0.2528 -0.1754
-0.57 -0.51 -0.56 -1.91 -2.13 2 -2.08 1.94 -1.34 0.0800000000000001 1.9 -2.05 -0.89 2.14 -1.27 0.533462640042143 0.12498863740478 0.480248586020288 0.5624 -1.2728 0.3946
-0.57 -0.51 -0.56 -0.91 -0.13 -2 -2.08 0.94 -1.34 0.0800000000000001 -2.1 -2.05 -1.89 -1.86 -2.27 -1.10935512300991 -1.06696578322218 -2.33549740724079 1.1224 0.7672 0.9646
-0.57 -0.51 0.44 -1.91 0.87 -1 -2.08 1.94 -0.34 2.08 -2.1 -1.05 2.11 -0.86 -2.27 1.04224846378296 0.918119954273971 2.00963326007592 -1.1476 0.2572 -1.3154
0.43 -0.51 0.44 2.09 1.87 1 -0.0800000000000001 1.94 1.66 2.08 -1.1 1.95 1.11 2.14 -2.27 1.4742481073079 3.03872213989395 2.39384854161576 -1.1476 -1.2728 0.3646
-0.57 -0.51 -0.56 0.0900000000000001 0.87 1 -2.08 -2.06 1.66 -1.92 -2.1 1.95 0.11 -1.86 -0.27 -0.550157726291241 0.585600685780123 0.797774206249699 0.00240000000000004 0.7672 -0.1754
-0.57 -0.51 -0.56 1.09 1.87 1 1.92 1.94 1.66 0.0800000000000001 -2.1 1.95 0.11 1.14 0.73 1.42067496250776 1.4219873355189 2.13234517502523 -0.5576 -0.7628 -0.1754
0.43 0.49 0.44 2.09 1.87 -1 1.92 -2.06 -2.34 2.08 -1.1 -0.0499999999999998 0.11 -0.86 0.73 -0.591635619504855 0.170741012344424 0.808949506761423 0.1724 -0.6028 -0.0654
0.43 0.49 0.44 2.09 1.87 2 -2.08 0.94 1.66 2.08 1.9 1.95 1.11 -1.86 1.73 0.596738050854802 0.476855373128639 0.572231538750711 0.6124 -1.0928 0.3646
0.43 0.49 0.44 -0.91 -1.13 0 0.92 -0.0600000000000001 -2.34 -1.92 -2.1 -2.05 0.11 -1.86 -2.27 -0.159795097637194 0.776982320426064 1.28878068872512 -1.1476 -1.0928 -0.0654
0.43 0.49 0.44 -1.91 -2.13 2 0.92 0.94 -0.34 -1.92 -0.1 -0.0499999999999998 -1.89 0.14 -2.27 0.727435008725308 1.82163770382283 2.46495304020867 -1.1476 -0.1128 -0.9254
-0.57 -0.51 -0.56 2.09 1.87 -1 -0.0800000000000001 -2.06 1.66 -1.92 -1.1 -2.05 -1.89 0.14 -0.27 -0.19682601735626 0.250556544084134 1.73828431277854 0.00240000000000004 -0.2528 0.9646
0.43 0.49 -0.56 -1.91 -2.13 1 0.92 1.94 1.66 -0.92 -1.1 -2.05 1.11 1.14 -0.27 0.492584517087121 0.8135685507017 1.12093734926403 0.00240000000000004 0.3772 0.3646
-0.57 -0.51 0.44 -0.91 -0.13 -1 -2.08 -2.06 -1.34 -0.92 -1.1 -2.05 -1.89 -1.86 -0.27 -0.073166931055767 0.489134631191379 0.479653833963049 -0.2676 0.7672 0.9646
0.43 0.49 0.44 -1.91 0.87 -2 0.92 0.94 1.66 2.08 0.9 1.95 1.11 2.14 1.73 0.690043794066321 0.137003205202869 0.297040858986185 0.6124 0.8672 0.3646
0.43 -0.51 -0.56 0.0900000000000001 -2.13 0 -2.08 1.94 -2.34 -1.92 -1.1 -2.05 0.11 -0.86 -2.27 0.100794976212857 0.0677228178154917 0.240763005787436 1.1224 0.2572 -0.0654
0.43 0.49 0.44 -0.91 -2.13 2 0.92 1.94 1.66 -0.92 -0.1 -0.0499999999999998 2.11 1.14 -0.27 0.702788049422854 -0.753023198608116 -0.0500154200396669 -0.2676 0.3772 0.7946
0.43 0.49 0.44 -0.91 1.87 0 -1.08 0.94 -0.34 1.08 0.9 -2.05 2.11 2.14 0.73 0.971159707015191 1.51315470085631 1.41157121047541 0.1724 0.8672 0.7946
0.43 -0.51 -0.56 2.09 -1.13 2 1.92 -1.06 -2.34 -1.92 1.9 -2.05 0.11 -0.86 -1.27 -0.71774104850784 0.112900628255346 -0.487970734977309 0.5624 0.2572 -0.0654
0.43 0.49 0.44 -0.91 1.87 -1 -0.0800000000000001 1.94 1.66 0.0800000000000001 -0.1 -0.0499999999999998 2.11 1.14 1.73 0.992923491539267 1.64943685463509 1.75263414640758 0.6124 0.3772 0.7946
-0.57 0.49 -0.56 -1.91 -0.13 -1 -0.0800000000000001 -2.06 -0.34 -1.92 -1.1 -2.05 -0.89 -0.86 -2.27 -0.119860347934828 0.891197226874332 0.334683775474035 1.1224 -0.6028 0.3946
-0.57 -0.51 0.44 -1.91 -1.13 -2 0.92 -2.06 -2.34 -1.92 -1.1 -1.05 -1.89 -1.86 -2.27 0.760509616590112 0.0407688607823774 0.708352069014936 -1.1476 0.7672 0.9646
-0.57 -0.51 0.44 0.0900000000000001 1.87 -2 -2.08 -0.0600000000000001 1.66 2.08 -1.1 -2.05 1.11 2.14 0.73 1.30494713065024 2.86606834785162 1.63697310773308 0.1724 -1.2728 -0.7454
-0.57 -0.51 0.44 2.09 0.87 2 -1.08 1.94 1.66 2.08 0.9 1.95 2.11 0.14 1.73 0.712394601769645 0.43840200831173 0.63256292495322 0.6124 -0.2528 -1.3154
0.43 0.49 -0.56 -1.91 0.87 -2 -2.08 1.94 0.66 1.08 1.9 1.95 0.11 -0.86 1.73 2.15715611266446 2.55209402145126 1.96345300167413 -1.1176 -0.6028 -0.0654
0.43 0.49 0.44 0.0900000000000001 -1.13 2 1.92 0.94 0.66 2.08 1.9 -0.0499999999999998 2.11 1.14 1.73 0.0962171562200356 0.502735408498224 0.329655820386285 0.6124 0.3772 0.7946
