-0.456 0.5 0.484 -1.1 -0.0680000000000001 -2.004 -1.812 -1.076 -1.08 -0.98 -0.1 0.016 1.032 -1.032 -2.008 1.4317309593288 1.4502567050299 2.21078342735101 -1.055744 -0.616 -0.521184
-0.456 -0.5 -0.516 1.9 0.932 -1.004 2.188 -1.076 0.92 0.02 -2.1 2.016 -0.968 1.968 1.992 2.11128715534359 0.0240679339289969 0.22567569391262 -1.111744 -1.084 0.390816
-0.456 0.5 -0.516 -2.1 0.932 -1.004 0.188 0.924 -1.08 2.02 0.9 -1.984 1.032 -1.032 -2.008 0.256454129724398 0.819347074314052 0.937895192395366 0.952256 -0.616 -0.521184
-0.456 -0.5 0.484 -2.1 1.932 -1.004 -1.812 0.924 -2.08 -1.98 0.9 -1.984 -1.968 -2.032 -0.00800000000000001 2.16870406516233 2.70824521646501 2.66915730846512 -0.087744 0.916 0.846816
0.544 0.5 0.484 1.9 1.932 -1.004 1.188 1.924 -0.0800000000000001 2.02 1.9 1.016 2.032 1.968 1.992 2.92486707548375 3.00664300211922 2.67554055619755 0.880256 0.884 1.054816
-0.456 -0.5 -0.516 -2.1 1.932 -2.004 2.188 -0.0760000000000001 1.92 -1.98 0.9 1.016 2.032 -0.032 -0.00800000000000001 0.811459438190953 1.37002104957132 1.55803275986988 -0.079744 -0.084 -0.977184
-0.456 -0.5 -0.516 1.9 -0.0680000000000001 -0.004 -1.812 0.924 1.92 -1.98 -2.1 1.016 1.032 1.968 -0.00800000000000001 0.671590067963984 0.162998505628319 1.72083168706579 -0.079744 -1.084 -0.521184
-0.456 0.5 -0.516 -1.1 1.932 1.996 -1.812 -0.0760000000000001 -0.0800000000000001 0.02 -2.1 -1.984 2.032 1.968 0.992 1.7705643224559 2.43123087862751 1.56289496590236 -0.595744 0.884 -0.977184
-0.456 -0.5 -0.516 0.9 -2.068 -0.004 -0.812 -0.0760000000000001 -2.08 1.02 -1.1 -0.984 1.032 -2.032 0.992 -0.00524576945456245 3.01195984602386 1.86582630911972 -0.595744 0.916 -0.521184
0.544 0.5 0.484 -1.1 1.932 -2.004 -1.812 1.924 1.92 1.02 -2.1 2.016 0.032 -0.032 0.992 2.17191555589878 0.538330763667093 1.06673585181512 0.396256 -0.116 -0.033184
-0.456 -0.5 0.484 -1.1 -2.068 -0.004 2.188 1.924 -2.08 2.02 -1.1 -0.984 0.032 -1.032 -0.00800000000000001 1.3724702392471 1.05886431687281 1.68094319476213 -0.087744 0.416 -0.065184
-0.456 -0.5 -0.516 1.9 0.932 1.996 1.188 -2.076 0.92 1.02 0.9 2.016 1.032 1.968 0.992 0.516484481579402 -0.180318056144081 -1.04151949473101 -0.595744 -1.084 -0.521184
0.544 -0.5 -0.516 -0.1 0.932 1.996 -0.812 0.924 1.92 -1.98 -2.1 -1.984 -0.968 -2.032 -2.008 1.24989412014675 0.847339922184706 1.10207262251678 0.952256 0.916 -0.577184
0.544 0.5 -0.516 -2.1 -1.068 -1.004 1.188 0.924 -2.08 -1.98 -1.1 -0.984 1.032 -1.032 -1.008 0.708527548833914 1.09320497667265 0.101702027881459 0.436256 -0.616 0.510816
0.544 0.5 0.484 1.9 -0.0680000000000001 -0.004 0.188 -1.076 0.92 2.02 1.9 2.016 0.032 1.968 1.992 2.72922757085123 3.15162607871544 2.92366784267112 0.880256 0.884 -0.033184
-0.456 0.5 0.484 -0.1 -2.068 -2.004 0.188 -2.076 1.92 -1.98 0.9 -0.984 0.032 1.968 1.992 -0.0901365554299041 0.885834354122805 1.24147556775871 0.880256 0.884 -0.065184
0.544 0.5 -0.516 1.9 -2.068 -1.004 -1.812 -2.076 -0.0800000000000001 0.02 -2.1 -0.984 -1.968 -1.032 -2.008 -0.141020049951258 -0.669216287135344 -0.00946093206549978 0.952256 -0.616 -1.121184
-0.456 -0.5 -0.516 1.9 -2.068 1.996 2.188 1.924 -1.08 2.02 -1.1 2.016 2.032 1.968 1.992 0.807264220647264 1.61394970740654 0.332315200346793 -1.111744 -1.084 -0.977184
-0.456 -0.5 -0.516 -2.1 -2.068 1.996 1.188 -2.076 -1.08 -1.98 -2.1 -1.984 -1.968 -2.032 -2.008 -0.982679892410435 0.0191764070730003 -0.0962399292984354 0.952256 0.916 0.846816
0.544 -0.5 0.484 -0.1 0.932 -0.004 1.188 -1.076 1.92 -1.98 -0.1 -1.984 0.032 -0.032 0.992 0.305610485961995 2.92209173315158 2.67758343602041 0.396256 -0.084 -0.033184
0.544 -0.5 -0.516 -2.1 1.932 -2.004 -1.812 -0.0760000000000001 1.92 -1.98 -0.1 1.016 -1.968 -2.032 0.992 1.2355018792512 0.96342027154886 2.15732399298652 -0.595744 0.916 -1.121184
-0.456 0.5 0.484 -1.1 -2.068 1.996 2.188 -0.0760000000000001 -0.0800000000000001 2.02 1.9 2.016 2.032 -0.032 -0.00800000000000001 2.06066602840439 1.3875090476263 0.475036480627246 -0.087744 -0.116 -0.977184
0.544 0.5 0.484 1.9 1.932 0.996 -1.812 0.924 1.92 1.02 1.9 2.016 2.032 0.968 1.992 1.2253935329556 1.47434107000451 2.68040858997194 0.880256 0.384 1.054816
-0.456 -0.5 -0.516 0.9 1.932 -0.004 0.188 1.924 -0.0800000000000001 0.02 0.9 2.016 1.032 1.968 -0.00800000000000001 1.09447587388353 -0.708232934756599 -0.840775736296637 -0.079744 -1.084 -0.521184
-0.456 0.5 -0.516 0.9 0.932 -2.004 2.188 1.924 0.92 -1.98 0.9 1.016 2.032 1.968 -2.008 -0.01543547922239 -0.104168749975101 0.886095034907352 0.952256 0.884 -0.977184
0.544 0.5 0.484 -1.1 -0.0680000000000001 1.996 1.188 -2.076 0.92 -0.98 1.9 2.016 0.032 0.968 -0.00800000000000001 -0.807642002594244 0.946981725067799 3.29581397662935 -0.087744 0.384 -0.033184
-0.456 0.5 0.484 1.9 -1.068 1.996 -1.812 1.924 1.92 1.02 -2.1 2.016 2.032 1.968 1.992 0.633111526687328 2.09056377182048 2.47424048499975 0.880256 0.884 -0.977184
0.544 0.5 0.484 1.9 -1.068 1.996 0.188 1.924 -1.08 2.02 1.9 2.016 0.032 1.968 1.992 1.27068488284956 0.9276513392495 0.907729421661024 0.880256 0.884 -0.033184
-0.456 -0.5 -0.516 -2.1 1.932 -1.004 -1.812 1.924 -0.0800000000000001 0.02 -2.1 0.016 -1.968 -1.032 -0.00800000000000001 -0.604064768180409 1.62852710177575 2.40450263058252 -0.079744 0.416 0.846816
0.544 0.5 -0.516 -2.1 -2.068 -0.004 -1.812 -1.076 -2.08 -1.98 -0.1 -1.984 -0.968 -0.032 -0.00800000000000001 0.554315227665074 1.71241605637287 1.04083660905095 -0.079744 -0.116 -0.577184
-0.456 0.5 0.484 1.9 -0.0680000000000001 -2.004 0.188 -2.076 0.92 0.02 -2.1 1.016 0.032 0.968 0.992 -0.216368604143599 1.57215970686374 2.35230670524278 0.396256 0.384 -0.065184
-0.456 -0.5 -0.516 -2.1 -0.0680000000000001 1.996 2.188 1.924 -2.08 1.02 1.9 -0.984 2.032 1.968 0.992 0.706984414935498 -0.645250787442145 -1.82067751952117 -0.595744 -1.084 -0.977184
0.544 0.5 0.484 -2.1 1.932 1.996 2.188 -1.076 1.92 2.02 0.9 2.016 2.032 1.968 1.992 0.287919424260895 1.21769873256026 2.53395121253729 0.880256 0.884 1.054816
-0.456 0.5 -0.516 -1.1 1.932 0.996 0.188 -0.0760000000000001 -1.08 -1.98 -0.1 -0.984 0.032 1.968 1.992 2.91198827859974 -0.820473783438706 2.88715325491096 -1.111744 0.884 -0.065184
0.544 -0.5 0.484 0.9 -0.0680000000000001 1.996 0.188 -0.0760000000000001 1.92 -1.98 -2.1 2.016 1.032 1.968 -1.008 -0.0724143826636573 1.04422083250423 0.978627657091354 -0.571744 -1.084 0.510816
0.544 -0.5 -0.516 -1.1 -2.068 1.996 -0.812 0.924 -2.08 2.02 -0.1 0.016 1.032 -0.032 -0.00800000000000001 1.46893903694979 0.752853113459567 0.978291144289055 -0.079744 -0.084 0.510816
0.544 -0.5 0.484 0.9 1.932 1.996 -0.812 -2.076 1.92 -1.98 -1.1 -1.984 -1.968 -2.032 -2.008 2.22393978233914 -1.12284768463635 0.166873455257844 -1.055744 0.916 -1.121184
0.544 0.5 0.484 0.9 1.932 1.996 1.188 -0.0760000000000001 1.92 2.02 1.9 2.016 1.032 1.968 -0.00800000000000001 0.300905632284646 1.85204444909083 0.338813960182538 -0.087744 0.884 0.510816
-0.456 0.5 -0.516 1.9 0.932 -1.004 -1.812 1.924 -0.0800000000000001 -1.98 -2.1 1.016 -0.968 -0.032 -2.008 0.721871642179303 1.08211846274522 1.09627280110173 0.952256 -0.116 0.390816
-0.456 -0.5 0.484 -2.1 -2.068 -2.004 -0.812 -0.0760000000000001 -2.08 -0.98 1.9 -1.984 -1.968 -1.032 -2.008 -1.73144553969054 -0.0015431524352366 1.0124973225962 -1.055744 0.416 0.846816
0.544 0.5 0.484 -2.1 0.932 -0.004 1.188 -0.0760000000000001 1.92 2.02 -2.1 1.016 -1.968 -2.032 0.992 0.900249793971935 1.84798943213194 4.05636916868275 0.396256 -1.116 -1.121184
-0.456 -0.5 -0.516 -2.1 -1.068 -2.004 -1.812 -2.076 -0.0800000000000001 -0.98 -0.1 1.016 -1.968 -1.032 -2.008 -0.959348719527869 -0.816415484543095 -0.0365403627226712 0.952256 0.416 0.846816
-0.456 0.5 0.484 -2.1 1.932 1.996 0.188 -2.076 -0.0800000000000001 -1.98 -0.1 -1.984 2.032 -0.032 -1.008 0.866517956916047 1.18313221927611 1.3682962277694 -0.571744 -0.116 -0.977184
-0.456 -0.5 0.484 -0.1 -2.068 0.996 -0.812 -1.076 -2.08 -1.98 -1.1 -0.984 -0.968 -1.032 -2.008 1.37945363906309 -0.106602572805047 2.81897822848153 -1.055744 0.416 0.390816
-0.456 -0.5 0.484 -0.1 -1.068 -2.004 -0.812 -2.076 -0.0800000000000001 -1.98 -2.1 0.016 -1.968 0.968 -2.008 0.0676600256785385 1.15496501535546 0.488931656619423 -1.055744 -0.584 0.846816
-0.456 -0.5 -0.516 1.9 0.932 -0.004 0.188 -0.0760000000000001 -2.08 2.02 -0.1 2.016 2.032 0.968 1.992 1.87846840629287 1.51348210324482 2.50255288032825 -1.111744 -0.584 -0.977184
0.544 -0.5 -0.516 1.9 -2.068 0.996 -0.812 1.924 -1.08 2.02 -0.1 0.016 -1.968 -2.032 -0.00800000000000001 -0.204723394948839 -0.811929188361393 -0.133085141280605 -0.079744 0.916 -1.121184
0.544 0.5 -0.516 -2.1 -2.068 -1.004 -1.812 -1.076 -0.0800000000000001 -1.98 1.9 -1.984 -0.968 -2.032 -1.008 -0.502360326523259 -0.055432727232566 -0.843530726421079 0.436256 -1.116 -0.577184
0.544 0.5 0.484 1.9 1.932 0.996 2.188 -0.0760000000000001 0.92 0.02 1.9 2.016 2.032 1.968 0.992 2.25184721092068 0.938599331437817 1.88131827667082 0.396256 0.884 1.054816
-0.456 -0.5 -0.516 -0.1 0.932 1.996 -1.812 -0.0760000000000001 -2.08 0.02 -2.1 -0.984 0.032 -2.032 -1.008 1.10129467472348 3.09477065890444 1.9050404584919 0.436256 0.916 -0.065184
0.544 -0.5 0.484 -1.1 -1.068 1.996 -1.812 1.924 1.92 0.02 1.9 1.016 2.032 0.968 -0.00800000000000001 -0.0177182953623679 1.54472636600606 0.860254459707463 -0.087744 -0.584 1.054816
0.544 0.5 0.484 -1.1 1.932 -1.004 -1.812 1.924 1.92 1.02 -2.1 1.016 0.032 1.968 0.992 1.07292367999079 0.920175239024267 1.86210558999183 0.396256 0.884 -0.033184
0.544 -0.5 -0.516 -2.1 -2.068 -2.004 -1.812 -1.076 -1.08 2.02 -0.1 -0.984 2.032 -0.032 -0.00800000000000001 0.360665878920209 0.626168538740423 -0.318597376677756 -0.079744 -0.084 1.054816
-0.456 -0.5 -0.516 -2.1 -2.068 -0.004 2.188 -2.076 -2.08 2.02 -0.1 2.016 -1.968 1.968 0.992 0.00641094662539521 0.00845435048594634 1.57778508598705 -0.595744 -1.084 0.846816
0.544 0.5 0.484 1.9 1.932 -2.004 2.188 1.924 1.92 -1.98 1.9 -0.984 2.032 0.968 1.992 1.90562382138294 -0.782376219195156 0.817549882149106 0.880256 0.384 1.054816
-0.456 -0.5 0.484 -2.1 1.932 -1.004 -1.812 -1.076 -2.08 -1.98 -1.1 2.016 -0.968 0.968 0.992 -0.708437969644279 1.35385284632581 0.132660180201883 0.396256 -0.584 0.390816
0.544 -0.5 -0.516 1.9 0.932 -1.004 2.188 1.924 1.92 2.02 0.9 2.016 2.032 1.968 1.992 3.71014556954754 1.59341715576495 1.61986743006405 -1.111744 -1.084 1.054816
0.544 -0.5 -0.516 1.9 -0.0680000000000001 1.996 0.188 -1.076 -1.08 -0.98 -1.1 1.016 -1.968 -1.032 -2.008 -0.922897074067956 -1.32309513011753 -1.03823317288092 0.952256 0.416 -1.121184
0.544 -0.5 0.484 -0.1 1.932 -2.004 -0.812 -1.076 -1.08 0.02 0.9 1.016 0.032 -2.032 -1.008 0.0751909417410996 0.730806541371871 1.65063072364963 -0.571744 0.916 -0.033184
-0.456 0.5 0.484 -0.1 -0.0680000000000001 1.996 1.188 0.924 1.92 1.02 1.9 -0.984 2.032 0.968 -0.00800000000000001 1.71664127414023 1.77718766591364 3.570628399286 -0.087744 0.384 -0.977184
-0.456 0.5 0.484 1.9 1.932 1.996 0.188 0.924 -0.0800000000000001 0.02 -0.1 0.016 -1.968 -1.032 -2.008 0.441293932271332 0.793902210514135 1.85180054834397 -1.055744 -0.616 0.846816
-0.456 0.5 0.484 1.9 1.932 -1.004 1.188 -1.076 1.92 -1.98 0.9 2.016 2.032 1.968 1.992 1.86352044582776 0.579393755984798 2.6014049761638 0.880256 0.884 -0.977184
-0.456 0.5 0.484 -0.1 -0.0680000000000001 -1.004 0.188 1.924 -2.08 -1.98 -2.1 0.016 -1.968 -2.032 -1.008 0.297921475079899 0.349203630834532 1.62142560265631 -0.571744 -1.116 0.846816
-0.456 0.5 0.484 -2.1 1.932 -0.004 0.188 1.924 -1.08 1.02 1.9 1.016 -1.968 1.968 1.992 1.51517982333389 1.11932243122776 0.640364026201624 0.880256 0.884 0.846816
-0.456 -0.5 -0.516 -2.1 -0.0680000000000001 -2.004 2.188 1.924 -1.08 1.02 -2.1 1.016 1.032 -2.032 -2.008 0.259965466489923 1.9873652609293 0.483872635854744 0.952256 0.916 -0.521184
-0.456 -0.5 0.484 1.9 -2.068 -2.004 -0.812 -2.076 1.92 -1.98 0.9 1.016 1.032 0.968 -1.008 0.479273070237211 0.856944088993776 0.559322287002344 -0.571744 -0.584 -0.521184
-0.456 -0.5 -0.516 1.9 1.932 -1.004 -1.812 -0.0760000000000001 0.92 1.02 1.9 1.016 0.032 -0.032 -2.008 1.0144039952194 2.69361565022808 -0.0943194196921517 0.952256 -0.084 -0.065184
0.544 -0.5 -0.516 0.9 -1.068 -1.004 1.188 1.924 -1.08 2.02 -0.1 -0.984 0.032 1.968 0.992 -0.24255634199208 2.63429562853015 -0.0750168190527607 -0.595744 -1.084 -0.033184
0.544 0.5 0.484 -1.1 -0.0680000000000001 1.996 2.188 -2.076 1.92 0.02 0.9 -1.984 1.032 -2.032 -1.008 0.849519618510471 0.252580495076368 1.80369332364512 -0.571744 -1.116 0.510816
-0.456 -0.5 -0.516 1.9 0.932 0.996 -1.812 -0.0760000000000001 0.92 2.02 1.9 -1.984 0.032 -2.032 -0.00800000000000001 -1.00609090511185 1.42169091214605 2.66791664360088 -0.079744 0.916 -0.065184
-0.456 -0.5 -0.516 -0.1 1.932 -1.004 0.188 1.924 -1.08 0.02 -0.1 2.016 -1.968 -1.032 -1.008 0.936017739627086 1.01247654630738 2.52354481965919 0.436256 0.416 0.846816
-0.456 -0.5 -0.516 1.9 1.932 -2.004 -1.812 -2.076 1.92 -0.98 -1.1 -1.984 0.032 -1.032 -1.008 -0.512942009478544 -1.84821457280072 -0.515736642482261 0.436256 0.416 -0.065184
-0.456 -0.5 -0.516 1.9 -2.068 1.996 0.188 1.924 -2.08 0.02 -0.1 0.016 0.032 1.968 1.992 -0.343752847414945 -0.105192046061296 1.49045685261855 -1.111744 -1.084 -0.065184
0.544 -0.5 0.484 -0.1 0.932 1.996 1.188 -0.0760000000000001 -1.08 2.02 1.9 1.016 2.032 1.968 1.992 0.420824341519452 2.97977252009073 2.33844530953508 0.880256 -1.084 1.054816
0.544 0.5 0.484 1.9 -1.068 0.996 -1.812 -1.076 0.92 2.02 -1.1 -0.984 -0.968 -0.032 -0.00800000000000001 2.97063595788625 3.43215081968228 2.51913136806008 -0.087744 -0.116 -0.577184
0.544 -0.5 -0.516 -1.1 -0.0680000000000001 -1.004 1.188 -2.076 1.92 2.02 1.9 -1.984 2.032 -1.032 -0.00800000000000001 1.11413449152962 0.287473166550839 1.62737334888388 -0.079744 0.416 1.054816
-0.456 0.5 -0.516 1.9 -2.068 1.996 -1.812 -1.076 1.92 -1.98 -2.1 -0.984 -1.968 -2.032 -2.008 1.25460025770514 0.285309816905922 2.47966208207457 0.952256 -1.116 0.846816
0.544 -0.5 -0.516 1.9 -0.0680000000000001 0.996 2.188 1.924 -1.08 -0.98 -1.1 2.016 0.032 -2.032 0.992 0.779573864659109 1.06182080301341 2.19601856190464 -0.595744 0.916 -0.033184
-0.456 0.5 0.484 1.9 0.932 -2.004 -1.812 -2.076 -1.08 0.02 -0.1 -1.984 -0.968 -2.032 0.992 0.582016504711011 0.353384982842675 0.0925650278356612 0.396256 -1.116 0.390816
0.544 -0.5 0.484 -2.1 -2.068 1.996 -1.812 1.924 -1.08 -1.98 -0.1 -0.984 2.032 0.968 -0.00800000000000001 0.690132786198077 1.00997491897235 0.783612413684803 -0.087744 -0.584 1.054816
0.544 0.5 0.484 1.9 0.932 1.996 2.188 1.924 -0.0800000000000001 -0.98 -2.1 -1.984 1.032 0.968 1.992 -0.15634446822166 0.266477786476965 -0.00145493584071821 0.880256 0.384 0.510816
0.544 0.5 0.484 1.9 -0.0680000000000001 1.996 -0.812 1.924 -2.08 0.02 0.9 1.016 0.032 -1.032 -0.00800000000000001 1.40691958382073 1.87973760140319 2.04612384440296 -0.087744 -0.616 -0.033184
0.544 0.5 0.484 -1.1 -2.068 -2.004 -0.812 -1.076 -0.0800000000000001 1.02 -2.1 2.016 0.032 -2.032 -0.00800000000000001 1.31482518670162 1.01277437170881 0.228070037027024 -0.087744 -1.116 -0.033184
-0.456 0.5 -0.516 -0.1 1.932 1.996 0.188 -1.076 -1.08 -1.98 1.9 0.016 1.032 -1.032 -1.008 0.713031834715659 0.287765829334378 1.43345521122677 0.436256 -0.616 -0.521184
-0.456 -0.5 -0.516 0.9 0.932 1.996 0.188 0.924 -0.0800000000000001 -1.98 -1.1 -1.984 0.032 -0.032 0.992 -0.224691239207576 1.30184152392309 2.54442587075225 -0.595744 -0.084 -0.065184
0.544 -0.5 -0.516 -2.1 1.932 1.996 -1.812 -1.076 -2.08 0.02 0.9 -0.984 0.032 -1.032 -2.008 -0.242154332469411 0.251122640199615 0.675290160931742 0.952256 0.416 -0.033184
-0.456 0.5 -0.516 -2.1 -2.068 -2.004 2.188 1.924 1.92 1.02 1.9 2.016 1.032 1.968 0.992 0.0105457071878459 0.152594979825896 0.292524690619958 -0.595744 0.884 -0.521184
-0.456 -0.5 -0.516 -2.1 -2.068 -0.004 2.188 -2.076 -2.08 -0.98 -2.1 -1.984 -1.968 -2.032 -2.008 -0.492316763840901 0.647739165820299 1.26037462161844 0.952256 0.916 0.846816
0.544 -0.5 0.484 -2.1 -2.068 1.996 -1.812 1.924 -0.0800000000000001 1.02 -1.1 1.016 0.032 1.968 0.992 0.614757733754795 0.653259784660669 0.894945925154759 0.396256 -1.084 -0.033184
0.544 0.5 0.484 -2.1 -0.0680000000000001 1.996 0.188 1.924 -1.08 -0.98 -1.1 2.016 -1.968 -0.032 -0.00800000000000001 0.458223320990889 0.210165595348554 2.02360720751896 -0.087744 -0.116 -1.121184
0.544 0.5 -0.516 -2.1 -2.068 -2.004 2.188 1.924 1.92 2.02 1.9 -0.984 2.032 1.968 -1.008 1.0036392996372 -0.425442043636202 -0.625926943106637 0.436256 0.884 1.054816
-0.456 -0.5 -0.516 -1.1 -1.068 -2.004 -0.812 1.924 -0.0800000000000001 -0.98 -2.1 -0.984 -1.968 -2.032 -0.00800000000000001 1.8093576491616 1.72283653443155 2.50332929426364 -0.079744 0.916 0.846816
-0.456 0.5 0.484 0.9 -1.068 -2.004 -1.812 -0.0760000000000001 1.92 2.02 1.9 -0.984 2.032 0.968 1.992 0.498074444296236 0.592604842821451 2.41987794976342 0.880256 0.384 -0.977184
0.544 0.5 0.484 1.9 -2.068 0.996 0.188 -1.076 1.92 0.02 1.9 2.016 0.032 -0.032 0.992 1.09271969183236 0.141148453109477 0.155926754258532 0.396256 -0.116 -0.033184
-0.456 0.5 0.484 -1.1 1.932 -1.004 -1.812 -2.076 0.92 0.02 1.9 -0.984 2.032 -0.032 -0.00800000000000001 0.528276426389687 2.12734898542323 1.53021083180784 -0.087744 -0.116 -0.977184
-0.456 -0.5 -0.516 -2.1 -2.068 -0.004 -1.812 -2.076 -1.08 -1.98 -2.1 -0.984 -1.968 -2.032 -2.008 -0.942933176216727 -0.861288559398388 -0.402741125176747 0.952256 0.916 0.846816
-0.456 -0.5 -0.516 -2.1 -0.0680000000000001 -1.004 2.188 -0.0760000000000001 1.92 0.02 1.9 1.016 2.032 -1.032 0.992 0.780923057693678 1.93554252579684 2.53701938230181 -0.595744 0.416 -0.977184
0.544 0.5 -0.516 -2.1 -1.068 -2.004 -1.812 1.924 -2.08 2.02 1.9 -0.984 -1.968 -0.032 -2.008 -1.99413786081171 -0.279091482989581 -3.26823925379683 0.952256 -0.116 -1.121184
-0.456 -0.5 0.484 -2.1 0.932 1.996 2.188 -1.076 -0.0800000000000001 0.02 -2.1 -1.984 -1.968 -2.032 -0.00800000000000001 2.24669417450227 2.18215804360818 2.41531279605935 -0.087744 0.916 0.846816
0.544 0.5 0.484 -1.1 -1.068 0.996 -1.812 -0.0760000000000001 1.92 2.02 0.9 2.016 2.032 1.968 0.992 1.06392929090125 2.23756180188259 2.6079738229241 0.396256 0.884 1.054816
-0.456 -0.5 -0.516 1.9 1.932 0.996 2.188 -0.0760000000000001 1.92 0.02 1.9 0.016 1.032 -1.032 -2.008 0.312999948256596 0.93315458680458 1.47415300742118 0.952256 0.416 -0.521184
-0.456 -0.5 -0.516 1.9 -2.068 -1.004 -1.812 0.924 -2.08 2.02 0.9 -0.984 0.032 -0.032 -1.008 0.976822989935306 -0.218301422621194 2.10852988634366 0.436256 -0.084 -0.065184
-0.456 -0.5 -0.516 -0.1 -1.068 -2.004 -1.812 -2.076 -2.08 -0.98 -2.1 -0.984 -1.968 -1.032 -1.008 0.51809943013552 0.623608769225323 1.82078541703223 0.436256 0.416 0.846816
-0.456 0.5 -0.516 -2.1 -2.068 0.996 1.188 -0.0760000000000001 -2.08 -1.98 -2.1 -0.984 2.032 -2.032 -0.00800000000000001 0.0875790737655576 0.582927454101638 -0.106188334640632 -0.079744 -1.116 -0.977184
-0.456 0.5 -0.516 -2.1 -2.068 1.996 -0.812 -2.076 0.92 -1.98 1.9 2.016 2.032 -0.032 -1.008 0.135405456847237 -0.668266786375575 0.943899221308611 0.436256 -0.116 -0.977184
0.544 -0.5 0.484 1.9 1.932 0.996 2.188 -2.076 1.92 0.02 -2.1 2.016 0.032 -2.032 0.992 0.243007271528471 0.985282209345904 -0.802381127294356 0.396256 0.916 -0.033184
-0.456 -0.5 -0.516 1.9 0.932 -0.004 -0.812 1.924 -1.08 1.02 1.9 0.016 1.032 -0.032 1.992 0.347347942095787 0.713031256887332 1.32595574336302 -1.111744 -0.084 -0.521184
-0.456 0.5 -0.516 -0.1 1.932 0.996 1.188 0.924 1.92 -0.98 1.9 -0.984 0.032 1.968 -0.00800000000000001 1.01333565581545 -0.150449061899203 1.61309953535662 -0.079744 0.884 -0.065184
-0.456 -0.5 -0.516 -2.1 -1.068 1.996 2.188 0.924 -2.08 1.02 0.9 -1.984 -0.968 0.968 0.992 0.0846195114714838 1.43991419935954 0.107228762684548 -0.595744 -0.584 0.390816
0.544 0.5 0.484 1.9 -0.0680000000000001 1.996 0.188 1.924 -2.08 2.02 -1.1 -1.984 1.032 1.968 0.992 1.43247013246496 0.524713840890504 1.55840467128432 0.396256 0.884 0.510816
0.544 0.5 0.484 1.9 1.932 -0.004 0.188 1.924 0.92 0.02 -0.1 2.016 -1.968 1.968 1.992 0.0382214434541831 2.54213507658219 0.0755845152564654 0.880256 0.884 -1.121184
0.544 -0.5 0.484 1.9 -2.068 0.996 -0.812 -0.0760000000000001 1.92 -1.98 -2.1 -0.984 -1.968 -2.032 -0.00800000000000001 0.0711850164379447 1.02486601665402 0.575549983736247 -0.087744 0.916 -1.121184
0.544 0.5 -0.516 1.9 1.932 -0.004 2.188 -2.076 0.92 1.02 1.9 -1.984 2.032 -0.032 -2.008 -0.209123815220357 1.18302164037868 2.99113972878665 0.952256 -0.116 1.054816
-0.456 0.5 -0.516 -0.1 0.932 0.996 1.188 1.924 0.92 0.02 0.9 -0.984 1.032 -2.032 -0.00800000000000001 1.09754934516238 1.70825135919134 0.774681879078428 -0.079744 -1.116 -0.521184
0.544 0.5 0.484 1.9 -1.068 1.996 -0.812 1.924 -1.08 2.02 0.9 2.016 1.032 1.968 1.992 0.719524964021442 2.11182656556279 0.248156065882901 0.880256 0.884 0.510816
-0.456 -0.5 -0.516 -0.1 1.932 -1.004 2.188 1.924 1.92 2.02 1.9 2.016 -1.968 1.968 -0.00800000000000001 0.246952186175312 1.38273995703783 0.686416401994064 -0.079744 -1.084 0.846816
0.544 -0.5 0.484 1.9 -1.068 -2.004 1.188 -0.0760000000000001 -0.0800000000000001 0.02 -1.1 0.016 -0.968 -0.032 0.992 1.75988938861191 0.507778857819156 3.59798749040039 0.396256 -0.084 -0.577184
-0.456 -0.5 -0.516 -2.1 -2.068 -0.004 2.188 0.924 -2.08 2.02 0.9 2.016 -1.968 0.968 1.992 1.34423751020698 0.340136378289991 0.565680575765606 -1.111744 -0.584 0.846816
0.544 0.5 0.484 -1.1 -0.0680000000000001 -2.004 1.188 -0.0760000000000001 -0.0800000000000001 -1.98 -2.1 -1.984 0.032 1.968 -1.008 1.82114434423538 1.74004776595779 1.03376484350937 -0.571744 0.884 -0.033184
0.544 0.5 0.484 0.9 1.932 -2.004 -0.812 -0.0760000000000001 1.92 2.02 1.9 -1.984 0.032 -1.032 1.992 1.13240606541679 1.08326179289481 0.703738845512899 0.880256 -0.616 -0.033184
-0.456 -0.5 -0.516 -1.1 1.932 0.996 2.188 1.924 -0.0800000000000001 1.02 1.9 2.016 2.032 0.968 1.992 -0.247457440898767 1.96198300717396 0.967256128502241 -1.111744 -0.584 -0.977184
-0.456 0.5 0.484 -2.1 0.932 -1.004 -1.812 -0.0760000000000001 1.92 2.02 -0.1 0.016 -0.968 -0.032 -0.00800000000000001 1.05226153443801 1.34848055366729 1.79311346724411 -0.087744 -0.116 0.390816
0.544 0.5 0.484 1.9 1.932 -2.004 -1.812 1.924 0.92 -1.98 -1.1 1.016 -1.968 -1.032 0.992 0.348010267914679 0.0720493952884096 1.68973454176861 0.396256 -0.616 -1.121184
-0.456 -0.5 -0.516 1.9 -2.068 -2.004 0.188 -0.0760000000000001 -1.08 -0.98 -1.1 -1.984 1.032 -1.032 -0.00800000000000001 0.914700660198693 0.236241419095332 0.622657882490833 -0.079744 0.416 -0.521184
0.544 0.5 -0.516 -2.1 -2.068 -2.004 0.188 -2.076 -2.08 1.02 -2.1 -1.984 -1.968 -2.032 -0.00800000000000001 0.0220713741085009 1.50672494049648 0.729756883869719 -0.079744 -1.116 -1.121184
-0.456 0.5 -0.516 1.9 -2.068 1.996 -0.812 1.924 0.92 1.02 1.9 0.016 1.032 0.968 1.992 0.576129402748054 0.70022834799463 1.83089394989022 -1.111744 0.384 -0.521184
0.544 0.5 0.484 -1.1 1.932 0.996 -1.812 1.924 1.92 2.02 1.9 0.016 1.032 -0.032 0.992 0.925750885725896 0.751050372451894 1.95526891688632 0.396256 -0.116 0.510816
0.544 0.5 0.484 0.9 -1.068 -0.004 -1.812 1.924 1.92 -0.98 1.9 2.016 2.032 1.968 1.992 1.53598738891944 0.962816714918065 0.959740212605516 0.880256 0.884 1.054816
-0.456 0.5 0.484 -0.1 -2.068 -2.004 1.188 -2.076 -2.08 -1.98 -1.1 2.016 0.032 -0.032 -2.008 -0.0802352052086389 -0.254866147411847 -0.696855477746557 -1.055744 -0.116 -0.065184
0.544 0.5 0.484 0.9 0.932 -0.004 0.188 1.924 -2.08 -1.98 -2.1 0.016 -1.968 -2.032 -2.008 2.0055004973178 1.80145430221842 -1.0775375038932 -1.055744 -1.116 -1.121184
-0.456 -0.5 -0.516 0.9 -2.068 -1.004 1.188 -0.0760000000000001 -2.08 2.02 -1.1 2.016 -0.968 -1.032 -1.008 1.22835414575721 1.29453672215277 1.13214647925771 0.436256 0.416 0.390816
-0.456 -0.5 -0.516 0.9 0.932 -0.004 2.188 -1.076 -2.08 -1.98 -2.1 1.016 2.032 -2.032 -1.008 0.462216221211571 -0.335375283979724 0.377414870102476 0.436256 0.916 -0.977184
0.544 0.5 0.484 1.9 -1.068 1.996 2.188 -1.076 1.92 1.02 -2.1 0.016 -0.968 -1.032 -2.008 1.37583816763642 1.37332532029229 0.902003913064641 -1.055744 -0.616 -0.577184
-0.456 -0.5 -0.516 1.9 -2.068 -2.004 -1.812 1.924 0.92 -1.98 1.9 2.016 -1.968 -2.032 -1.008 -0.503840419555411 1.14835632528625 2.04362720363525 0.436256 0.916 0.846816
0.544 -0.5 0.484 1.9 -2.068 0.996 -1.812 -2.076 1.92 -0.98 0.9 1.016 0.032 1.968 -2.008 0.693679998416041 1.20540118304158 1.40183469361564 -1.055744 -1.084 -0.033184
-0.456 -0.5 0.484 -2.1 1.932 1.996 -1.812 -2.076 -0.0800000000000001 -0.98 0.9 2.016 1.032 -2.032 1.992 1.02018647441959 -0.0665097201721734 -0.48069840680904 0.880256 0.916 -0.521184
0.544 0.5 0.484 1.9 -0.0680000000000001 -2.004 0.188 0.924 1.92 2.02 -1.1 -0.984 0.032 -1.032 -0.00800000000000001 2.03233141976011 0.576286262298314 0.257569271643715 -0.087744 -0.616 -0.033184
-0.456 -0.5 -0.516 -0.1 -2.068 -0.004 1.188 -2.076 -2.08 -1.98 -2.1 -1.984 -1.968 -2.032 -2.008 0.73406238820614 0.620927630300227 1.15670334932657 0.952256 0.916 0.846816
0.544 0.5 0.484 1.9 -0.0680000000000001 -2.004 1.188 1.924 -1.08 2.02 1.9 -1.984 1.032 1.968 1.992 2.18441706578914 1.29746710115024 2.92878196179286 0.880256 0.884 0.510816
0.544 0.5 0.484 -0.1 -2.068 -2.004 -0.812 -2.076 -2.08 -1.98 -2.1 -1.984 -0.968 -0.032 -1.008 1.5318324024406 2.60146022955697 3.19846211950168 -0.571744 -0.116 -0.577184
-0.456 0.5 0.484 -0.1 0.932 -2.004 -1.812 -1.076 -2.08 -1.98 -2.1 -0.984 -1.968 -2.032 -1.008 1.05379192468327 0.741890218256652 0.00269545212748978 -0.571744 -1.116 0.846816
0.544 0.5 0.484 -2.1 -2.068 1.996 -0.812 0.924 -0.0800000000000001 0.02 -2.1 1.016 1.032 1.968 -0.00800000000000001 0.563961134919059 1.06625733412272 0.989139676676712 -0.087744 0.884 0.510816
-0.456 -0.5 -0.516 -2.1 0.932 1.996 -0.812 -2.076 -1.08 0.02 -0.1 0.016 -0.968 1.968 -0.00800000000000001 -0.789860817412996 -0.413593903349904 -0.281585657335285 -0.079744 -1.084 0.390816
0.544 0.5 0.484 -2.1 -2.068 -2.004 1.188 -0.0760000000000001 -2.08 2.02 -0.1 -1.984 1.032 -2.032 1.992 1.18335297607668 1.35602965092703 1.28488284760198 0.880256 -1.116 0.510816
-0.456 0.5 0.484 1.9 -1.068 -1.004 2.188 -1.076 0.92 1.02 -2.1 1.016 1.032 1.968 0.992 1.14423906261911 1.95273641703397 1.71981113817599 0.396256 0.884 -0.521184
-0.456 0.5 -0.516 -1.1 -0.0680000000000001 -1.004 -1.812 -2.076 0.92 -1.98 1.9 -1.984 -1.968 -2.032 -0.00800000000000001 -0.497310929756482 0.417086834034697 0.905926280111513 -0.079744 -1.116 0.846816
-0.456 -0.5 -0.516 1.9 -1.068 -2.004 -1.812 -0.0760000000000001 -0.0800000000000001 0.02 -2.1 -1.984 -1.968 -1.032 -1.008 0.00221115507312952 -0.859945925888732 -1.19396982882543 0.436256 0.416 0.846816
0.544 0.5 0.484 -2.1 0.932 1.996 0.188 -0.0760000000000001 -1.08 -1.98 1.9 1.016 2.032 1.968 1.992 2.1083979466073 1.82170647901277 3.24148729556629 0.880256 0.884 1.054816
0.544 -0.5 0.484 -1.1 1.932 1.996 1.188 0.924 -0.0800000000000001 1.02 -1.1 -0.984 2.032 -0.032 0.992 1.76345183289188 3.10806191585072 1.54220368717144 0.396256 -0.084 1.054816
-0.456 -0.5 -0.516 -2.1 -2.068 -1.004 0.188 -0.0760000000000001 -1.08 2.02 -0.1 0.016 -0.968 -2.032 -1.008 0.563627555633041 0.371484887659924 0.281887832240593 0.436256 0.916 0.390816
-0.456 0.5 0.484 0.9 -2.068 1.996 2.188 1.924 -1.08 -1.98 -2.1 1.016 -0.968 -1.032 -2.008 0.749074473908492 1.81773490024546 1.38493397222635 -1.055744 -0.616 0.390816
0.544 -0.5 0.484 1.9 -1.068 -0.004 2.188 1.924 -2.08 0.02 1.9 2.016 2.032 1.968 -0.00800000000000001 1.33169079020034 0.544957525748343 0.308935804985677 -0.087744 -1.084 1.054816
-0.456 -0.5 0.484 -2.1 1.932 -2.004 0.188 -2.076 -2.08 0.02 -2.1 -1.984 -1.968 -1.032 -2.008 -0.0247147712646525 -0.286288718081951 -0.794033517908611 -1.055744 0.416 0.846816
-0.456 0.5 -0.516 -0.1 -1.068 -1.004 -0.812 -2.076 -2.08 -1.98 -2.1 -1.984 -1.968 -2.032 -2.008 -1.58119041553348 -0.886555973928629 -1.77994362660227 0.952256 -1.116 0.846816
-0.456 -0.5 -0.516 1.9 -2.068 -2.004 2.188 1.924 -1.08 2.02 1.9 2.016 0.032 0.968 1.992 1.62896607794961 1.01715862140865 0.978708576710983 -1.111744 -0.584 -0.065184
0.544 -0.5 0.484 -0.1 0.932 1.996 2.188 1.924 1.92 1.02 -2.1 0.016 0.032 0.968 -0.00800000000000001 0.469338645590141 1.6774161477401 2.14635335087762 -0.087744 -0.584 -0.033184
0.544 -0.5 0.484 -0.1 -2.068 -0.004 -1.812 -1.076 -1.08 -1.98 -0.1 0.016 -1.968 -0.032 -0.00800000000000001 0.342184371079067 0.246812609727657 2.15843577699928 -0.087744 -0.084 -1.121184
-0.456 -0.5 -0.516 1.9 0.932 -0.004 1.188 0.924 -0.0800000000000001 0.02 1.9 1.016 -0.968 -1.032 -0.00800000000000001 1.95498709734416 1.90563274507678 1.3126579318252 -0.079744 0.416 0.390816
-0.456 -0.5 -0.516 0.9 -0.0680000000000001 -2.004 0.188 -2.076 -0.0800000000000001 0.02 1.9 2.016 0.032 -0.032 -0.00800000000000001 0.0989756972812531 0.767347932190187 -0.427027589377973 -0.079744 -0.084 -0.065184
0.544 -0.5 0.484 -0.1 0.932 -2.004 2.188 0.924 1.92 1.02 0.9 1.016 0.032 -2.032 -1.008 1.09754102257055 0.382594260932902 0.316028371569579 -0.571744 0.916 -0.033184
-0.456 -0.5 0.484 -0.1 -2.068 0.996 -0.812 -2.076 1.92 0.02 -2.1 -0.984 -1.968 -0.032 0.992 0.679640276968331 1.46478414295485 2.92171107251931 0.396256 -0.084 0.846816
-0.456 -0.5 -0.516 1.9 -0.0680000000000001 -2.004 -1.812 1.924 -1.08 -1.98 -2.1 -0.984 -0.968 -0.032 -1.008 0.841773235277098 0.868325052707579 1.13695928833881 0.436256 -0.084 0.390816
-0.456 -0.5 -0.516 -2.1 -0.0680000000000001 1.996 0.188 -2.076 -1.08 -1.98 -2.1 -1.984 -0.968 -2.032 -2.008 0.156041262386557 0.121152327432346 1.15345643196013 0.952256 0.916 0.390816
0.544 0.5 0.484 1.9 -2.068 0.996 -1.812 -1.076 1.92 -0.98 -1.1 -0.984 -0.968 -1.032 -0.00800000000000001 2.11154512551098 0.380376158568406 2.26934077996053 -0.087744 -0.616 -0.577184
0.544 0.5 0.484 -1.1 -0.0680000000000001 0.996 0.188 1.924 0.92 -1.98 0.9 -0.984 1.032 1.968 -0.00800000000000001 0.814736364596078 2.30771373269554 1.90057686872273 -0.087744 0.884 0.510816
0.544 0.5 0.484 0.9 -1.068 -2.004 -0.812 -2.076 -0.0800000000000001 -0.98 -1.1 -1.984 -1.968 -2.032 -0.00800000000000001 0.794639632019069 1.47093993299692 2.0661165294277 -0.087744 -1.116 -1.121184
-0.456 0.5 -0.516 -0.1 -2.068 -2.004 2.188 0.924 -1.08 -1.98 -0.1 0.016 2.032 1.968 0.992 0.598302429391557 0.777563945306053 1.38551657402885 -0.595744 0.884 -0.977184
0.544 -0.5 0.484 -2.1 1.932 -2.004 -1.812 -1.076 1.92 0.02 -2.1 1.016 -1.968 -2.032 -1.008 1.28526452726258 1.30385777619096 0.90287959530028 -0.571744 0.916 -1.121184
0.544 -0.5 -0.516 0.9 1.932 1.996 0.188 -1.076 -2.08 -0.98 0.9 1.016 0.032 1.968 -1.008 0.749208987442523 1.70340533826178 1.5775100456018 0.436256 -1.084 -0.033184
-0.456 -0.5 -0.516 -1.1 -1.068 -1.004 -0.812 1.924 1.92 -0.98 -0.1 0.016 1.032 0.968 1.992 0.462606552234011 0.285918995124347 -0.236024891534748 -1.111744 -0.584 -0.521184
-0.456 -0.5 -0.516 -2.1 0.932 1.996 -0.812 -2.076 0.92 -1.98 0.9 0.016 1.032 -1.032 -1.008 1.54591113561095 1.95363692353543 2.3111246990089 0.436256 0.416 -0.521184
-0.456 0.5 0.484 1.9 -2.068 1.996 -1.812 -2.076 -2.08 0.02 -2.1 -0.984 1.032 0.968 -0.00800000000000001 1.26522233903615 1.51970929433761 2.20381185137902 -0.087744 0.384 -0.521184
-0.456 0.5 -0.516 1.9 1.932 -0.004 -0.812 1.924 -2.08 2.02 -2.1 -1.984 1.032 0.968 0.992 1.30736649036204 1.48579658646592 2.14353811466453 -0.595744 0.384 -0.521184
-0.456 -0.5 -0.516 -1.1 -0.0680000000000001 -2.004 0.188 1.924 -2.08 -1.98 0.9 -0.984 -1.968 1.968 0.992 0.417621906364257 0.595223728085207 0.840200473876601 -0.595744 -1.084 0.846816
0.544 0.5 0.484 1.9 -0.0680000000000001 1.996 1.188 0.924 -2.08 1.02 -2.1 2.016 -1.968 -2.032 -2.008 -0.471941670840592 -0.75476852094678 -0.603378296165852 -1.055744 -1.116 -1.121184
0.544 0.5 0.484 -2.1 1.932 -2.004 -1.812 -2.076 0.92 1.02 0.9 2.016 0.032 -1.032 0.992 0.444169347654867 0.0659532370298612 0.131536565877932 0.396256 -0.616 -0.033184
0.544 -0.5 -0.516 -2.1 1.932 1.996 2.188 -2.076 -2.08 1.02 -2.1 -1.984 -0.968 -2.032 -2.008 0.114383765576784 0.202605826341131 0.561815155130546 0.952256 0.916 -0.577184
0.544 0.5 0.484 1.9 -1.068 -1.004 -1.812 -2.076 -2.08 0.02 0.9 -0.984 0.032 -1.032 -2.008 0.256234857174399 0.828762428132527 1.93422967559455 -1.055744 -0.616 -0.033184
0.544 0.5 0.484 1.9 1.932 -2.004 2.188 -2.076 -2.08 2.02 1.9 2.016 1.032 1.968 1.992 1.31094314009007 2.12334362642142 2.65644406093382 0.880256 0.884 0.510816
0.544 -0.5 -0.516 0.9 -1.068 -2.004 2.188 -0.0760000000000001 -2.08 2.02 -0.1 -1.984 1.032 -1.032 0.992 0.531337248599229 0.3879024883486 0.937173866529863 -0.595744 0.416 0.510816
0.544 0.5 0.484 -2.1 1.932 1.996 -1.812 -1.076 -2.08 1.02 -0.1 -0.984 2.032 0.968 -0.00800000000000001 1.59093868760593 1.28586739746159 2.00629936560284 -0.087744 0.384 1.054816
-0.456 -0.5 -0.516 -2.1 -2.068 1.996 -0.812 0.924 1.92 -1.98 -0.1 -0.984 -0.968 0.968 -0.00800000000000001 0.277416505574016 -0.0567863625647786 0.18267527575595 -0.079744 -0.584 0.390816
0.544 0.5 0.484 1.9 0.932 1.996 1.188 -0.0760000000000001 -1.08 -1.98 -2.1 0.016 -0.968 -0.032 0.992 1.05346177762407 1.53408764350979 1.56736752703594 0.396256 -0.116 -0.577184
0.544 0.5 0.484 -1.1 -1.068 -0.004 1.188 -0.0760000000000001 -1.08 1.02 -0.1 -1.984 1.032 1.968 -0.00800000000000001 0.169120957983714 1.44291297745463 0.752091869183443 -0.087744 0.884 0.510816
-0.456 0.5 0.484 -2.1 1.932 0.996 -1.812 1.924 -0.0800000000000001 -0.98 -2.1 -1.984 -1.968 -1.032 -2.008 -0.0615560208430527 -0.476474371798764 -1.14036014116192 -1.055744 -0.616 0.846816
-0.456 -0.5 -0.516 -1.1 1.932 -1.004 1.188 -0.0760000000000001 1.92 2.02 -0.1 2.016 -0.968 -2.032 0.992 1.12043669863075 1.16208905529239 2.58270969056993 -0.595744 0.916 0.390816
0.544 0.5 0.484 -2.1 -2.068 -0.004 0.188 1.924 -1.08 1.02 -0.1 -1.984 -1.968 0.968 -0.00800000000000001 0.146403712426008 2.18531585315413 0.651581058103467 -0.087744 0.384 -1.121184
0.544 0.5 0.484 -2.1 -2.068 -2.004 -1.812 0.924 0.92 0.02 1.9 1.016 1.032 -2.032 -2.008 1.26241075435581 2.02631598896998 1.96740123282405 -1.055744 -1.116 0.510816
0.544 0.5 -0.516 -2.1 0.932 -2.004 2.188 0.924 1.92 2.02 -2.1 0.016 1.032 -2.032 -0.00800000000000001 1.49486539808346 0.53558821325695 1.98439690486889 -0.079744 -1.116 0.510816
0.544 0.5 -0.516 -2.1 1.932 -2.004 2.188 1.924 -2.08 0.02 1.9 1.016 1.032 -0.032 0.992 0.864867969595425 1.51899623312969 1.53329921208176 -0.595744 -0.116 0.510816
0.544 -0.5 -0.516 1.9 1.932 1.996 -1.812 -0.0760000000000001 -2.08 0.02 -1.1 -1.984 0.032 -2.032 -0.00800000000000001 -0.0539372451256544 1.18670310185439 0.257474112589236 -0.079744 0.916 -0.033184
0.544 -0.5 -0.516 -0.1 -0.0680000000000001 -0.004 0.188 -2.076 0.92 -1.98 1.9 -0.984 -1.968 1.968 0.992 -0.0401674076190252 0.834992437061139 0.832180819620489 -0.595744 -1.084 -1.121184
-0.456 -0.5 -0.516 1.9 -1.068 -1.004 -0.812 -2.076 -1.08 -1.98 -0.1 1.016 0.032 -0.032 -0.00800000000000001 1.170972135941 1.31693833047622 2.32461437963184 -0.079744 -0.084 -0.065184
-0.456 -0.5 -0.516 -0.1 -2.068 0.996 2.188 -1.076 -1.08 1.02 1.9 -0.984 -0.968 -0.032 -0.00800000000000001 1.12880355212426 1.80001204671413 1.58350064277226 -0.079744 -0.084 0.390816
-0.456 0.5 0.484 -2.1 1.932 1.996 -0.812 -0.0760000000000001 0.92 -0.98 1.9 0.016 1.032 0.968 -2.008 -0.136485066956276 0.232469712373956 0.85609837924864 -1.055744 0.384 -0.521184
-0.456 0.5 0.484 1.9 1.932 -1.004 -1.812 -0.0760000000000001 -2.08 0.02 -2.1 2.016 0.032 0.968 1.992 1.32185562350247 2.01884496199977 1.71245050166399 0.880256 0.384 -0.065184
-0.456 -0.5 0.484 1.9 -1.068 -0.004 -1.812 -1.076 1.92 -0.98 -1.1 0.016 1.032 -1.032 -0.00800000000000001 -0.465355279168445 0.323928573706355 0.0118147591005091 -0.087744 0.416 -0.521184
-0.456 -0.5 -0.516 -0.1 -2.068 -2.004 0.188 1.924 -2.08 1.02 -2.1 -1.984 -1.968 -2.032 -2.008 0.346304310066671 0.628730513508811 -0.179816747628623 0.952256 0.916 0.846816
-0.456 -0.5 -0.516 -2.1 -1.068 1.996 2.188 0.924 1.92 2.02 -0.1 1.016 -0.968 1.968 -2.008 0.332563772665414 -0.718788147805033 -0.331709695672607 0.952256 -1.084 0.390816
-0.456 0.5 0.484 1.9 1.932 0.996 2.188 1.924 0.92 -1.98 0.9 2.016 -1.968 0.968 1.992 1.37271197046794 1.27647418591559 1.41354083759813 0.880256 0.384 0.846816
-0.456 -0.5 -0.516 1.9 -0.0680000000000001 0.996 1.188 -2.076 1.92 -0.98 1.9 1.016 2.032 -2.032 0.992 0.562666277274144 1.50214577234389 1.65046706205224 -0.595744 0.916 -0.977184
-0.456 -0.5 -0.516 -0.1 -1.068 1.996 -1.812 1.924 -2.08 -1.98 0.9 0.016 0.032 -2.032 -2.008 -0.268490807995954 -0.468961856711346 0.618207986286993 0.952256 0.916 -0.065184
-0.456 0.5 -0.516 1.9 -2.068 -1.004 1.188 1.924 -2.08 0.02 1.9 -0.984 -0.968 -2.032 1.992 -0.276082539401152 -0.556274920862291 -0.340263793309119 -1.111744 -1.116 0.390816
-0.456 -0.5 -0.516 -2.1 1.932 0.996 2.188 -0.0760000000000001 0.92 -0.98 1.9 0.016 1.032 -0.032 0.992 1.074062659852 1.3406091822965 3.12319859349585 -0.595744 -0.084 -0.521184
0.544 -0.5 -0.516 -0.1 -2.068 0.996 2.188 -0.0760000000000001 1.92 -1.98 1.9 -0.984 -0.968 -1.032 -0.00800000000000001 0.809349750230242 0.555805655348712 0.0907172923712328 -0.079744 0.416 -0.577184
0.544 0.5 0.484 1.9 0.932 -1.004 -1.812 -0.0760000000000001 1.92 1.02 1.9 -1.984 -0.968 1.968 -0.00800000000000001 1.59170808721469 1.91061809214049 2.46484564400507 -0.087744 0.884 -0.577184
-0.456 -0.5 0.484 1.9 1.932 -1.004 2.188 -2.076 0.92 -1.98 -0.1 2.016 -0.968 0.968 -0.00800000000000001 0.749511356437321 0.859172080367059 0.373687354456365 -0.087744 -0.584 0.390816
0.544 0.5 0.484 1.9 1.932 1.996 -1.812 -0.0760000000000001 1.92 0.02 1.9 2.016 0.032 -1.032 -0.00800000000000001 -0.0637700011012207 0.470161665053492 0.223735590601276 -0.087744 -0.616 -0.033184
0.544 -0.5 -0.516 -1.1 -0.0680000000000001 -1.004 2.188 1.924 0.92 2.02 -0.1 -0.984 2.032 1.968 1.992 0.794007193348599 0.734169591648535 0.4287187588101 -1.111744 -1.084 1.054816
0.544 0.5 0.484 1.9 -1.068 -1.004 2.188 -2.076 1.92 1.02 1.9 2.016 2.032 1.968 1.992 1.22255524923602 1.50781932131854 1.53952429820478 0.880256 0.884 1.054816
-0.456 -0.5 -0.516 0.9 0.932 -0.004 0.188 -0.0760000000000001 -0.0800000000000001 2.02 1.9 0.016 -1.968 -0.032 -2.008 0.715261313191884 -0.262642347791022 0.303436301578216 0.952256 -0.084 0.846816
-0.456 -0.5 -0.516 -1.1 -0.0680000000000001 1.996 1.188 -0.0760000000000001 -1.08 2.02 0.9 -0.984 1.032 -2.032 -2.008 -0.394138899083208 -0.735144348634555 -0.0462698887915993 0.952256 0.916 -0.521184
0.544 0.5 -0.516 -2.1 1.932 -2.004 -0.812 -1.076 1.92 0.02 0.9 0.016 1.032 -0.032 -0.00800000000000001 0.902726500604154 1.62183755318077 1.12883903178936 -0.079744 -0.116 0.510816
-0.456 0.5 0.484 -2.1 1.932 -0.004 -0.812 0.924 -1.08 -1.98 1.9 1.016 2.032 -0.032 0.992 1.99770286478405 2.19147784977866 1.67673518458724 0.396256 -0.116 -0.977184
-0.456 0.5 -0.516 1.9 -2.068 1.996 2.188 -1.076 1.92 2.02 1.9 -0.984 -0.968 -0.032 1.992 1.57946410964681 2.97232502901833 3.77278440023286 -1.111744 -0.116 0.390816
-0.456 0.5 0.484 -0.1 -0.0680000000000001 0.996 2.188 -1.076 0.92 1.02 1.9 -1.984 2.032 1.968 -0.00800000000000001 0.802298105279061 2.1270788034276 2.06788144853543 -0.087744 0.884 -0.977184
0.544 -0.5 0.484 -2.1 -2.068 0.996 1.188 1.924 -0.0800000000000001 1.02 0.9 0.016 -0.968 0.968 -1.008 0.642159456370589 0.289217422877313 0.324764852539164 -0.571744 -0.584 -0.577184
0.544 0.5 0.484 1.9 1.932 1.996 2.188 0.924 0.92 1.02 1.9 -1.984 0.032 1.968 -0.00800000000000001 0.879694502215157 0.561758982787574 1.88075275217304 -0.087744 0.884 -0.033184
0.544 0.5 -0.516 1.9 -2.068 -1.004 0.188 -1.076 1.92 1.02 -1.1 2.016 1.032 -0.032 0.992 0.369119983979965 1.223648583953 0.990121624144995 -0.595744 -0.116 0.510816
-0.456 -0.5 -0.516 1.9 -1.068 1.996 -1.812 0.924 -1.08 2.02 -1.1 2.016 2.032 1.968 1.992 0.870014541134311 1.28626276866767 1.02923202867571 -1.111744 -1.084 -0.977184
-0.456 -0.5 -0.516 1.9 -2.068 1.996 -1.812 -2.076 -2.08 -0.98 -2.1 -1.984 -0.968 0.968 -2.008 -0.0667523925764493 -1.25009272441002 -1.31885055786338 0.952256 -0.584 0.390816
-0.456 -0.5 0.484 -2.1 -2.068 -1.004 -0.812 1.924 -0.0800000000000001 0.02 1.9 -1.984 1.032 0.968 -2.008 0.617492389791495 -0.138895494274958 0.225346563633038 -1.055744 -0.584 -0.521184
-0.456 -0.5 0.484 -0.1 -2.068 0.996 -0.812 1.924 1.92 1.02 -1.1 0.016 -1.968 -0.032 -0.00800000000000001 0.625195183428664 -0.0123996838023464 0.522619790610271 -0.087744 -0.084 0.846816
-0.456 -0.5 -0.516 0.9 0.932 -2.004 -1.812 0.924 0.92 0.02 -1.1 0.016 -1.968 1.968 1.992 1.4128565086417 2.24291924344072 3.29003065111782 -1.111744 -1.084 0.846816
0.544 -0.5 0.484 -2.1 0.932 0.996 -1.812 1.924 -1.08 -1.98 0.9 -1.984 0.032 0.968 -0.00800000000000001 0.59770266996822 1.74821198654016 1.80573115872109 -0.087744 -0.584 -0.033184
-0.456 0.5 0.484 -1.1 1.932 1.996 1.188 -1.076 1.92 2.02 1.9 2.016 2.032 1.968 1.992 0.958653830798829 1.0540169651698 2.72231813213203 0.880256 0.884 -0.977184
-0.456 -0.5 -0.516 1.9 -2.068 -0.004 -1.812 -0.0760000000000001 1.92 2.02 -0.1 0.016 -1.968 -1.032 1.992 -1.41491944152009 -0.819863124666791 -1.25477254421282 -1.111744 0.416 0.846816
0.544 0.5 0.484 -0.1 -0.0680000000000001 0.996 0.188 1.924 -0.0800000000000001 1.02 1.9 1.016 0.032 0.968 0.992 1.57263498031206 2.37971507648319 2.58247520337301 0.396256 0.384 -0.033184
-0.456 -0.5 -0.516 0.9 1.932 -2.004 -1.812 -2.076 -0.0800000000000001 0.02 -2.1 -0.984 -1.968 0.968 -2.008 0.116190685774924 0.567632838051255 -0.271127776653939 0.952256 -0.584 0.846816
0.544 0.5 0.484 0.9 -2.068 1.996 -1.812 1.924 1.92 -1.98 1.9 1.016 1.032 1.968 0.992 0.797291744229126 0.575754728668146 1.36927938542365 0.396256 0.884 0.510816
-0.456 0.5 0.484 1.9 -0.0680000000000001 -1.004 2.188 1.924 1.92 2.02 1.9 1.016 2.032 1.968 1.992 0.0591535335367602 0.163774866515456 0.919186725250762 0.880256 0.884 -0.977184
-0.456 -0.5 -0.516 -0.1 0.932 -1.004 2.188 -1.076 -0.0800000000000001 -0.98 -1.1 -0.984 0.032 1.968 0.992 -1.49525573771001 -0.756458049778941 -2.27099330394477 -0.595744 -1.084 -0.065184
0.544 0.5 0.484 -1.1 -0.0680000000000001 -0.004 -1.812 -2.076 1.92 1.02 -2.1 -0.984 -0.968 -2.032 -2.008 -0.340344038195413 0.256894379689053 0.847917052904756 -1.055744 -1.116 -0.577184
0.544 -0.5 -0.516 -2.1 0.932 -2.004 -0.812 1.924 -2.08 0.02 -0.1 2.016 -1.968 1.968 -2.008 -0.0780373184763639 0.188837026921915 0.220161888288531 0.952256 -1.084 -1.121184
0.544 -0.5 0.484 -0.1 -2.068 -1.004 0.188 -1.076 -2.08 2.02 -2.1 -1.984 -1.968 -0.032 -2.008 0.0775345992854579 0.459691992561987 0.876725909748227 -1.055744 -0.084 -1.121184
0.544 0.5 -0.516 -1.1 -0.0680000000000001 0.996 0.188 1.924 -0.0800000000000001 -0.98 0.9 0.016 0.032 -1.032 -0.00800000000000001 0.983266650561601 1.79834597071153 2.15115813786215 -0.079744 -0.616 -0.033184
0.544 0.5 0.484 1.9 -0.0680000000000001 0.996 -0.812 -2.076 1.92 1.02 0.9 0.016 2.032 -0.032 -1.008 0.612678817550696 1.11925579486735 1.95148104497728 -0.571744 -0.116 1.054816
0.544 0.5 0.484 1.9 -0.0680000000000001 -2.004 -1.812 -2.076 1.92 1.02 1.9 1.016 2.032 0.968 1.992 0.39845988099596 1.12329462362848 1.85004047069381 0.880256 0.384 1.054816
-0.456 0.5 0.484 -0.1 1.932 -2.004 2.188 0.924 -2.08 -1.98 0.9 -1.984 1.032 -1.032 -2.008 0.201127439680773 0.160944962938334 0.298095756818636 -1.055744 -0.616 -0.521184
0.544 0.5 0.484 -0.1 1.932 -0.004 -0.812 -0.0760000000000001 -1.08 -1.98 0.9 1.016 -1.968 -2.032 -2.008 1.66653133535368 1.8271218474021 2.59832123994598 -1.055744 -1.116 -1.121184
0.544 0.5 0.484 -2.1 -0.0680000000000001 -2.004 -1.812 -2.076 1.92 -1.98 0.9 -1.984 1.032 -2.032 -1.008 1.48614748565517 0.599105692713111 1.05268249049049 -0.571744 -1.116 0.510816
0.544 0.5 0.484 -2.1 1.932 -2.004 -1.812 -2.076 0.92 0.02 -2.1 0.016 -1.968 -1.032 -0.00800000000000001 0.447502074424438 1.1758993678294 1.40501234926737 -0.087744 -0.616 -1.121184
-0.456 -0.5 -0.516 -0.1 1.932 -2.004 -1.812 -2.076 -2.08 -0.98 -2.1 -0.984 -1.968 -2.032 -2.008 0.262095248284197 0.887722167551477 -0.660842106811363 0.952256 0.916 0.846816
-0.456 0.5 0.484 1.9 1.932 1.996 -1.812 -1.076 1.92 2.02 0.9 1.016 0.032 1.968 -1.008 1.05160164004936 1.05416526205292 1.4184847294488 -0.571744 0.884 -0.065184
0.544 0.5 0.484 1.9 -0.0680000000000001 -2.004 -1.812 0.924 1.92 2.02 1.9 2.016 0.032 -0.032 1.992 1.62369327323398 1.57057717604238 2.92496752005916 0.880256 -0.116 -0.033184
-0.456 0.5 -0.516 -1.1 1.932 0.996 -1.812 -2.076 1.92 2.02 -1.1 1.016 1.032 -1.032 0.992 -0.378775901559833 1.03544026844197 1.47911237291733 -0.595744 -0.616 -0.521184
-0.456 -0.5 0.484 -2.1 1.932 -2.004 -1.812 -2.076 -2.08 -1.98 -2.1 1.016 -1.968 -1.032 -2.008 -0.305770215959661 -0.617061976670733 -0.228111313320433 -1.055744 0.416 0.846816
-0.456 -0.5 -0.516 -1.1 1.932 -2.004 -1.812 0.924 -1.08 -0.98 -1.1 2.016 2.032 1.968 -1.008 0.32532462656385 0.85711438541643 1.50179322935242 0.436256 -1.084 -0.977184
-0.456 0.5 0.484 1.9 1.932 0.996 -0.812 -0.0760000000000001 0.92 2.02 0.9 -1.984 1.032 0.968 0.992 0.681759746472811 1.53749783470397 1.69863947059601 0.396256 0.384 -0.521184
-0.456 -0.5 -0.516 -1.1 0.932 0.996 2.188 -2.076 -0.0800000000000001 0.02 0.9 -1.984 0.032 -2.032 -1.008 -0.211728589829529 0.445390426817312 0.468295077251084 0.436256 0.916 -0.065184
