0.45 0.51 0.45 -1.8 -1.84 2.08 1.78 -2 -1.99 -1.92 1.95 0.95 -2.01 -0.84 0.99 -0.292281602089095 1.41638227852409 1.39035763234551 0.231 -0.5468 -0.959
-0.55 0.51 0.45 2.2 2.16 -1.92 -2.22 0 0.01 -0.92 0.95 -2.05 -2.01 1.16 -2.01 -1.50728438389345 1.87483192102399 3.52515010523254 -1.119 0.4732 1.051
-0.55 0.51 0.45 0.2 1.16 -1.92 1.78 2 -1.99 -0.92 1.95 0.95 0.99 0.16 -1.01 0.160253073446098 0.0318799479831994 -0.33562334232972 -0.669 -0.0368000000000001 -0.599
-0.55 -0.49 -0.55 -1.8 2.16 1.08 -2.22 -2 -1.99 -1.92 -2.05 -1.05 -2.01 1.16 0.99 0.0945916921173445 0.240416020987896 -0.234416486695583 -0.759 -0.6868 1.051
0.45 0.51 0.45 -0.8 0.16 -1.92 0.78 -1 2.01 -1.92 -0.0499999999999998 0.95 -2.01 -0.84 1.99 -0.0204049572477139 2.74722862338343 2.71820814833668 0.681 -0.5468 -0.959
-0.55 -0.49 -0.55 -1.8 -0.84 -1.92 -2.22 0 -1.99 -1.92 -2.05 0.95 0.99 -1.84 -2.01 -0.993816144632112 1.41224939769802 0.347244666862939 0.891 0.7832 -0.599
-0.55 -0.49 0.45 0.2 -0.84 0.0800000000000001 0.78 0 -0.99 0.0800000000000001 -2.05 1.95 1.99 0.16 1.99 2.49364509365413 0.959688702692009 2.77755674961173 0.681 -0.1968 -1.149
0.45 0.51 -0.55 0.2 2.16 2.08 1.78 -1 2.01 -1.92 -0.0499999999999998 0.95 1.99 2.16 -0.00999999999999979 -0.272993164140929 0.371929150959717 -0.464057093772909 -0.209 0.9832 0.841
0.45 -0.49 -0.55 2.2 -1.84 -0.92 -1.22 2 1.01 2.08 -2.05 -0.0499999999999998 -1.01 2.16 -2.01 -0.661474779361336 0.78449341855339 -0.125426097203091 0.891 -1.1768 -0.509
-0.55 -0.49 -0.55 -1.8 0.16 1.08 0.78 -2 1.01 1.08 1.95 1.95 1.99 -0.84 -2.01 0.576775696728809 -2.21430252610312 0.8763332315576 0.891 0.2932 -1.149
0.45 0.51 -0.55 2.2 -1.84 -1.92 1.78 -2 0.01 -1.92 -1.05 -2.05 -1.01 -1.84 -2.01 0.674370091718679 -0.115595573245255 1.73990339530302 0.891 -1.0568 -0.509
0.45 0.51 -0.55 -1.8 -0.84 2.08 -2.22 -1 2.01 0.0800000000000001 1.95 1.95 1.99 2.16 1.99 1.0433638211146 -0.175542597160322 0.820441991177117 -1.309 0.9832 0.841
0.45 -0.49 0.45 2.2 1.16 -0.92 -1.22 2 2.01 1.08 -0.0499999999999998 0.95 0.99 0.16 1.99 2.19516802633861 2.3566194048657 2.20465980418443 0.681 -0.1968 0.391
-0.55 -0.49 -0.55 1.2 2.16 -1.92 -0.22 2 -1.99 0.0800000000000001 -2.05 -2.05 -2.01 -1.84 -1.01 0.121154507060041 1.95653203240837 -0.292420797536516 0.341 0.7832 1.051
-0.55 -0.49 -0.55 -0.8 -1.84 1.08 1.78 2 0.01 2.08 1.95 0.95 1.99 1.16 -0.00999999999999979 -0.00176635056618213 -0.180772601583363 0.455519213938532 -0.209 -0.6868 -1.149
-0.55 -0.49 0.45 1.2 2.16 -1.92 -0.22 -1 2.01 2.08 -1.05 1.95 1.99 -0.84 -0.00999999999999979 0.48428742056609 0.764536086129248 0.389082107975936 -0.219 0.2932 -1.149
-0.55 -0.49 -0.55 1.2 -0.84 2.08 1.78 1 1.01 1.08 1.95 1.95 -0.00999999999999979 -1.84 1.99 0.661652279532508 1.84124518854494 3.46688853076287 -1.309 0.7832 -0.049
-0.55 -0.49 -0.55 2.2 -1.84 2.08 -0.22 -2 0.01 2.08 0.95 1.95 -0.00999999999999979 2.16 0.99 0.692702216710056 1.29433218702699 2.15260217762875 -0.759 -1.1768 -0.049
0.45 0.51 0.45 1.2 2.16 -1.92 -0.22 2 2.01 -0.92 0.95 -1.05 1.99 2.16 -0.00999999999999979 -0.0198740539864994 -0.924947307949825 -0.389209425587091 -0.219 0.9832 0.841
0.45 -0.49 -0.55 -0.8 0.16 -0.92 0.78 2 -1.99 0.0800000000000001 1.95 -2.05 -1.01 -1.84 0.99 -0.0187134128469232 0.438419908512903 2.79167309455822 -0.759 0.7832 -0.509
0.45 0.51 -0.55 -1.8 -0.84 2.08 -1.22 2 1.01 -0.92 -2.05 -2.05 0.99 -1.84 -2.01 0.510433450516142 1.70747298881127 0.746856409003167 0.891 -1.0568 0.391
-0.55 0.51 0.45 -1.8 2.16 2.08 1.78 -2 -0.99 -1.92 -2.05 -0.0499999999999998 -2.01 2.16 -0.00999999999999979 0.458307467848786 2.15385517987509 0.581921489826202 -0.219 0.9832 1.051
-0.55 0.51 0.45 2.2 -1.84 1.08 -2.22 0 2.01 2.08 1.95 0.95 1.99 0.16 1.99 0.612481063451439 1.43216178086387 2.7462171341748 0.681 -0.0368000000000001 -1.149
-0.55 -0.49 0.45 -1.8 -1.84 1.08 -0.22 1 -0.99 -1.92 -0.0499999999999998 -0.0499999999999998 -1.01 0.16 -1.01 0.94984647987035 0.298833358860046 0.631399673338293 -0.669 -0.1968 0.501
0.45 0.51 0.45 0.2 -0.84 0.0800000000000001 1.78 1 2.01 2.08 0.95 -1.05 1.99 2.16 0.99 0.683735302622588 2.05647564310668 1.57680156854651 0.231 0.9832 0.841
-0.55 0.51 0.45 2.2 2.16 0.0800000000000001 1.78 -2 -1.99 -0.92 -2.05 0.95 -2.01 2.16 -0.00999999999999979 -0.0330804259025579 0.485953783002925 1.78652367663047 -0.219 0.9832 1.051
0.45 -0.49 -0.55 -1.8 0.16 -1.92 0.78 -2 2.01 -1.92 -0.0499999999999998 -2.05 -2.01 0.16 -1.01 1.02498604943621 0.738553415564013 2.25114608436649 0.341 -0.1968 -0.959
0.45 -0.49 0.45 -1.8 -1.84 2.08 1.78 2 -0.99 0.0800000000000001 -1.05 0.95 1.99 2.16 0.99 1.29053904597794 1.97567897637804 0.446530779521881 0.231 -1.1768 0.841
-0.55 -0.49 0.45 -1.8 -1.84 -1.92 -1.22 -2 2.01 -0.92 -2.05 -0.0499999999999998 -2.01 -1.84 -2.01 0.917825967153691 1.38235250081441 1.9291292744102 -1.119 0.7832 1.051
-0.55 -0.49 -0.55 -1.8 2.16 1.08 -1.22 -2 0.01 0.0800000000000001 -2.05 1.95 1.99 1.16 0.99 -0.289274561063746 0.168563832667899 1.14713471283371 -0.759 -0.6868 -1.149
0.45 0.51 0.45 -1.8 0.16 -1.92 -2.22 -2 2.01 2.08 1.95 -0.0499999999999998 -2.01 1.16 0.99 -0.685187488617734 0.270128173163457 0.0267009080578956 0.231 0.4732 -0.959
-0.55 -0.49 -0.55 0.2 -1.84 2.08 -1.22 1 2.01 2.08 -0.0499999999999998 -0.0499999999999998 0.99 -0.84 -1.01 0.958614543695459 0.409773340218569 -0.167765853605419 0.341 0.2932 -0.599
0.45 -0.49 0.45 -1.8 2.16 2.08 -2.22 1 -1.99 -1.92 -0.0499999999999998 -2.05 -0.00999999999999979 -1.84 -2.01 0.122546024013697 1.17331837050435 1.87906694940356 -1.119 0.7832 -0.059
0.45 0.51 -0.55 -1.8 2.16 1.08 0.78 2 -1.99 1.08 -2.05 -2.05 0.99 1.16 -1.01 0.689266374576565 1.09667446791684 1.85588814295873 0.341 0.4732 0.391
-0.55 0.51 -0.55 2.2 2.16 0.0800000000000001 -2.22 2 -1.99 2.08 -2.05 0.95 -2.01 1.16 0.99 -0.556539996182265 1.66312276637805 0.474385106131907 -0.759 0.4732 1.051
0.45 0.51 0.45 0.2 -1.84 0.0800000000000001 -2.22 -2 -0.99 -1.92 0.95 -2.05 -0.00999999999999979 -1.84 -2.01 0.296586076726784 0.055822712196972 2.19849574519561 -1.119 -1.0568 -0.059
-0.55 0.51 -0.55 -0.8 1.16 1.08 -0.22 1 -1.99 2.08 -0.0499999999999998 -2.05 -0.00999999999999979 -1.84 -2.01 0.166653591283889 -0.0262165876459437 1.82104878455087 0.891 -1.0568 -0.049
-0.55 -0.49 -0.55 1.2 0.16 -0.92 -1.22 -2 2.01 0.0800000000000001 -2.05 -2.05 -2.01 0.16 -2.01 -0.31503118268165 1.16193151643353 1.60696509455565 0.891 -0.1968 1.051
0.45 -0.49 -0.55 1.2 -1.84 2.08 1.78 2 -1.99 0.0800000000000001 -0.0499999999999998 0.95 1.99 0.16 -1.01 -0.276111519108266 0.657096834350534 1.48640844031253 0.341 -0.1968 0.841
-0.55 0.51 -0.55 -0.8 -1.84 2.08 -0.22 -2 -0.99 -0.92 -2.05 -2.05 -2.01 -1.84 -2.01 -0.512913825269532 0.409698392096279 1.05425314989469 0.891 -1.0568 1.051
-0.55 -0.49 0.45 -1.8 2.16 2.08 -0.22 1 2.01 2.08 -1.05 1.95 1.99 2.16 1.99 -1.55921683599852 -0.0302003357828524 0.275440700581517 0.681 -1.1768 -1.149
-0.55 -0.49 0.45 1.2 -1.84 -1.92 -0.22 2 1.01 1.08 -0.0499999999999998 1.95 -1.01 2.16 1.99 2.20372434614244 3.28413231763251 2.0359265542328 0.681 -1.1768 0.501
-0.55 -0.49 -0.55 -0.8 1.16 2.08 1.78 0 1.01 0.0800000000000001 1.95 1.95 0.99 -0.84 -0.00999999999999979 1.14355237509536 -0.065260184087617 1.41959056814794 -0.209 0.2932 -0.599
-0.55 -0.49 -0.55 -0.8 -1.84 2.08 -1.22 1 -1.99 -0.92 -2.05 -1.05 -2.01 -1.84 -1.01 -1.12327455544295 0.665012817405237 -0.89570784132032 0.341 0.7832 1.051
-0.55 -0.49 -0.55 1.2 2.16 -0.92 1.78 -2 2.01 2.08 0.95 -0.0499999999999998 0.99 -0.84 -1.01 2.12924299097159 1.89591569860788 0.520792467343859 0.341 0.2932 -0.599
0.45 -0.49 -0.55 2.2 2.16 0.0800000000000001 -2.22 2 -1.99 2.08 -0.0499999999999998 0.95 -2.01 -0.84 -1.01 -1.50511008304011 0.0327602722592077 -0.879613394061202 0.341 0.2932 -0.959
0.45 -0.49 0.45 0.2 2.16 -1.92 -0.22 0 2.01 0.0800000000000001 -1.05 1.95 -0.00999999999999979 -1.84 -2.01 -1.04654205192127 -1.73081357776165 -0.400071149308239 -1.119 0.7832 -0.059
-0.55 -0.49 0.45 0.2 -0.84 -1.92 -2.22 -1 -1.99 1.08 -0.0499999999999998 -2.05 -1.01 2.16 -0.00999999999999979 -1.10743568371088 -0.0443425212565731 -0.188790847908546 -0.219 -1.1768 0.501
0.45 0.51 -0.55 1.2 1.16 2.08 -0.22 -2 -1.99 2.08 0.95 0.95 -1.01 1.16 0.99 -1.24527166602856 0.140431579850574 0.0766414869876028 -0.759 0.4732 -0.509
0.45 0.51 0.45 1.2 -1.84 2.08 1.78 2 -1.99 0.0800000000000001 1.95 -1.05 0.99 1.16 -0.00999999999999979 1.23732795523778 0.720038152093636 0.599567436896499 -0.219 0.4732 0.391
0.45 0.51 0.45 0.2 -0.84 -1.92 -2.22 0 2.01 1.08 -0.0499999999999998 -2.05 1.99 0.16 0.99 -0.296841213287118 0.69306954859416 0.44787031025433 0.231 -0.0368000000000001 0.841
0.45 -0.49 -0.55 -1.8 1.16 -1.92 -1.22 -1 0.01 -1.92 -0.0499999999999998 -2.05 0.99 -1.84 -2.01 1.37039489437552 0.326062714448079 1.28893314264783 0.891 0.7832 0.391
0.45 0.51 0.45 -0.8 1.16 0.0800000000000001 1.78 2 -0.99 -0.92 -2.05 -2.05 -0.00999999999999979 0.16 0.99 0.280276194159315 0.93201812612256 0.992975554355308 0.231 -0.0368000000000001 -0.059
0.45 0.51 -0.55 -1.8 0.16 -0.92 1.78 2 -1.99 2.08 1.95 -2.05 -1.01 -0.84 -1.01 0.314306658553021 1.07465328686851 0.514408187856364 0.341 -0.5468 -0.509
-0.55 -0.49 -0.55 0.2 -0.84 -1.92 -1.22 -2 0.01 -1.92 -2.05 -1.05 -1.01 -0.84 -2.01 1.54868568249629 1.69982115129683 1.37373851327503 0.891 0.2932 0.501
0.45 -0.49 0.45 1.2 0.16 2.08 -2.22 2 1.01 2.08 -2.05 0.95 1.99 -0.84 -0.00999999999999979 -0.325375593252113 1.39355460410633 3.45455254011576 -0.219 0.2932 0.841
0.45 0.51 0.45 0.2 2.16 2.08 -2.22 2 1.01 1.08 1.95 1.95 -0.00999999999999979 0.16 0.99 1.56781392629004 1.10199046852526 2.5282101008695 0.231 -0.0368000000000001 -0.059
0.45 0.51 0.45 -1.8 -0.84 -0.92 -1.22 -2 -1.99 -1.92 -2.05 -2.05 -2.01 -1.84 -2.01 -0.0707863183239702 -0.239108028173632 -0.299552079361519 -1.119 -1.0568 -0.959
0.45 0.51 0.45 -0.8 -1.84 2.08 0.78 2 1.01 0.0800000000000001 -2.05 -1.05 -1.01 2.16 0.99 1.59989242786708 0.793063547262817 1.75407592146038 0.231 0.9832 -0.509
0.45 0.51 0.45 0.2 1.16 -0.92 1.78 -1 -1.99 -1.92 -0.0499999999999998 -0.0499999999999998 -0.00999999999999979 -1.84 -0.00999999999999979 -0.152814322239667 0.0381662588248421 -1.49042240872033 -0.219 -1.0568 -0.059
0.45 -0.49 0.45 -1.8 -1.84 0.0800000000000001 0.78 0 1.01 2.08 -2.05 -2.05 0.99 1.16 1.99 0.893062990686656 0.823821639645695 0.77327140521892 0.681 -0.6868 0.391
0.45 0.51 0.45 -0.8 -1.84 0.0800000000000001 0.78 -2 -0.99 0.0800000000000001 0.95 0.95 0.99 -1.84 1.99 0.371022763760453 -0.0739819231433063 1.73085693395643 0.681 -1.0568 0.391
0.45 0.51 -0.55 0.2 0.16 1.08 1.78 1 2.01 -0.92 -0.0499999999999998 -0.0499999999999998 1.99 0.16 1.99 -0.47358255756537 1.21987995384131 1.12615967073816 -1.309 -0.0368000000000001 0.841
-0.55 -0.49 0.45 0.2 2.16 -0.92 0.78 1 0.01 -1.92 -2.05 -2.05 -2.01 2.16 0.99 0.128336811372112 -0.926882369658801 0.568727484732243 0.231 -1.1768 1.051
0.45 -0.49 0.45 -0.8 2.16 1.08 1.78 -1 -1.99 0.0800000000000001 0.95 -2.05 0.99 -1.84 -0.00999999999999979 0.0321094229710923 -0.624000188237648 0.980185462560993 -0.219 0.7832 0.391
-0.55 -0.49 0.45 -0.8 -0.84 2.08 -0.22 1 2.01 2.08 1.95 1.95 -0.00999999999999979 -0.84 -0.00999999999999979 1.05624686478054 -0.807978591086803 -0.65220724144444 -0.219 0.2932 -0.049
-0.55 -0.49 -0.55 -0.8 -0.84 -1.92 0.78 2 -1.99 1.08 -0.0499999999999998 1.95 1.99 -0.84 -2.01 2.38362095385285 2.00749622209265 1.29964288177465 0.891 0.2932 -1.149
-0.55 -0.49 0.45 -0.8 0.16 1.08 0.78 -2 0.01 2.08 -1.05 1.95 -0.00999999999999979 -0.84 0.99 2.68313930643632 2.95105026157351 3.72609493450048 0.231 0.2932 -0.049
-0.55 0.51 0.45 -0.8 -0.84 2.08 -0.22 2 0.01 -1.92 1.95 1.95 0.99 2.16 1.99 1.06628438226624 1.08526778561333 0.387134840031931 0.681 0.9832 -0.599
-0.55 0.51 0.45 2.2 2.16 0.0800000000000001 1.78 1 2.01 0.0800000000000001 1.95 1.95 1.99 2.16 1.99 0.800041908036395 1.79996787381505 0.578376554822266 0.681 0.9832 -1.149
0.45 -0.49 -0.55 0.2 -1.84 -0.92 1.78 -2 -0.99 0.0800000000000001 1.95 0.95 -2.01 1.16 -1.01 0.566954277438623 1.09842876999104 1.93479806294252 0.341 -0.6868 -0.959
-0.55 0.51 -0.55 -0.8 0.16 -1.92 -2.22 -2 -0.99 -0.92 -2.05 -2.05 -1.01 0.16 -2.01 -0.0896010229835987 0.6764937047887 1.43383686149138 0.891 -0.0368000000000001 0.501
0.45 -0.49 -0.55 2.2 0.16 -1.92 0.78 2 2.01 -1.92 1.95 0.95 -2.01 -0.84 -1.01 0.845417899089098 0.723719026417499 2.28942938627508 0.341 0.2932 -0.959
0.45 -0.49 -0.55 -1.8 -1.84 -1.92 -0.22 2 0.01 -0.92 0.95 1.95 0.99 1.16 1.99 0.484810589668366 0.257774558997136 1.02020288397229 -1.309 -0.6868 0.391
0.45 0.51 0.45 -0.8 -1.84 1.08 -2.22 -1 -0.99 0.0800000000000001 -0.0499999999999998 -1.05 0.99 0.16 1.99 0.859125485013949 1.08839175691458 2.42159900054732 0.681 -0.0368000000000001 0.391
-0.55 0.51 0.45 -1.8 -1.84 0.0800000000000001 -1.22 1 -1.99 2.08 -0.0499999999999998 0.95 1.99 0.16 1.99 1.9088033915248 2.25710226563992 3.13735141718589 0.681 -0.0368000000000001 -1.149
0.45 -0.49 0.45 -1.8 1.16 -0.92 0.78 2 -1.99 -1.92 -0.0499999999999998 0.95 1.99 -1.84 -1.01 0.689322193453043 1.59689723029597 0.650117194130283 -0.669 0.7832 0.841
0.45 0.51 0.45 -0.8 0.16 1.08 1.78 2 0.01 0.0800000000000001 1.95 -2.05 -1.01 2.16 1.99 0.537975729094211 0.732082059432143 0.106605545245635 0.681 0.9832 -0.509
0.45 0.51 0.45 2.2 -0.84 1.08 1.78 -2 -0.99 2.08 0.95 0.95 1.99 1.16 1.99 1.34559792625231 1.5933091116356 2.50129608796221 0.681 0.4732 0.841
0.45 0.51 -0.55 -1.8 -0.84 2.08 -0.22 -2 -0.99 0.0800000000000001 -2.05 1.95 0.99 0.16 -1.01 -1.04311186779873 0.0849309181171115 0.66991987680608 0.341 -0.0368000000000001 0.391
0.45 -0.49 -0.55 -0.8 -1.84 0.0800000000000001 1.78 1 2.01 2.08 1.95 -0.0499999999999998 1.99 -0.84 0.99 -0.377624809671072 -1.0334313932793 -0.594074586581827 -0.759 0.2932 0.841
0.45 0.51 -0.55 -1.8 1.16 1.08 1.78 -2 -1.99 0.0800000000000001 -0.0499999999999998 -2.05 -1.01 0.16 -1.01 -0.105074330157726 -0.306867864529392 -0.450483765271805 0.341 -0.0368000000000001 -0.509
0.45 0.51 0.45 1.2 2.16 2.08 -2.22 2 2.01 0.0800000000000001 1.95 -0.0499999999999998 0.99 0.16 -0.00999999999999979 -0.086236239123452 1.1921951043344 0.845635490773356 -0.219 -0.0368000000000001 0.391
-0.55 -0.49 -0.55 1.2 -0.84 -1.92 0.78 -1 2.01 2.08 1.95 1.95 1.99 0.16 0.99 0.236306364793587 1.05921314403236 1.6455743418539 -0.759 -0.1968 -1.149
0.45 0.51 0.45 0.2 2.16 -1.92 1.78 0 2.01 -1.92 0.95 1.95 -1.01 2.16 0.99 0.813409973540331 0.267993114391083 0.549402244925809 0.231 0.9832 -0.509
-0.55 -0.49 -0.55 1.2 0.16 -0.92 1.78 -1 1.01 -1.92 -0.0499999999999998 -2.05 -2.01 -1.84 -1.01 0.157157842545316 1.49480200764886 0.619829147876813 0.341 0.7832 1.051
0.45 0.51 0.45 2.2 -1.84 -1.92 1.78 -2 -1.99 0.0800000000000001 -1.05 -1.05 -1.01 -1.84 -2.01 0.945656078346033 1.39028481550437 0.944436120018693 -1.119 -1.0568 -0.509
-0.55 0.51 -0.55 2.2 -1.84 1.08 1.78 -2 1.01 0.0800000000000001 1.95 -1.05 -1.01 -1.84 1.99 -0.442815316772593 -0.677230037709068 -0.0895793984617948 -1.309 -1.0568 0.501
0.45 -0.49 0.45 2.2 -0.84 2.08 -2.22 -2 0.01 2.08 -2.05 -0.0499999999999998 -2.01 -0.84 1.99 0.475391026810306 1.44657356494352 1.65397636405761 0.681 0.2932 -0.959
0.45 0.51 0.45 0.2 1.16 0.0800000000000001 -0.22 -1 2.01 -0.92 -0.0499999999999998 -0.0499999999999998 -2.01 0.16 -0.00999999999999979 0.547415743784089 0.252668435959125 0.655688538220862 -0.219 -0.0368000000000001 -0.959
0.45 0.51 0.45 2.2 2.16 -1.92 -2.22 2 -1.99 -0.92 -1.05 -1.05 -0.00999999999999979 -0.84 -0.00999999999999979 1.55640836050447 2.60593035457819 3.18386102628671 -0.219 -0.5468 -0.059
0.45 0.51 0.45 -1.8 -0.84 -1.92 1.78 2 -1.99 -1.92 0.95 -2.05 1.99 1.16 0.99 1.77803815653965 0.742985879025796 2.02485227056222 0.231 0.4732 0.841
-0.55 -0.49 -0.55 2.2 2.16 -1.92 -2.22 0 2.01 2.08 -1.05 -0.0499999999999998 -2.01 0.16 -1.01 -0.538243240534312 0.629997266627604 0.981983296751791 0.341 -0.1968 1.051
-0.55 0.51 0.45 2.2 2.16 -1.92 -1.22 -2 2.01 -1.92 1.95 0.95 -2.01 -1.84 -2.01 0.0181226809943494 0.261138092506033 0.636372467551642 -1.119 -1.0568 1.051
0.45 0.51 -0.55 0.2 -1.84 -1.92 -0.22 -2 -1.99 -1.92 -0.0499999999999998 1.95 -1.01 -0.84 -2.01 -0.0979137746008088 -0.294144540523671 -0.137748958153585 0.891 -0.5468 -0.509
-0.55 -0.49 0.45 2.2 0.16 1.08 -2.22 1 2.01 -1.92 -0.0499999999999998 1.95 1.99 -0.84 -0.00999999999999979 1.06699764341447 1.11062606710798 1.77680705799162 -0.219 0.2932 -1.149
0.45 -0.49 0.45 1.2 -1.84 -1.92 -0.22 0 -1.99 -1.92 -0.0499999999999998 -2.05 -2.01 -1.84 -2.01 0.670564026067483 0.55576152824929 1.28140047606307 -1.119 0.7832 -0.959
0.45 -0.49 0.45 0.2 0.16 1.08 -1.22 -1 -0.99 1.08 1.95 0.95 0.99 -0.84 -0.00999999999999979 0.0530440884964344 1.14910235321744 1.70356979790016 -0.219 0.2932 0.391
-0.55 0.51 0.45 0.2 -0.84 -1.92 1.78 -2 2.01 0.0800000000000001 0.95 1.95 -0.00999999999999979 1.16 0.99 0.644977188105266 -0.488676011554918 0.282042659432093 0.231 0.4732 -0.049
-0.55 -0.49 -0.55 -1.8 -1.84 -1.92 0.78 2 1.01 -1.92 -0.0499999999999998 -1.05 -1.01 2.16 1.99 0.712103517322918 0.468092818292055 0.55159355797666 -1.309 -1.1768 0.501
