-0.53 -0.54 -0.51 -0.54 -0.00999999999999979 -2.13 0.76 -2.02 -0.24 -0.95 -2 -1.83 -2.12 0.04 -0.93 1.23305626381696 -0.69531351038959 -0.0631561913859259 0.2786 0.0268 0.9572
-0.53 0.46 0.49 1.46 -1.01 -1.13 1.76 -0.02 1.76 -1.95 -2 0.17 0.88 2.04 2.07 0.811224068842944 0.49959790087877 2.03792893924769 0.8186 0.9868 -0.6328
0.47 0.46 0.49 -1.54 1.99 1.87 -0.24 -2.02 -1.24 -1.95 2 0.17 -2.12 -1.96 -0.93 1.93444580492468 2.95088879176382 1.67557120055741 -0.6514 -0.8532 -1.1628
-0.53 -0.54 -0.51 -1.54 -0.00999999999999979 1.87 0.76 1.98 -2.24 0.05 -2 -1.83 -1.12 0.04 -1.93 0.424160396589906 -0.666735443332292 1.45158501752814 0.7886 0.0268 0.4272
0.47 0.46 0.49 -1.54 -2.01 -2.13 1.76 -2.02 0.76 1.05 -1 -0.83 -2.12 -0.96 -0.93 -0.80955924258642 0.381634921452683 0.861699839112475 -0.6514 -0.3932 -1.1628
0.47 -0.54 -0.51 -0.54 -2.01 0.87 -2.24 -1.02 -2.24 -1.95 -1 0.17 0.88 -1.96 -1.93 -0.282364836442877 0.641041516275682 -0.484190763458563 0.7886 1.1068 0.2472
-0.53 -0.54 -0.51 -1.54 1.99 0.87 -1.24 -0.02 1.76 2.05 0 -1.83 -2.12 -1.96 -1.93 0.322836758845908 -3.18593006563609 -0.985037708497802 0.7886 1.1068 0.9572
-0.53 0.46 -0.51 0.46 -1.01 -2.13 -1.24 -0.02 1.76 2.05 -2 -1.83 -2.12 -0.96 -1.93 0.853970577765059 1.10745628934254 0.0997155046032288 0.7886 -0.3932 0.9572
0.47 0.46 0.49 2.46 -2.01 1.87 1.76 1.98 -2.24 -0.95 0 -1.83 1.88 2.04 1.07 2.3239939735419 2.31449050814206 2.06685231153717 0.3286 0.9868 0.7172
0.47 -0.54 -0.51 2.46 -2.01 -2.13 -2.24 -2.02 -0.24 0.05 -2 1.17 0.88 -1.96 -1.93 0.256641042235084 1.33918048755443 0.778328987315594 0.7886 1.1068 0.2472
0.47 0.46 0.49 2.46 -2.01 -0.13 -2.24 -1.02 1.76 -0.95 2 -0.83 -1.12 1.04 1.07 -0.0332675837806016 2.40187286225674 2.29298357362708 0.3286 0.5268 -0.6928
0.47 0.46 0.49 2.46 -0.00999999999999979 1.87 1.76 -2.02 1.76 0.05 1 2.17 1.88 1.04 2.07 2.24399241592282 1.50490156112044 0.909943598667705 0.8186 0.5268 0.7172
0.47 0.46 0.49 -1.54 0.99 1.87 1.76 -2.02 -1.24 1.05 0 2.17 -0.12 2.04 -1.93 -1.00893002632306 -2.0977945518253 0.807387976841167 -1.1414 0.9868 -0.2228
0.47 0.46 0.49 2.46 -1.01 -2.13 -2.24 1.98 -1.24 2.05 2 -1.83 1.88 1.04 1.07 0.506243523458641 1.47946910515641 2.5395054527293 0.3286 0.5268 0.7172
-0.53 -0.54 -0.51 -1.54 -0.00999999999999979 1.87 1.76 1.98 -0.24 2.05 -2 1.17 -1.12 -0.96 -1.93 0.291238937028128 -0.118063843954094 -0.0811827516000851 0.7886 0.5668 0.4272
-0.53 0.46 -0.51 -1.54 1.99 -1.13 -2.24 0.98 1.76 -0.95 0 1.17 -1.12 1.04 0.0700000000000001 0.274943391189725 1.27480796743115 0.874101848293251 -0.2314 0.5268 0.4272
-0.53 -0.54 -0.51 2.46 -1.01 -0.13 -1.24 1.98 1.76 0.05 1 0.17 1.88 1.04 -0.93 1.27380461292916 2.20030435730474 1.21618963582687 0.2786 -0.5132 -1.1628
-0.53 0.46 0.49 -0.54 -2.01 0.87 1.76 1.98 1.76 0.05 1 2.17 1.88 2.04 1.07 1.63269865256044 -0.121254111438355 2.84432403635335 0.3286 0.9868 -1.1628
-0.53 -0.54 -0.51 -1.54 -0.00999999999999979 0.87 1.76 -2.02 0.76 2.05 0 2.17 1.88 2.04 2.07 0.811554927250835 0.678137021257698 1.02560032762706 -1.2514 -1.0532 -1.1628
-0.53 -0.54 -0.51 -1.54 0.99 -2.13 -0.24 -2.02 -1.24 -1.95 2 0.17 -2.12 -1.96 0.0700000000000001 0.967630392730387 0.105546839682065 0.471533602463671 -0.2314 1.1068 0.9572
0.47 -0.54 0.49 -1.54 -2.01 1.87 -1.24 1.98 -2.24 0.05 0 0.17 1.88 2.04 0.0700000000000001 0.892433352567294 -0.0134003886107799 1.00471308396395 -0.1614 -1.0532 0.7172
0.47 -0.54 -0.51 -1.54 1.99 -0.13 1.76 -0.02 -0.24 2.05 -1 1.17 -2.12 0.04 0.0700000000000001 0.528822562800026 1.34966414350293 3.33821406786032 -0.2314 0.0268 -1.1628
0.47 -0.54 0.49 -1.54 -2.01 0.87 0.76 0.98 1.76 1.05 2 -1.83 1.88 -0.96 2.07 2.42446249281693 1.79569127935512 2.9379269758562 0.8186 0.5668 0.7172
0.47 0.46 0.49 -0.54 1.99 1.87 1.76 1.98 1.76 0.05 2 0.17 1.88 2.04 0.0700000000000001 0.934494344763457 1.13911437287621 1.67156147278372 -0.1614 0.9868 0.7172
0.47 -0.54 0.49 0.46 -2.01 1.87 -1.24 1.98 1.76 2.05 2 2.17 0.88 2.04 1.07 0.663440682033036 2.01989218976354 2.38095870519711 0.3286 -1.0532 0.2472
0.47 0.46 0.49 0.46 1.99 -1.13 1.76 -0.02 -2.24 0.05 0 -0.83 1.88 1.04 -0.93 1.09808027660133 1.92553734136978 1.440295099125 -0.6514 0.5268 0.7172
-0.53 0.46 0.49 -0.54 -2.01 -2.13 0.76 -2.02 1.76 -1.95 0 2.17 0.88 2.04 1.07 0.340011959759395 1.91971007104408 1.13124233094964 0.3286 0.9868 -0.6328
0.47 0.46 -0.51 0.46 -1.01 -2.13 1.76 -0.02 -0.24 1.05 -1 -1.83 1.88 2.04 1.07 0.145790926334259 -0.116520519886395 1.98393495949302 -0.7414 0.9868 0.7172
0.47 -0.54 -0.51 1.46 -2.01 1.87 0.76 1.98 -0.24 2.05 -1 2.17 -0.12 -0.96 -1.93 1.39297540945986 -0.41937471738414 2.21570041825429 0.7886 0.5668 -0.2228
0.47 0.46 0.49 0.46 1.99 -1.13 1.76 -0.02 1.76 2.05 2 1.17 1.88 -1.96 1.07 2.18469925089933 1.24028161908433 3.5980117149702 0.3286 -0.8532 0.7172
-0.53 0.46 0.49 0.46 1.99 -1.13 -1.24 0.98 -0.24 -1.95 2 1.17 1.88 -1.96 2.07 0.468312961685558 -0.273923759483339 0.681141623991718 0.8186 -0.8532 -1.1628
-0.53 -0.54 -0.51 -1.54 -2.01 -2.13 -2.24 1.98 -2.24 -1.95 -2 -0.83 -2.12 -1.96 -0.93 1.13744503920164 1.57361556745663 -0.134888577773886 0.2786 1.1068 0.9572
-0.53 -0.54 -0.51 1.46 1.99 1.87 -2.24 -1.02 1.76 -1.95 0 0.17 1.88 2.04 2.07 0.0743331966816989 0.149908708328036 0.887633063340997 -1.2514 -1.0532 -1.1628
-0.53 -0.54 -0.51 1.46 -2.01 -1.13 -2.24 -1.02 -2.24 -1.95 -2 -0.83 -2.12 -1.96 -1.93 1.39893813563121 -0.498519788186574 0.815192845922276 0.7886 1.1068 0.9572
-0.53 -0.54 -0.51 -1.54 -1.01 1.87 1.76 -0.02 1.76 -1.95 0 1.17 -1.12 -0.96 1.07 1.46496088078057 -0.0310219830115297 0.998245013580538 -0.7414 0.5668 0.4272
0.47 0.46 0.49 0.46 0.99 -1.13 -0.24 0.98 -1.24 -1.95 -2 -0.83 -2.12 -1.96 -0.93 0.70623488138887 -0.305882479425999 0.259482416157252 -0.6514 -0.8532 -1.1628
0.47 -0.54 -0.51 -1.54 -1.01 0.87 1.76 -2.02 -2.24 1.05 -2 -1.83 -2.12 -1.96 -1.93 -0.557112650302725 0.278671674084155 0.116021568993602 0.7886 1.1068 -1.1628
-0.53 -0.54 -0.51 -1.54 -2.01 1.87 -2.24 1.98 -0.24 2.05 0 0.17 0.88 1.04 1.07 0.502634583400492 0.253603921307856 0.95717481308738 -0.7414 -0.5132 -0.6328
-0.53 0.46 -0.51 -1.54 0.99 -1.13 -2.24 1.98 0.76 1.05 -1 -1.83 -2.12 -1.96 -0.93 -0.206836191216201 2.26943488987365 1.95364335572649 0.2786 -0.8532 0.9572
-0.53 0.46 -0.51 1.46 0.99 0.87 1.76 -2.02 1.76 -1.95 2 1.17 -1.12 -0.96 -1.93 1.42088974898338 0.485784073853399 1.56561692365577 0.7886 -0.3932 0.4272
0.47 0.46 0.49 1.46 -2.01 -0.13 -0.24 -2.02 -1.24 2.05 -2 1.17 0.88 -1.96 0.0700000000000001 0.2864534147164 0.497400783777637 0.658131731658375 -0.1614 -0.8532 0.2472
-0.53 -0.54 -0.51 -0.54 -2.01 -2.13 -2.24 -0.02 -0.24 -1.95 -2 -1.83 -2.12 -1.96 -0.93 1.00739329619668 1.02178312617919 1.33281018439156 0.2786 1.1068 0.9572
0.47 0.46 -0.51 -1.54 -2.01 1.87 -1.24 -0.02 -1.24 0.05 2 2.17 1.88 2.04 2.07 0.0248268803928581 -0.0361657656731593 1.82347089914105 -1.2514 0.9868 0.7172
0.47 -0.54 -0.51 2.46 1.99 -2.13 -1.24 0.98 -0.24 -1.95 -2 -0.83 -2.12 -1.96 0.0700000000000001 0.211785144567207 0.709571798657814 0.716949471832311 -0.2314 1.1068 -1.1628
-0.53 -0.54 -0.51 -1.54 -1.01 -2.13 -2.24 1.98 -0.24 -0.95 -2 -1.83 -1.12 0.04 2.07 0.0331732419010422 0.628055477504045 1.02977186315147 -1.2514 0.0268 0.4272
-0.53 -0.54 -0.51 -1.54 0.99 -0.13 -0.24 -2.02 -0.24 2.05 1 -1.83 0.88 0.04 -0.93 -1.23931762542015 0.537821403359845 -0.250071711400032 0.2786 0.0268 -0.6328
-0.53 -0.54 -0.51 0.46 1.99 0.87 1.76 -2.02 -2.24 -1.95 -1 1.17 1.88 2.04 2.07 0.693645150032167 1.18745869049471 -0.0612513957447545 -1.2514 -1.0532 -1.1628
0.47 0.46 0.49 -1.54 -0.00999999999999979 -1.13 0.76 -0.02 -0.24 1.05 0 2.17 -2.12 -1.96 -1.93 0.707913574544907 1.14959582495439 2.69414292623057 -1.1414 -0.8532 -1.1628
0.47 0.46 0.49 -1.54 1.99 -1.13 -2.24 1.98 -2.24 1.05 1 -1.83 -1.12 -1.96 2.07 0.747982191973241 1.30358072642837 1.91441995282506 0.8186 -0.8532 -0.6928
0.47 -0.54 0.49 2.46 0.99 1.87 -2.24 0.98 1.76 0.05 2 2.17 -0.12 2.04 2.07 1.63912584835886 1.33733648151862 2.23488149095804 0.8186 -1.0532 -0.2228
-0.53 -0.54 -0.51 0.46 -0.00999999999999979 1.87 -1.24 1.98 1.76 1.05 1 0.17 -0.12 1.04 -0.93 0.915762862829883 -0.594501390854368 0.915910872573921 0.2786 -0.5132 -0.1028
-0.53 0.46 -0.51 -1.54 -2.01 1.87 -2.24 -2.02 -0.24 -1.95 -2 -1.83 -0.12 2.04 -1.93 0.381430792562063 1.9025740456897 0.785623521927711 0.7886 0.9868 -0.1028
-0.53 -0.54 -0.51 0.46 -2.01 -0.13 -0.24 1.98 1.76 -0.95 -1 1.17 -0.12 2.04 1.07 1.06716898601552 1.23304985453767 1.51646808851945 -0.7414 -1.0532 -0.1028
0.47 0.46 0.49 0.46 -1.01 0.87 -2.24 1.98 1.76 1.05 2 2.17 1.88 2.04 2.07 0.502790605166176 -0.196121475688536 1.55482250189238 0.8186 0.9868 0.7172
0.47 0.46 0.49 2.46 -1.01 -2.13 -0.24 -2.02 0.76 1.05 -2 0.17 -0.12 0.04 0.0700000000000001 0.743611182203531 1.02399479682923 2.16152601660294 -0.1614 0.0668 -0.2228
0.47 -0.54 -0.51 -1.54 0.99 1.87 -1.24 1.98 -0.24 -1.95 0 -0.83 1.88 1.04 1.07 0.740420998967254 0.948376427114347 0.998432334216465 -0.7414 -0.5132 0.7172
-0.53 0.46 -0.51 2.46 1.99 1.87 -0.24 0.98 0.76 2.05 1 1.17 1.88 2.04 -0.93 -1.38078272258964 0.911405741562188 -0.816072556045955 0.2786 0.9868 -1.1628
0.47 -0.54 0.49 2.46 0.99 1.87 0.76 -2.02 1.76 1.05 -1 2.17 0.88 0.04 2.07 0.133944704134292 -0.319452153112629 0.0202713954996717 0.8186 0.0268 0.2472
0.47 0.46 0.49 0.46 -0.00999999999999979 -2.13 -1.24 1.98 -2.24 -0.95 0 -1.83 -2.12 0.04 -1.93 0.333976203005251 0.327440504529427 0.809985245245316 -1.1414 0.0668 -1.1628
0.47 -0.54 0.49 0.46 1.99 -1.13 1.76 -2.02 0.76 2.05 0 -0.83 1.88 1.04 2.07 1.36708649062715 1.1014907674153 1.803115887407 0.8186 -0.5132 0.7172
0.47 0.46 0.49 -1.54 -1.01 -2.13 -2.24 -2.02 -2.24 -1.95 1 -0.83 -2.12 -1.96 0.0700000000000001 0.773914119280071 1.15252814441441 2.30694238895149 -0.1614 -0.8532 -1.1628
0.47 0.46 0.49 1.46 -2.01 -2.13 -2.24 -0.02 -0.24 2.05 0 0.17 1.88 -0.96 -0.93 0.175495844332033 0.655804718767275 1.21225861454224 -0.6514 -0.3932 0.7172
-0.53 0.46 0.49 -1.54 -1.01 -1.13 -0.24 -1.02 -2.24 -1.95 1 -0.83 -2.12 0.04 0.0700000000000001 0.0738867249897413 -0.0485402636800663 -0.848789200654444 -0.1614 0.0668 0.9572
-0.53 0.46 0.49 2.46 -2.01 -1.13 -2.24 -2.02 -2.24 -1.95 -1 -0.83 -2.12 -1.96 -1.93 0.928852929892049 1.65612410315222 2.32803072062797 -1.1414 -0.8532 0.9572
0.47 0.46 0.49 -0.54 -2.01 0.87 -2.24 -2.02 0.76 1.05 -2 -1.83 -2.12 -1.96 -1.93 0.80505377097363 0.367204583437217 2.78960409099962 -1.1414 -0.8532 -1.1628
-0.53 0.46 0.49 -1.54 -1.01 0.87 1.76 1.98 -2.24 2.05 1 -0.83 1.88 0.04 0.0700000000000001 0.277489496969706 -0.265146608844824 1.12917841284835 -0.1614 0.0668 -1.1628
0.47 0.46 -0.51 -1.54 -2.01 1.87 1.76 -1.02 -1.24 -1.95 0 0.17 0.88 0.04 0.0700000000000001 0.460596950720075 -0.818764974347486 -1.32286337986877 -0.2314 0.0668 0.2472
-0.53 -0.54 0.49 -1.54 1.99 -1.13 -1.24 0.98 -2.24 -1.95 0 0.17 -1.12 0.04 -0.93 -0.530559968991643 -0.321444434635587 -0.679909356353442 -0.6514 0.0268 0.4272
0.47 0.46 -0.51 -1.54 0.99 1.87 0.76 -1.02 -2.24 1.05 0 0.17 -2.12 -0.96 0.0700000000000001 0.814069994806918 -0.127725682159286 0.228491000468229 -0.2314 -0.3932 -1.1628
0.47 0.46 -0.51 -1.54 1.99 -2.13 1.76 -1.02 -2.24 -0.95 -1 -1.83 1.88 0.04 -0.93 0.515542557083234 0.675544981267082 1.18534546716593 0.2786 0.0668 0.7172
-0.53 -0.54 0.49 2.46 -0.00999999999999979 -1.13 1.76 -0.02 -0.24 0.05 2 -1.83 -2.12 -1.96 1.07 -0.0657602027262818 1.40915719073632 0.0678136441458475 0.3286 1.1068 0.9572
-0.53 0.46 0.49 -1.54 0.99 -0.13 -2.24 -2.02 1.76 -1.95 -2 2.17 -2.12 0.04 -1.93 0.118824359489952 -0.447607363420588 -0.719215707007183 -1.1414 0.0668 0.9572
-0.53 -0.54 -0.51 -1.54 0.99 -2.13 1.76 1.98 -1.24 2.05 -1 2.17 0.88 -1.96 0.0700000000000001 0.234342452371805 1.3559254561311 0.353838900042944 -0.2314 1.1068 -0.6328
-0.53 0.46 0.49 -0.54 1.99 -0.13 -0.24 -1.02 1.76 -0.95 2 -1.83 -2.12 1.04 -0.93 0.648826664136981 0.399028070682852 0.681317772062654 -0.6514 0.5268 0.9572
-0.53 0.46 0.49 -1.54 -1.01 0.87 1.76 -0.02 0.76 2.05 -2 0.17 -0.12 -1.96 1.07 0.669835280136501 0.391644354767329 1.64505246208271 0.3286 -0.8532 -0.1028
-0.53 -0.54 -0.51 -1.54 0.99 1.87 1.76 0.98 -1.24 1.05 -2 -1.83 -0.12 -1.96 -1.93 0.313019933775467 -0.673434836228416 -0.405717528989994 0.7886 1.1068 -0.1028
-0.53 0.46 -0.51 2.46 1.99 0.87 1.76 -2.02 0.76 -1.95 1 1.17 1.88 0.04 1.07 1.04879810071821 0.391836650275784 2.21096133194442 -0.7414 0.0668 -1.1628
-0.53 0.46 -0.51 0.46 -2.01 -1.13 -2.24 -2.02 -0.24 -1.95 2 1.17 -0.12 -1.96 -1.93 1.00521897544968 1.8754134204466 2.16227396511419 0.7886 -0.8532 -0.1028
0.47 -0.54 -0.51 -1.54 -2.01 -1.13 1.76 1.98 -1.24 0.05 -2 -0.83 0.88 1.04 0.0700000000000001 0.660696586484511 0.599896005262468 1.75202292451805 -0.2314 -0.5132 0.2472
0.47 -0.54 0.49 1.46 1.99 -0.13 1.76 0.98 -1.24 2.05 2 -1.83 -1.12 0.04 1.07 1.71484217086188 2.56748439754547 3.47143795001733 0.3286 0.0268 -0.6928
0.47 -0.54 0.49 -1.54 1.99 1.87 1.76 -0.02 1.76 2.05 2 -0.83 1.88 2.04 -0.93 0.372666086189942 -0.38913161532812 1.45988990924097 -0.6514 -1.0532 0.7172
0.47 0.46 0.49 1.46 1.99 1.87 1.76 -1.02 1.76 2.05 1 1.17 1.88 2.04 1.07 1.74525293422633 1.26110725501903 1.70216028221166 0.3286 0.9868 0.7172
0.47 0.46 0.49 2.46 0.99 1.87 0.76 1.98 1.76 0.05 2 1.17 -0.12 2.04 2.07 1.26245003072548 1.14378378222382 2.04396997970167 0.8186 0.9868 -0.2228
0.47 -0.54 -0.51 2.46 0.99 1.87 -1.24 1.98 0.76 2.05 1 1.17 1.88 2.04 1.07 0.179882217875189 0.441660912100392 0.650525578699402 -0.7414 -1.0532 0.7172
0.47 0.46 0.49 -1.54 1.99 1.87 -1.24 1.98 -1.24 -0.95 -1 -0.83 1.88 -0.96 0.0700000000000001 1.22107157946279 1.85389110777958 3.27153135497111 -0.1614 -0.3932 0.7172
-0.53 0.46 -0.51 -1.54 -2.01 -0.13 1.76 -2.02 1.76 -1.95 -2 -1.83 -2.12 -1.96 -1.93 -0.612526082175884 0.868233231107967 -0.534798979807527 0.7886 -0.8532 0.9572
-0.53 -0.54 -0.51 -1.54 -1.01 -0.13 0.76 -0.02 -1.24 1.05 -2 0.17 -2.12 -0.96 -1.93 -0.244382452564795 0.106310110713636 0.104309289733008 0.7886 0.5668 0.9572
-0.53 0.46 -0.51 2.46 -2.01 -2.13 -2.24 -0.02 -0.24 -1.95 0 -1.83 0.88 -1.96 -0.93 -0.177573861519282 0.03404252164068 0.79263354209692 0.2786 -0.8532 -0.6328
0.47 0.46 0.49 -0.54 1.99 -1.13 0.76 -2.02 1.76 1.05 2 -1.83 -2.12 -0.96 1.07 1.12325271553172 0.417981164996606 0.097472408950147 0.3286 -0.3932 -1.1628
0.47 0.46 0.49 1.46 0.99 1.87 1.76 -2.02 1.76 2.05 1 1.17 0.88 1.04 2.07 -0.522573764854379 1.15975036952534 1.46493813629805 0.8186 0.5268 0.2472
0.47 -0.54 0.49 -1.54 1.99 1.87 -0.24 1.98 1.76 -1.95 2 2.17 1.88 2.04 2.07 0.473387172988163 1.42743050317751 2.66964506003337 0.8186 -1.0532 0.7172
0.47 -0.54 0.49 -1.54 0.99 -2.13 1.76 1.98 -1.24 -1.95 -2 -1.83 1.88 1.04 -0.93 0.840505876412404 1.34759307079897 0.655142164595275 -0.6514 -0.5132 0.7172
-0.53 -0.54 -0.51 2.46 -2.01 -1.13 -1.24 -2.02 1.76 0.05 2 2.17 0.88 2.04 0.0700000000000001 0.376313921408796 0.278919144438723 -0.590487704407334 -0.2314 -1.0532 -0.6328
0.47 0.46 0.49 2.46 1.99 -2.13 1.76 0.98 0.76 2.05 2 -1.83 1.88 -1.96 1.07 0.931169147852688 2.55197165433902 2.56783331520102 0.3286 -0.8532 0.7172
-0.53 -0.54 0.49 -1.54 -0.00999999999999979 -1.13 -0.24 -0.02 0.76 -1.95 2 2.17 1.88 2.04 2.07 -0.604610307937544 0.0409422605196195 0.195323979171432 0.8186 -1.0532 -1.1628
0.47 0.46 0.49 2.46 1.99 -1.13 1.76 1.98 1.76 -0.95 -2 2.17 -2.12 0.04 0.0700000000000001 0.204754000562536 0.835372444685699 0.80624874218911 -0.1614 0.0668 -1.1628
0.47 -0.54 -0.51 -0.54 1.99 1.87 0.76 -2.02 1.76 0.05 1 2.17 -0.12 -0.96 1.07 0.756782697716057 2.52235505889757 1.62535249601282 -0.7414 0.5668 -0.2228
-0.53 0.46 0.49 1.46 0.99 -0.13 -0.24 -0.02 -2.24 -0.95 -2 -1.83 -2.12 -1.96 -1.93 -0.0864415351741325 -0.136149697464376 0.306907308864177 -1.1414 -0.8532 0.9572
0.47 0.46 -0.51 1.46 1.99 -1.13 1.76 1.98 -2.24 2.05 0 -1.83 -0.12 1.04 -0.93 0.784828324039305 0.578183359982409 0.931595079263728 0.2786 0.5268 -0.2228
-0.53 -0.54 -0.51 -1.54 -2.01 1.87 0.76 -1.02 0.76 0.05 2 1.17 0.88 2.04 0.0700000000000001 0.542808654707924 0.70331684335218 1.00630409749014 -0.2314 -1.0532 -0.6328
