0.496 -0.5 -0.464 -0.936 2.12 0.952 -1.024 1.964 -1.872 -1.908 2.124 0.94 1.056 -0.012 2.164 1.6526950620845 1.46152558478092 2.8094502205128 -1.060192 -0.096 0.455552
0.496 0.5 0.536 -1.936 2.12 0.952 1.976 1.964 0.128 2.092 2.124 -0.0600000000000001 1.056 -0.012 2.164 -0.793066409630153 1.05023633715837 1.27891965799138 1.103808 -0.108 0.455552
0.496 0.5 0.536 -1.936 -1.88 -2.048 -1.024 1.964 -0.872 2.092 2.124 -0.0600000000000001 -1.944 0.988 -1.836 0.885673192957094 1.87343772230692 2.13780441825361 -1.040192 0.392 -1.032448
0.496 -0.5 -0.464 -1.936 2.12 1.952 -2.024 -1.036 1.128 2.092 0.124 -1.06 -0.944 -2.012 -0.836 1.12597878775582 -0.0835001918710142 0.515740454902377 0.331808 0.904 -0.536448
0.496 0.5 -0.464 0.0640000000000001 2.12 1.952 -1.024 -1.036 -0.872 0.0920000000000001 2.124 0.94 1.056 1.988 0.164 -0.085750616417736 0.278804931619257 0.794666675384827 -0.132192 0.892 0.455552
-0.504 -0.5 0.536 2.064 2.12 -0.048 -2.024 -0.036 -1.872 2.092 2.124 -0.0600000000000001 0.056 -2.012 1.164 0.877805282460971 0.900244682563471 1.2006990985494 0.567808 0.904 -0.096448
-0.504 -0.5 0.536 2.064 -0.88 1.952 0.976 0.964 2.128 2.092 2.124 -0.0600000000000001 1.056 -0.012 -1.836 2.09459188166161 1.92512027869358 2.13520935105253 -1.040192 -0.096 -0.600448
-0.504 0.5 0.536 0.0640000000000001 -1.88 -2.048 0.976 0.964 -1.872 1.092 0.124 1.94 2.056 1.988 2.164 -0.307220242496811 1.25666320069411 1.75300757134251 1.103808 0.892 -1.104448
0.496 0.5 -0.464 -0.936 2.12 1.952 -1.024 -0.036 2.128 1.092 0.124 -0.0600000000000001 1.056 -0.012 -0.836 -0.350134693361689 0.618376191308459 -0.289956168156543 0.331808 -0.108 0.455552
0.496 0.5 -0.464 0.0640000000000001 2.12 -0.048 0.976 1.964 1.128 1.092 1.124 -1.06 0.056 1.988 2.164 0.374536109567525 0.577252817174187 1.97621596351276 -1.060192 0.892 -0.040448
-0.504 0.5 -0.464 -0.936 1.12 -1.048 -0.024 -2.036 -1.872 2.092 0.124 0.94 1.056 1.988 -0.836 0.373810329344193 0.63695197653666 2.05491117077349 0.331808 0.892 -0.600448
-0.504 -0.5 -0.464 0.0640000000000001 -1.88 -0.048 -2.024 -2.036 -0.872 -1.908 -1.876 -2.06 0.056 1.988 -0.836 1.67883708266473 -0.000346766740061566 -0.253395129026662 0.331808 -1.096 -0.096448
0.496 0.5 0.536 0.0640000000000001 0.12 -2.048 -2.024 -0.036 0.128 1.092 0.124 0.94 1.056 -0.012 0.164 -0.405754166222396 -0.844811541568926 -0.298643782518436 0.031808 -0.108 0.455552
-0.504 -0.5 -0.464 1.064 2.12 -0.048 0.976 1.964 -0.872 -1.908 1.124 -2.06 1.056 -1.012 2.164 0.986317933636115 0.114401327683259 1.23266367997772 -1.060192 0.404 -0.600448
0.496 0.5 -0.464 1.064 -0.88 0.952 0.976 0.964 2.128 -1.908 0.124 -1.06 0.056 -0.012 1.164 1.47990064224384 1.44052508629853 0.548665720245757 -0.596192 -0.108 -0.040448
-0.504 -0.5 -0.464 -1.936 2.12 1.952 0.976 0.964 -0.872 0.0920000000000001 -1.876 -2.06 0.056 0.988 -0.836 0.694162476522335 1.27941620413639 -0.225440559185662 0.331808 -0.596 -0.096448
-0.504 -0.5 0.536 2.064 1.12 1.952 -2.024 1.964 2.128 1.092 0.124 -0.0600000000000001 -1.944 0.988 1.164 1.56407624534048 1.00579757628255 -0.644669103878246 0.567808 -0.596 0.911552
-0.504 -0.5 -0.464 2.064 -1.88 1.952 0.976 1.964 2.128 -0.908 -1.876 1.94 2.056 -1.012 -0.836 0.744129491178259 1.52018827899607 3.02869951411814 0.331808 0.404 -1.104448
0.496 -0.5 -0.464 -0.936 2.12 -0.048 -2.024 1.964 -1.872 2.092 0.124 -0.0600000000000001 2.056 -1.012 0.164 1.26002477526786 -0.633243934865476 0.991082055663159 -0.132192 0.404 0.951552
0.496 0.5 0.536 1.064 2.12 1.952 -2.024 -1.036 0.128 -1.908 1.124 1.94 0.056 1.988 1.164 0.371058465687438 -0.15082390742356 3.00829052741672 0.567808 0.892 -0.040448
0.496 -0.5 -0.464 -1.936 2.12 -2.048 1.976 -0.036 -1.872 -1.908 -1.876 -1.06 -1.944 -2.012 -1.836 -0.679237865713467 -0.212225284964641 -1.12880112463709 0.795808 0.904 -1.032448
0.496 -0.5 -0.464 -1.936 2.12 -2.048 -2.024 -0.036 0.128 0.0920000000000001 2.124 -2.06 2.056 -1.012 1.164 -0.256410031145049 -0.251713310754565 1.84183327950156 -0.596192 0.404 0.951552
-0.504 -0.5 -0.464 0.0640000000000001 -1.88 0.952 -2.024 -2.036 -1.872 1.092 -1.876 0.94 -0.944 0.988 -1.836 0.171196037142586 -0.225595765820808 0.538433354492317 0.795808 -0.596 0.407552
-0.504 -0.5 -0.464 2.064 -1.88 -2.048 1.976 1.964 0.128 2.092 0.124 -2.06 2.056 -1.012 0.164 -0.216239580255054 0.179190336647211 -1.1595831601133 -0.132192 0.404 -1.104448
-0.504 -0.5 -0.464 2.064 2.12 -1.048 -0.024 -2.036 1.128 2.092 1.124 1.94 2.056 -1.012 2.164 -0.753315755233677 0.87585036117837 1.24762892842642 -1.060192 0.404 -1.104448
0.496 0.5 0.536 -1.936 -1.88 -2.048 -0.024 -0.036 -1.872 -1.908 0.124 -2.06 -0.944 1.988 0.164 -0.528647859126359 -0.0576408002644815 0.649688408036185 0.031808 0.892 -0.536448
-0.504 0.5 -0.464 -1.936 -1.88 1.952 1.976 -2.036 -1.872 1.092 2.124 1.94 2.056 -0.012 0.164 0.762080860321277 1.08355945972605 1.49478409850822 -0.132192 -0.108 -1.104448
0.496 0.5 0.536 2.064 0.12 -2.048 1.976 1.964 -0.872 2.092 1.124 0.94 2.056 1.988 2.164 3.15341624271358 2.21139151063494 2.84591902451125 1.103808 0.892 0.951552
-0.504 -0.5 -0.464 -1.936 0.12 1.952 -2.024 -0.036 -1.872 -1.908 -1.876 -2.06 -1.944 -0.012 0.164 1.61621485731814 0.487914840423716 -1.22844675689267 -0.132192 -0.096 0.911552
0.496 0.5 0.536 1.064 0.12 -1.048 -2.024 0.964 -1.872 -1.908 2.124 -2.06 1.056 0.988 1.164 0.829788810954288 0.591390168404652 2.56259366881473 0.567808 0.392 0.455552
-0.504 -0.5 -0.464 1.064 -1.88 -2.048 -2.024 -2.036 -1.872 -0.908 -1.876 0.94 0.056 -1.012 -0.836 -0.34614801999215 0.0878450789754326 -0.775533529164601 0.331808 0.404 -0.096448
0.496 -0.5 0.536 0.0640000000000001 -1.88 1.952 1.976 -1.036 0.128 -0.908 0.124 -0.0600000000000001 2.056 1.988 2.164 0.809394795651862 0.648397646095101 1.14588508374929 1.103808 -1.096 0.951552
0.496 0.5 0.536 2.064 2.12 -1.048 1.976 -2.036 0.128 1.092 2.124 1.94 0.056 1.988 1.164 0.761154157908156 1.78989467060443 0.961023257264861 0.567808 0.892 -0.040448
-0.504 -0.5 -0.464 -1.936 0.12 1.952 -2.024 -2.036 1.128 -1.908 -1.876 0.94 -1.944 1.988 1.164 -0.0904828215032825 0.261981333510927 0.564236121469781 -0.596192 -1.096 0.911552
-0.504 -0.5 -0.464 -0.936 2.12 1.952 1.976 -0.036 1.128 -0.908 -1.876 -2.06 1.056 -1.012 -1.836 -0.368060764880129 1.71722059973372 1.3014097513928 0.795808 0.404 -0.600448
-0.504 0.5 0.536 1.064 0.12 -0.048 1.976 -0.036 0.128 -1.908 -0.876 0.94 -1.944 -1.012 -0.836 -1.32592171001721 0.579695636130188 -0.0670519784644184 -0.504192 -0.608 0.911552
0.496 -0.5 -0.464 -1.936 2.12 0.952 0.976 0.964 2.128 -1.908 0.124 0.94 -1.944 0.988 2.164 0.0160085645611801 -1.23708015705371 0.154021413806395 -1.060192 -0.596 -1.032448
-0.504 0.5 -0.464 1.064 0.12 1.952 1.976 -0.036 0.128 2.092 -0.876 -2.06 -1.944 -1.012 -1.836 0.694549768324407 0.296935276493285 0.773987712316739 0.795808 -0.608 0.911552
0.496 -0.5 -0.464 2.064 1.12 1.952 1.976 1.964 2.128 -1.908 -0.876 1.94 0.056 -2.012 -0.836 0.529103636085624 0.632820843133223 -0.478016585819354 0.331808 0.904 -0.040448
0.496 0.5 0.536 -1.936 0.12 0.952 -1.024 1.964 0.128 -0.908 0.124 0.94 0.056 -0.012 1.164 2.24373836384474 2.88972218604059 2.40194939156302 0.567808 -0.108 -0.040448
-0.504 -0.5 -0.464 -0.936 1.12 1.952 -0.024 -2.036 -0.872 2.092 0.124 -1.06 1.056 -2.012 -1.836 0.37945661649609 0.47846907244288 0.191979814328448 0.795808 0.904 -0.600448
0.496 -0.5 0.536 2.064 1.12 0.952 -0.024 1.964 2.128 -1.908 2.124 -1.06 2.056 -1.012 0.164 1.3976939100006 0.513530197038391 -0.122067577646039 0.031808 0.404 0.951552
-0.504 0.5 0.536 1.064 -1.88 -1.048 -2.024 -2.036 -1.872 -1.908 -0.876 -1.06 1.056 -1.012 -1.836 -1.14609295572526 -0.577063347601858 -0.00960549318605708 -1.040192 -0.608 -0.600448
-0.504 0.5 -0.464 1.064 1.12 1.952 -1.024 0.964 2.128 0.0920000000000001 -1.876 -1.06 0.056 1.988 0.164 0.523403478828728 0.152474278322101 1.35519689192311 -0.132192 0.892 -0.096448
-0.504 -0.5 -0.464 -0.936 -1.88 -1.048 0.976 1.964 2.128 2.092 -0.876 -0.0600000000000001 2.056 1.988 -0.836 1.55190420673902 0.160602452226737 2.26762168756381 0.331808 -1.096 -1.104448
0.496 -0.5 -0.464 -0.936 -0.88 -0.048 1.976 -1.036 -0.872 -1.908 -0.876 -1.06 2.056 -0.012 -1.836 0.943652524439011 -1.27184965124115 2.24563542295557 0.795808 -0.096 0.951552
0.496 0.5 0.536 -1.936 1.12 -2.048 -2.024 1.964 -1.872 0.0920000000000001 1.124 -2.06 2.056 1.988 0.164 1.58777237969676 0.806651881320878 -0.828308745060801 0.031808 0.892 0.951552
0.496 0.5 0.536 -0.936 0.12 0.952 0.976 -0.036 2.128 2.092 -0.876 -1.06 1.056 0.988 0.164 1.50725073964194 1.75276542763441 1.71484259296887 0.031808 0.392 0.455552
0.496 -0.5 0.536 2.064 2.12 -2.048 -0.024 0.964 1.128 2.092 0.124 -0.0600000000000001 1.056 1.988 2.164 -0.180116519493835 1.24612576163214 1.53210881346068 1.103808 -1.096 0.455552
0.496 0.5 0.536 0.0640000000000001 2.12 -0.048 -1.024 1.964 2.128 2.092 -1.876 0.94 0.056 0.988 0.164 1.66441035995523 -0.433893064026987 2.45048559467056 0.031808 0.392 -0.040448
0.496 0.5 0.536 1.064 -0.88 -0.048 -2.024 1.964 2.128 2.092 -0.876 -1.06 2.056 1.988 2.164 1.53983765962455 2.45281120794905 2.91811294192313 1.103808 0.892 0.951552
-0.504 -0.5 -0.464 -0.936 2.12 0.952 1.976 -2.036 -1.872 2.092 2.124 1.94 -0.944 -1.012 2.164 -0.349725173827758 -0.417530772283301 0.798451899553133 -1.060192 0.404 0.407552
-0.504 -0.5 0.536 1.064 1.12 -2.048 -1.024 -2.036 0.128 -1.908 0.124 0.94 1.056 0.988 2.164 -0.0702070177048402 1.91392205542059 1.09397114203886 1.103808 -0.596 -0.600448
0.496 0.5 0.536 -1.936 0.12 1.952 1.976 -1.036 -1.872 1.092 2.124 -2.06 0.056 -0.012 0.164 1.3381162735666 1.70891149527192 1.10759600308199 0.031808 -0.108 -0.040448
-0.504 -0.5 -0.464 0.0640000000000001 2.12 -2.048 1.976 -1.036 -1.872 2.092 -1.876 -0.0600000000000001 -1.944 -2.012 0.164 2.18179225217936 2.01194409183404 0.519350761836053 -0.132192 0.904 0.911552
-0.504 0.5 0.536 -0.936 -1.88 1.952 1.976 -2.036 -1.872 0.0920000000000001 2.124 1.94 0.056 0.988 -0.836 0.160111787379759 1.73558720411772 0.57242078658214 -0.504192 0.392 -0.096448
-0.504 -0.5 -0.464 -1.936 0.12 0.952 -2.024 -0.036 -1.872 -0.908 -0.876 0.94 1.056 1.988 -0.836 1.01491176443495 0.631839945977311 0.000549176923867911 0.331808 -1.096 -0.600448
0.496 0.5 0.536 1.064 -0.88 -1.048 -1.024 -2.036 -0.872 0.0920000000000001 -1.876 -1.06 -1.944 0.988 1.164 -1.21408115238395 1.2760026668757 0.258668588681386 0.567808 0.392 -1.032448
0.496 0.5 -0.464 -1.936 1.12 1.952 1.976 -2.036 2.128 1.092 1.124 1.94 2.056 1.988 2.164 1.01988891124018 2.40057484349537 1.51427147542882 -1.060192 0.892 0.951552
-0.504 -0.5 -0.464 -1.936 2.12 1.952 -0.024 1.964 2.128 1.092 1.124 1.94 2.056 -1.012 0.164 0.603398522336532 2.16853935993399 2.70010445713689 -0.132192 0.404 -1.104448
0.496 -0.5 0.536 1.064 1.12 0.952 -2.024 -2.036 -1.872 1.092 1.124 0.94 0.056 -2.012 -0.836 0.41083491448344 -0.803107499746578 0.500101420279073 -0.504192 0.904 -0.040448
0.496 -0.5 -0.464 -1.936 2.12 -0.048 1.976 -2.036 -0.872 -1.908 -1.876 -2.06 0.056 0.988 2.164 -0.00160349625569617 -1.18209031431413 0.603243463554603 -1.060192 -0.596 -0.040448
-0.504 -0.5 -0.464 -1.936 0.12 -2.048 -2.024 -2.036 1.128 0.0920000000000001 -0.876 -2.06 -1.944 -2.012 -1.836 1.47414620074709 1.46964108468096 2.123793280862 0.795808 0.904 0.911552
-0.504 -0.5 -0.464 -1.936 -1.88 1.952 -0.024 0.964 0.128 -1.908 -1.876 -2.06 -0.944 -2.012 -0.836 0.597252412806499 0.988975174315682 2.96292666136339 0.331808 0.904 0.407552
0.496 0.5 0.536 2.064 2.12 1.952 -0.024 1.964 2.128 1.092 -1.876 -2.06 0.056 -2.012 1.164 1.96101552383715 2.55055084268677 2.43606693000402 0.567808 -1.108 -0.040448
0.496 0.5 0.536 1.064 -1.88 0.952 -2.024 -2.036 0.128 0.0920000000000001 -1.876 -0.0600000000000001 0.056 1.988 0.164 0.917132915334488 0.097743475158138 1.7056868161727 0.031808 0.892 -0.040448
-0.504 0.5 0.536 0.0640000000000001 -0.88 -2.048 1.976 -0.036 -1.872 0.0920000000000001 2.124 1.94 -0.944 -1.012 0.164 1.06776979786246 1.94076420254023 1.40039972516754 0.031808 -0.608 0.407552
0.496 0.5 0.536 -0.936 -0.88 -2.048 -0.024 -1.036 -1.872 -0.908 -1.876 -1.06 -1.944 -2.012 -1.836 1.63779432152736 0.832804095055866 1.13764222348358 -1.040192 -1.108 -1.032448
-0.504 -0.5 -0.464 2.064 -1.88 -1.048 -0.024 0.964 -0.872 0.0920000000000001 -1.876 -2.06 -1.944 -2.012 -1.836 0.24108968568455 -0.0719698349732452 2.23838242423312 0.795808 0.904 0.911552
-0.504 -0.5 -0.464 2.064 -0.88 1.952 -1.024 -2.036 0.128 -0.908 2.124 -0.0600000000000001 -0.944 0.988 -1.836 0.760424905233992 0.0962078118584844 1.11668143041904 0.795808 -0.596 0.407552
-0.504 -0.5 -0.464 -0.936 0.12 -2.048 1.976 1.964 -1.872 2.092 2.124 1.94 1.056 1.988 2.164 1.17816082328228 -0.0918989621672803 0.842860010513337 -1.060192 -1.096 -0.600448
-0.504 -0.5 -0.464 -1.936 -0.88 -2.048 -2.024 1.964 -1.872 -1.908 0.124 -2.06 -1.944 -0.012 -0.836 -0.165058551670265 1.67669143963027 1.05577788615688 0.331808 -0.096 0.911552
-0.504 -0.5 -0.464 -1.936 2.12 -0.048 1.976 -1.036 2.128 -1.908 2.124 1.94 0.056 0.988 0.164 0.248832940890714 1.13802885036523 1.45382203138921 -0.132192 -0.596 -0.096448
-0.504 0.5 0.536 1.064 -1.88 -1.048 -0.024 -0.036 2.128 1.092 -1.876 -1.06 -0.944 -1.012 -1.836 0.607529076410647 -0.831502242047697 2.98747650339241 -1.040192 -0.608 0.407552
-0.504 0.5 -0.464 2.064 2.12 -2.048 -0.024 -0.036 2.128 2.092 2.124 -0.0600000000000001 2.056 -0.012 2.164 -0.841052565596745 0.36959490251813 0.580210253986486 -1.060192 -0.108 -1.104448
0.496 -0.5 -0.464 2.064 2.12 -2.048 -1.024 1.964 2.128 -1.908 2.124 1.94 0.056 1.988 1.164 0.886422613446594 0.0533220581900398 0.846467018056458 -0.596192 -1.096 -0.040448
-0.504 0.5 -0.464 -0.936 -1.88 1.952 -0.024 1.964 -0.872 1.092 -0.876 -1.06 2.056 -0.012 1.164 1.17848189988165 1.2203870576561 1.27131397799255 -0.596192 -0.108 -1.104448
0.496 -0.5 0.536 0.0640000000000001 2.12 0.952 -2.024 -0.036 -1.872 0.0920000000000001 0.124 -2.06 -1.944 -0.012 -0.836 -0.538295471628731 -0.582501299800169 -0.318566657199414 -0.504192 -0.096 -1.032448
-0.504 -0.5 0.536 -0.936 -1.88 0.952 1.976 1.964 2.128 -0.908 -1.876 -1.06 -1.944 -2.012 -1.836 -0.00221981067909927 1.2492100795353 1.08834800153648 -1.040192 0.904 0.911552
-0.504 -0.5 -0.464 0.0640000000000001 1.12 -2.048 1.976 1.964 2.128 1.092 1.124 1.94 2.056 0.988 2.164 -0.395700893164524 1.02756130788038 1.13308534070247 -1.060192 -0.596 -1.104448
0.496 -0.5 -0.464 2.064 1.12 0.952 -2.024 0.964 -1.872 -1.908 0.124 -0.0600000000000001 -1.944 0.988 -0.836 -0.0918478618374469 1.59426507212191 2.10106476915244 0.331808 -0.596 -1.032448
0.496 -0.5 -0.464 -1.936 2.12 -2.048 -0.024 -1.036 0.128 0.0920000000000001 -1.876 -2.06 -1.944 -1.012 -0.836 0.298639283141235 1.88166763012902 1.86159418078862 0.331808 0.404 -1.032448
-0.504 0.5 0.536 -0.936 0.12 -2.048 -1.024 0.964 2.128 2.092 -0.876 -0.0600000000000001 2.056 1.988 -1.836 0.118884952270065 0.761134750360627 1.09758593258237 -1.040192 0.892 -1.104448
0.496 0.5 0.536 0.0640000000000001 -1.88 -1.048 -0.024 -0.036 -1.872 2.092 0.124 -2.06 2.056 -1.012 -0.836 2.02790163459514 0.71752085226813 2.45837386149751 -0.504192 -0.608 0.951552
-0.504 0.5 0.536 -1.936 0.12 -0.048 -1.024 -1.036 2.128 -1.908 0.124 1.94 0.056 0.988 0.164 0.71131004439452 -0.169079382131683 1.05685509017706 0.031808 0.392 -0.096448
0.496 0.5 0.536 2.064 1.12 -2.048 -0.024 1.964 -0.872 -1.908 0.124 0.94 0.056 1.988 -0.836 -0.0222653342133822 0.516985513677613 1.22395620289396 -0.504192 0.892 -0.040448
-0.504 0.5 -0.464 -1.936 2.12 1.952 1.976 0.964 -0.872 0.0920000000000001 -1.876 1.94 -0.944 -2.012 1.164 0.826180007454882 1.38575476106172 0.997857466640214 -0.596192 -1.108 0.407552
0.496 0.5 0.536 -1.936 2.12 -0.048 -2.024 -1.036 2.128 -1.908 -0.876 -2.06 1.056 -2.012 -1.836 0.734220170118791 -0.134468059524459 0.978086510923072 -1.040192 -1.108 0.455552
-0.504 0.5 -0.464 2.064 1.12 -0.048 0.976 -1.036 -1.872 2.092 -1.876 -0.0600000000000001 0.056 0.988 2.164 2.49744843953788 1.18355909563381 4.49218012191242 -1.060192 0.392 -0.096448
0.496 -0.5 -0.464 -1.936 2.12 -2.048 -0.024 1.964 2.128 1.092 -1.876 0.94 0.056 -0.012 -1.836 0.484572033456987 0.444928957672655 -0.469217743731966 0.795808 -0.096 -0.040448
-0.504 -0.5 -0.464 1.064 -1.88 1.952 -1.024 1.964 -1.872 1.092 -1.876 -1.06 -0.944 -2.012 -1.836 0.468961452888304 -0.113390338205083 -0.200545972417943 0.795808 0.904 0.407552
-0.504 0.5 -0.464 0.0640000000000001 -1.88 -2.048 -2.024 -2.036 -1.872 -1.908 1.124 1.94 -1.944 -2.012 -1.836 -0.164018979752546 0.879446354898797 -1.00262331945224 0.795808 -1.108 0.911552
0.496 0.5 0.536 -1.936 -1.88 1.952 1.976 0.964 -0.872 -0.908 2.124 -0.0600000000000001 2.056 1.988 -0.836 1.11997026062822 1.66161888792794 0.642278308040168 -0.504192 0.892 0.951552
0.496 0.5 0.536 -1.936 -1.88 -1.048 1.976 -2.036 -1.872 2.092 2.124 0.94 -1.944 -1.012 1.164 -1.38042971436997 -0.230750760283142 0.15734391758624 0.567808 -0.608 -1.032448
-0.504 -0.5 -0.464 2.064 -0.88 -1.048 1.976 1.964 2.128 -1.908 2.124 1.94 2.056 1.988 1.164 0.486882384448958 2.16599543604599 2.70578113277202 -0.596192 -1.096 -1.104448
0.496 0.5 0.536 1.064 1.12 0.952 0.976 1.964 2.128 0.0920000000000001 2.124 1.94 2.056 1.988 2.164 1.05689677638192 1.92569892465282 2.33688442194388 1.103808 0.892 0.951552
0.496 0.5 -0.464 -1.936 2.12 1.952 -0.024 1.964 2.128 2.092 2.124 1.94 -0.944 -1.012 2.164 0.182455216857516 0.970432254398253 -0.109090878449788 -1.060192 -0.608 -0.536448
-0.504 -0.5 -0.464 0.0640000000000001 -1.88 -2.048 -1.024 -0.036 -1.872 -1.908 -1.876 -2.06 -0.944 -2.012 -0.836 -0.496337993262647 0.500824738142716 -0.285174892488816 0.331808 0.904 0.407552
-0.504 -0.5 -0.464 2.064 -0.88 0.952 -2.024 -1.036 2.128 -1.908 2.124 1.94 0.056 -0.012 -0.836 0.883403132178654 1.75949887969309 2.30621453805477 0.331808 -0.096 -0.096448
-0.504 0.5 0.536 2.064 -1.88 -0.048 0.976 1.964 -1.872 -1.908 -1.876 -2.06 1.056 -2.012 -1.836 1.01824824106426 1.01831998385067 1.64662224605597 -1.040192 -1.108 -0.600448
0.496 0.5 -0.464 2.064 -1.88 1.952 -2.024 1.964 -0.872 1.092 2.124 1.94 2.056 0.988 2.164 -0.1363583476947 0.963724602288375 0.410752178649722 -1.060192 0.392 0.951552
0.496 0.5 -0.464 2.064 -1.88 -1.048 1.976 1.964 -0.872 -1.908 -1.876 -2.06 -1.944 0.988 -1.836 2.29589000232688 1.76933796937914 1.30670468383254 0.795808 0.392 -1.032448
0.496 0.5 0.536 2.064 2.12 1.952 -1.024 -1.036 -1.872 2.092 -1.876 -2.06 -0.944 0.988 -1.836 1.58254392091372 1.36337360731088 3.2632167895288 -1.040192 0.392 -0.536448
0.496 -0.5 0.536 2.064 2.12 -1.048 0.976 0.964 2.128 0.0920000000000001 2.124 1.94 2.056 1.988 2.164 1.62062197044797 2.53178278551266 1.08972880181859 1.103808 -1.096 0.951552
-0.504 -0.5 -0.464 -1.936 -1.88 -0.048 0.976 -2.036 -1.872 1.092 -1.876 -1.06 -1.944 -0.012 -0.836 -0.535108980138452 -0.331241707930629 0.415533638316571 0.331808 -0.096 0.911552
0.496 0.5 0.536 2.064 0.12 0.952 -0.024 -1.036 -0.872 2.092 -1.876 -0.0600000000000001 0.056 -2.012 1.164 -0.117935958205831 0.553838708220783 2.14497517912165 0.567808 -1.108 -0.040448
-0.504 -0.5 -0.464 2.064 0.12 0.952 1.976 -1.036 2.128 1.092 0.124 -2.06 -0.944 0.988 0.164 0.965070864428568 0.851631231383846 1.27099033451815 -0.132192 -0.596 0.407552
0.496 0.5 0.536 0.0640000000000001 -1.88 -2.048 -0.024 1.964 2.128 -0.908 -1.876 -2.06 -1.944 0.988 -0.836 0.775636204940721 0.36319078062001 2.14562078153453 -0.504192 0.392 -1.032448
0.496 0.5 0.536 2.064 2.12 1.952 1.976 0.964 0.128 -0.908 2.124 -2.06 2.056 1.988 2.164 0.752709822815083 1.71519551247947 2.40094196262676 1.103808 0.892 0.951552
-0.504 0.5 0.536 2.064 2.12 -2.048 -2.024 -1.036 -1.872 -0.908 -1.876 1.94 0.056 -0.012 1.164 0.335486648985333 1.09618016825468 -1.60119210846199 0.567808 -0.108 -0.096448
0.496 -0.5 -0.464 -1.936 -1.88 -0.048 0.976 -2.036 -1.872 2.092 -1.876 -0.0600000000000001 -1.944 -2.012 -0.836 -0.185527076293 -0.316455944170898 0.416004306477371 0.331808 0.904 -1.032448
0.496 -0.5 0.536 -0.936 1.12 1.952 0.976 1.964 -1.872 -1.908 -0.876 1.94 0.056 0.988 -0.836 0.908423890876561 1.16420259753901 0.309070812229253 -0.504192 -0.596 -0.040448
0.496 -0.5 -0.464 1.064 2.12 -2.048 -2.024 1.964 2.128 1.092 0.124 -0.0600000000000001 2.056 -1.012 -0.836 0.695919605326295 0.204664909612621 0.981623037566585 0.331808 0.404 0.951552
-0.504 -0.5 -0.464 -1.936 -1.88 1.952 -2.024 0.964 1.128 -1.908 -1.876 0.94 -0.944 -1.012 -1.836 0.0824997693817901 0.798958369707456 -0.74647754354776 0.795808 0.404 0.407552
0.496 -0.5 0.536 -1.936 0.12 -2.048 0.976 -2.036 2.128 -1.908 -0.876 0.94 2.056 -2.012 1.164 0.203719130200619 1.65151495065449 0.935701459282068 0.567808 0.904 0.951552
-0.504 0.5 -0.464 -1.936 -0.88 -0.048 0.976 -2.036 -1.872 1.092 -1.876 -1.06 -1.944 -2.012 -0.836 -0.391632941679085 0.876936259474155 0.720273394504657 0.331808 -1.108 0.911552
0.496 -0.5 -0.464 -1.936 -0.88 -2.048 -2.024 1.964 -1.872 -1.908 1.124 -2.06 1.056 -2.012 -1.836 0.0719672363667749 -0.762081748209741 0.258554840228889 0.795808 0.904 0.455552
0.496 0.5 0.536 -1.936 -0.88 -2.048 -2.024 -2.036 -0.872 -1.908 1.124 -1.06 -1.944 -2.012 -1.836 0.683554808676736 0.273763522404449 0.412024007296361 -1.040192 -1.108 -1.032448
-0.504 -0.5 -0.464 0.0640000000000001 -1.88 -2.048 -2.024 0.964 1.128 -0.908 0.124 0.94 -0.944 -2.012 -0.836 0.862979301411448 0.464080270296588 0.79665606322294 0.331808 0.904 0.407552
0.496 0.5 0.536 1.064 2.12 0.952 -1.024 1.964 -0.872 1.092 1.124 1.94 2.056 0.988 2.164 0.00292536250358855 1.14511821473386 1.5153412909988 1.103808 0.392 0.951552
0.496 -0.5 0.536 -1.936 2.12 -1.048 0.976 1.964 1.128 -1.908 1.124 -2.06 -1.944 1.988 0.164 1.13958988311579 1.97060148923544 2.78681219927549 0.031808 -1.096 -1.032448
0.496 -0.5 -0.464 0.0640000000000001 -0.88 1.952 -1.024 1.964 -0.872 2.092 -1.876 1.94 -1.944 1.988 2.164 0.567849334707462 0.753698031165821 -0.656557443931983 -1.060192 -1.096 -1.032448
-0.504 -0.5 -0.464 2.064 -0.88 -0.048 -0.024 1.964 -1.872 -0.908 -0.876 -0.0600000000000001 -0.944 -2.012 0.164 0.386348498724809 -1.0021921903061 -0.610864956488541 -0.132192 0.904 0.407552
0.496 -0.5 0.536 0.0640000000000001 -0.88 1.952 -1.024 -0.036 -1.872 -1.908 -1.876 0.94 -1.944 -2.012 -1.836 0.51943157977995 1.56202191718814 1.14412548650692 -1.040192 0.904 -1.032448
-0.504 -0.5 -0.464 2.064 0.12 -2.048 -2.024 1.964 1.128 -0.908 0.124 1.94 1.056 -0.012 2.164 1.23920505755895 2.57543940063821 3.06544717858287 -1.060192 -0.096 -0.600448
-0.504 0.5 0.536 -1.936 -1.88 0.952 -2.024 0.964 -1.872 -1.908 -1.876 -2.06 -0.944 -2.012 -1.836 0.331113282543877 2.08596358731746 2.13448102970835 -1.040192 -1.108 0.407552
-0.504 -0.5 -0.464 -1.936 2.12 -2.048 1.976 0.964 1.128 0.0920000000000001 0.124 1.94 2.056 1.988 2.164 0.1846980883898 0.402466857336476 1.43311705336535 -1.060192 -1.096 -1.104448
0.496 0.5 0.536 0.0640000000000001 2.12 -1.048 -2.024 -0.036 -1.872 1.092 -0.876 -1.06 -0.944 -2.012 -1.836 0.555810217118743 1.40265463001016 1.72520391549931 -1.040192 -1.108 -0.536448
-0.504 -0.5 -0.464 -1.936 2.12 -0.048 1.976 -1.036 2.128 2.092 2.124 0.94 1.056 1.988 2.164 1.42002206656645 1.31572172282401 1.80090803189529 -1.060192 -1.096 -0.600448
-0.504 -0.5 -0.464 -1.936 1.12 -1.048 -0.024 1.964 2.128 -1.908 0.124 1.94 -1.944 0.988 -0.836 0.772895191980103 -0.058143434829715 -0.0809114265751811 0.331808 -0.596 0.911552
0.496 -0.5 -0.464 2.064 0.12 -0.048 1.976 -2.036 -1.872 0.0920000000000001 1.124 -1.06 2.056 0.988 0.164 -1.44111657570381 0.772371822251068 0.604422734071521 -0.132192 -0.596 0.951552
0.496 0.5 -0.464 1.064 -1.88 -1.048 1.976 1.964 -1.872 -1.908 0.124 1.94 -1.944 -2.012 -0.836 2.37112102670795 0.309587202743807 1.38469633673932 0.331808 -1.108 -1.032448
-0.504 -0.5 -0.464 0.0640000000000001 -1.88 -2.048 -1.024 0.964 -1.872 -1.908 -1.876 -2.06 -1.944 -0.012 -1.836 -0.54023838346326 -0.963101641890725 -2.21103710828985 0.795808 -0.096 0.911552
-0.504 0.5 -0.464 -1.936 2.12 1.952 1.976 0.964 -1.872 1.092 2.124 1.94 2.056 1.988 1.164 0.159881179114619 0.457167529886269 1.11829194067816 -0.596192 0.892 -1.104448
-0.504 -0.5 -0.464 1.064 -1.88 -2.048 -2.024 -2.036 -1.872 -1.908 2.124 0.94 -1.944 0.988 -1.836 0.429661201365421 -0.654486203443853 -0.123433889521818 0.795808 -0.596 0.911552
0.496 0.5 0.536 1.064 0.12 -2.048 -2.024 -0.036 2.128 2.092 -0.876 1.94 2.056 -0.012 1.164 -0.779123451809635 -0.0786145229932457 0.0965652101712089 0.567808 -0.108 0.951552
0.496 -0.5 -0.464 1.064 2.12 1.952 0.976 -0.036 -1.872 -1.908 1.124 1.94 2.056 -1.012 -0.836 -0.0540359271774011 0.521009362942016 -0.852595500118367 0.331808 0.404 0.951552
-0.504 -0.5 -0.464 0.0640000000000001 -0.88 -2.048 1.976 -1.036 -0.872 -1.908 -0.876 -0.0600000000000001 -1.944 1.988 1.164 -0.687292265884426 1.52409486121485 -0.105399853766244 -0.596192 -1.096 0.911552
-0.504 -0.5 -0.464 -0.936 2.12 -0.048 -0.024 -0.036 -0.872 -1.908 -1.876 -1.06 -1.944 -2.012 -1.836 -0.252551181423908 0.2981791722349 0.830792317554663 0.795808 0.904 0.911552
-0.504 -0.5 -0.464 -0.936 0.12 0.952 -2.024 -2.036 0.128 0.0920000000000001 -1.876 -2.06 -0.944 -1.012 -1.836 -0.454565644105841 0.898304338457954 1.99046657220689 0.795808 0.404 0.407552
-0.504 0.5 0.536 2.064 2.12 1.952 0.976 1.964 1.128 -1.908 1.124 1.94 1.056 1.988 1.164 2.46378291389658 3.74368812150239 3.42596680574269 0.567808 0.892 -0.600448
-0.504 -0.5 -0.464 -1.936 0.12 1.952 1.976 1.964 -1.872 0.0920000000000001 0.124 -0.0600000000000001 -0.944 -0.012 1.164 -0.0439738515219648 0.290409886759168 0.00588998179337145 -0.596192 -0.096 0.407552
0.496 0.5 -0.464 2.064 -1.88 -0.048 0.976 1.964 1.128 1.092 2.124 -0.0600000000000001 0.056 -1.012 1.164 0.543300538776921 0.724221251047571 2.66076488404323 -0.596192 -0.608 -0.040448
0.496 0.5 0.536 -0.936 -1.88 1.952 -2.024 0.964 0.128 0.0920000000000001 -1.876 -0.0600000000000001 -1.944 -1.012 0.164 -0.900018493020427 1.26723563831189 0.724895293298262 0.031808 -0.608 -1.032448
0.496 -0.5 -0.464 -0.936 0.12 -1.048 1.976 -2.036 2.128 0.0920000000000001 1.124 -1.06 2.056 -1.012 -0.836 0.62918869974329 0.424400489014562 -0.202845958833748 0.331808 0.404 0.951552
0.496 -0.5 -0.464 1.064 1.12 0.952 1.976 1.964 -1.872 0.0920000000000001 -1.876 0.94 2.056 -0.012 0.164 0.623297468973985 1.17735964085558 0.16942303485573 -0.132192 -0.096 0.951552
0.496 0.5 0.536 0.0640000000000001 0.12 1.952 0.976 -2.036 -0.872 -0.908 1.124 -0.0600000000000001 -1.944 -0.012 -0.836 0.976936698972853 1.43347421882175 1.50511661375918 -0.504192 -0.108 -1.032448
-0.504 0.5 0.536 -1.936 -1.88 -2.048 0.976 -2.036 0.128 0.0920000000000001 -1.876 -1.06 0.056 -2.012 -1.836 -0.986474336274163 1.5925587406102 0.0148980804007883 -1.040192 -1.108 -0.096448
-0.504 -0.5 -0.464 -0.936 2.12 -2.048 -0.024 -0.036 1.128 2.092 2.124 0.94 -1.944 -0.012 1.164 -1.26591128342803 0.95088707316328 0.389412302377411 -0.596192 -0.096 0.911552
-0.504 0.5 0.536 1.064 2.12 1.952 1.976 -2.036 2.128 2.092 2.124 1.94 2.056 1.988 2.164 0.643369512115239 3.105906081243 2.5035630762482 1.103808 0.892 -1.104448
-0.504 -0.5 -0.464 2.064 -0.88 -2.048 -2.024 1.964 2.128 2.092 2.124 1.94 0.056 0.988 2.164 0.698517300456527 1.34261165884602 0.233581249098833 -1.060192 -0.596 -0.096448
0.496 -0.5 -0.464 1.064 -1.88 -1.048 -1.024 0.964 2.128 -0.908 1.124 -2.06 0.056 1.988 -0.836 -0.388577339946585 0.685571685959348 1.10637443278322 0.331808 -1.096 -0.040448
-0.504 -0.5 -0.464 2.064 1.12 1.952 0.976 -0.036 -1.872 0.0920000000000001 -0.876 -0.0600000000000001 0.056 1.988 0.164 0.247843048879275 0.418267281372156 0.245280930131601 -0.132192 -1.096 -0.096448
-0.504 -0.5 -0.464 2.064 2.12 1.952 1.976 -0.036 -1.872 -0.908 2.124 0.94 -0.944 1.988 0.164 -0.83076760242782 2.44917456631113 1.19713125134013 -0.132192 -1.096 0.407552
0.496 0.5 0.536 2.064 -0.88 -2.048 -1.024 -2.036 2.128 -0.908 -1.876 1.94 -0.944 -2.012 -1.836 0.492257430049972 2.52526638131502 1.1771370734514 -1.040192 -1.108 -0.536448
-0.504 0.5 -0.464 2.064 0.12 -2.048 0.976 0.964 0.128 1.092 2.124 -1.06 1.056 0.988 2.164 0.758311575247435 1.19050776043511 2.42287365715138 -1.060192 0.392 -0.600448
0.496 -0.5 -0.464 1.064 0.12 0.952 0.976 1.964 -0.872 -1.908 -0.876 -2.06 -1.944 -1.012 -1.836 -0.602346493213088 0.809181639092196 0.239237341569575 0.795808 0.404 -1.032448
0.496 0.5 -0.464 2.064 -1.88 1.952 -2.024 -2.036 -0.872 2.092 -1.876 1.94 1.056 -2.012 -1.836 -1.3728532214232 -0.373271043668453 -0.478555533735242 0.795808 -1.108 0.455552
-0.504 0.5 0.536 2.064 0.12 -2.048 1.976 1.964 0.128 -0.908 1.124 -1.06 0.056 1.988 0.164 1.11728236349939 0.211157486956173 0.608657077054194 0.031808 0.892 -0.096448
-0.504 0.5 -0.464 -0.936 0.12 -2.048 -2.024 -2.036 0.128 -0.908 -0.876 -2.06 -1.944 -2.012 -1.836 0.408416699850375 1.36251380399675 0.522501599262322 0.795808 -1.108 0.911552
-0.504 -0.5 0.536 2.064 0.12 -0.048 1.976 -1.036 2.128 1.092 -1.876 -2.06 0.056 -2.012 -1.836 1.32019440591475 3.1085087074954 1.99928929372814 -1.040192 0.904 -0.096448
0.496 0.5 0.536 2.064 1.12 1.952 1.976 1.964 -0.872 -0.908 -1.876 0.94 2.056 -1.012 0.164 0.523548114302063 1.65434800016055 0.179269954156423 0.031808 -0.608 0.951552
-0.504 -0.5 -0.464 -0.936 -1.88 -1.048 -0.024 -2.036 -1.872 1.092 -0.876 -2.06 0.056 -2.012 -0.836 0.885502131416568 -0.312215701227141 1.70055992264677 0.331808 0.904 -0.096448
0.496 0.5 0.536 2.064 -1.88 -2.048 -1.024 -2.036 -0.872 -1.908 -0.876 -2.06 -1.944 -1.012 1.164 -0.385516139231503 -0.535397328635 1.68804955495331 0.567808 -0.608 -1.032448
0.496 0.5 0.536 -1.936 -1.88 1.952 -2.024 -2.036 1.128 -1.908 1.124 -2.06 1.056 -1.012 0.164 1.30676565515533 0.916698403967832 0.757011610818022 0.031808 -0.608 0.455552
0.496 0.5 0.536 2.064 1.12 -0.048 1.976 1.964 2.128 1.092 1.124 1.94 -0.944 -0.012 0.164 1.59277138347914 1.50103056030394 1.50273016348982 0.031808 -0.108 -0.536448
-0.504 -0.5 0.536 2.064 -1.88 1.952 -2.024 -2.036 1.128 2.092 -0.876 -2.06 1.056 0.988 2.164 0.707154609879218 0.989166982995806 1.3880576789297 1.103808 -0.596 -0.600448
0.496 -0.5 0.536 2.064 -0.88 -2.048 0.976 -1.036 -1.872 0.0920000000000001 -1.876 -1.06 -0.944 0.988 -1.836 1.05132217187236 1.1413569888637 1.28092809634709 -1.040192 -0.596 -0.536448
0.496 0.5 0.536 1.064 0.12 0.952 1.976 -2.036 2.128 2.092 1.124 1.94 0.056 0.988 2.164 1.68186488321218 1.33051617938424 1.72538982361 1.103808 0.392 -0.040448
-0.504 0.5 0.536 -0.936 -1.88 1.952 -2.024 -2.036 0.128 -1.908 1.124 0.94 -0.944 0.988 -0.836 0.495433737944648 0.0107055924108359 0.657645102050769 -0.504192 0.392 0.407552
0.496 0.5 0.536 -1.936 -1.88 1.952 -0.024 -0.036 2.128 0.0920000000000001 -1.876 1.94 -1.944 1.988 0.164 0.536335252681336 -0.0408352144378263 0.239683110627924 0.031808 0.892 -1.032448
-0.504 0.5 0.536 1.064 -1.88 1.952 -2.024 0.964 2.128 2.092 1.124 0.94 0.056 1.988 2.164 0.0436959159541549 1.26256848427514 1.85727962274887 1.103808 0.892 -0.096448
-0.504 0.5 -0.464 -0.936 2.12 0.952 1.976 -1.036 -1.872 0.0920000000000001 0.124 -0.0600000000000001 0.056 1.988 2.164 1.32909592012427 1.523478888709 1.9833102511959 -1.060192 0.892 -0.096448
0.496 0.5 0.536 0.0640000000000001 -0.88 -2.048 -0.024 1.964 2.128 -0.908 0.124 -1.06 2.056 1.988 -0.836 1.02614358827211 1.86501559811797 2.04347928784451 -0.504192 0.892 0.951552
0.496 0.5 0.536 2.064 -0.88 -1.048 0.976 0.964 -1.872 0.0920000000000001 -1.876 -1.06 1.056 -2.012 -0.836 0.42521998842558 1.17536492806694 1.18642704031041 -0.504192 -1.108 0.455552
-0.504 0.5 -0.464 -1.936 2.12 -2.048 -2.024 -0.036 -1.872 2.092 -1.876 -2.06 -1.944 -1.012 -1.836 -1.09611132992218 -0.964307844908987 -1.66906589038246 0.795808 -0.608 0.911552
0.496 0.5 -0.464 -1.936 2.12 -2.048 1.976 0.964 -1.872 -1.908 -1.876 0.94 0.056 -1.012 0.164 2.27871609820524 1.98494286394941 3.47769226278667 -0.132192 -0.608 -0.040448
0.496 0.5 0.536 -1.936 -1.88 1.952 -2.024 -1.036 1.128 0.0920000000000001 0.124 -2.06 -1.944 -0.012 -0.836 0.519062087195411 0.989743262126544 1.98225048500414 -0.504192 -0.108 -1.032448
0.496 0.5 -0.464 2.064 -1.88 1.952 -1.024 -2.036 1.128 -0.908 -1.876 1.94 0.056 -1.012 0.164 0.424388941720191 1.26968920511583 1.4002774405951 -0.132192 -0.608 -0.040448
0.496 0.5 0.536 2.064 1.12 0.952 -1.024 0.964 -1.872 0.0920000000000001 0.124 0.94 -1.944 -2.012 0.164 0.597043255374599 1.3326687265725 0.692810831476775 0.031808 -1.108 -1.032448
0.496 -0.5 0.536 -1.936 -1.88 -2.048 -2.024 -2.036 2.128 0.0920000000000001 2.124 0.94 0.056 1.988 -0.836 -0.61710978573225 0.901097027158349 -0.420318996621528 -0.504192 -1.096 -0.040448
0.496 0.5 0.536 -1.936 -1.88 -0.048 1.976 1.964 -1.872 1.092 2.124 -0.0600000000000001 1.056 1.988 2.164 0.826822063323621 0.396145926184735 0.908559238767863 1.103808 0.892 0.455552
-0.504 -0.5 -0.464 -1.936 -1.88 0.952 -2.024 -2.036 2.128 -1.908 -1.876 -2.06 -1.944 -2.012 -1.836 1.19663496557938 1.01001629568276 1.73744057117505 0.795808 0.904 0.911552
-0.504 0.5 0.536 2.064 0.12 1.952 -2.024 0.964 -0.872 2.092 2.124 1.94 0.056 0.988 1.164 0.8053430626858 0.627766530123814 0.664905061417716 0.567808 0.392 -0.096448
0.496 0.5 0.536 0.0640000000000001 0.12 -2.048 0.976 -2.036 0.128 0.0920000000000001 1.124 0.94 1.056 1.988 1.164 0.0439312979408958 0.600104123913743 1.26495692365764 0.567808 0.892 0.455552
0.496 0.5 -0.464 -0.936 -1.88 -2.048 0.976 1.964 0.128 -0.908 -1.876 -1.06 0.056 0.988 2.164 0.916798122941107 1.46589622005952 1.32545860573163 -1.060192 0.392 -0.040448
-0.504 -0.5 -0.464 1.064 1.12 1.952 1.976 1.964 0.128 -1.908 2.124 -2.06 -1.944 0.988 -1.836 -0.152445103989193 -0.822729960836532 0.073012416506611 0.795808 -0.596 0.911552
0.496 0.5 -0.464 2.064 -1.88 1.952 -0.024 0.964 2.128 2.092 1.124 -2.06 1.056 1.988 2.164 1.28389942892049 1.47646630944996 1.97446609275666 -1.060192 0.892 0.455552
-0.504 -0.5 -0.464 -1.936 2.12 -0.048 -2.024 -1.036 2.128 -1.908 2.124 1.94 1.056 -1.012 -1.836 0.637531342128801 0.836705092096383 1.2632306776104 0.795808 0.404 -0.600448
0.496 0.5 0.536 -1.936 -1.88 1.952 1.976 -1.036 2.128 2.092 2.124 0.94 1.056 0.988 1.164 0.959315804958888 2.31063259749888 2.48258149275881 0.567808 0.392 0.455552
-0.504 -0.5 -0.464 -1.936 -1.88 1.952 1.976 -2.036 2.128 -1.908 -0.876 -2.06 -1.944 -2.012 -1.836 -0.466485716346532 0.500491564446557 0.0172044835826091 0.795808 0.904 0.911552
0.496 -0.5 -0.464 -1.936 2.12 1.952 -2.024 1.964 0.128 2.092 -1.876 -0.0600000000000001 -0.944 0.988 1.164 0.624855735397053 1.96332877462315 1.98582415666721 -0.596192 -0.596 -0.536448
0.496 0.5 0.536 -1.936 -1.88 -2.048 -1.024 1.964 0.128 -1.908 0.124 -1.06 -1.944 -2.012 1.164 1.29654030835133 1.05086596099112 1.48344114316924 0.567808 -1.108 -1.032448
-0.504 0.5 0.536 2.064 2.12 -0.048 -2.024 -2.036 0.128 0.0920000000000001 -1.876 0.94 -1.944 1.988 -0.836 -0.151849494783229 0.0480536386379324 0.543548352497185 -0.504192 0.892 0.911552
0.496 0.5 -0.464 -1.936 0.12 -0.048 1.976 1.964 -1.872 -0.908 2.124 -1.06 2.056 1.988 2.164 0.325200828105679 -0.322652693910316 0.607532300784596 -1.060192 0.892 0.951552
0.496 -0.5 -0.464 2.064 -1.88 -2.048 -1.024 -2.036 -1.872 -0.908 2.124 1.94 -0.944 -0.012 2.164 1.03521655220746 1.56090430605466 1.7152361618327 -1.060192 -0.096 -0.536448
0.496 0.5 0.536 0.0640000000000001 -1.88 1.952 -2.024 -0.036 1.128 -1.908 -1.876 1.94 1.056 0.988 0.164 1.66369980086791 1.86104117026902 2.09551450795436 0.031808 0.392 0.455552
-0.504 -0.5 -0.464 1.064 0.12 0.952 1.976 -0.036 2.128 2.092 0.124 0.94 -1.944 -2.012 2.164 -0.0342296391228749 0.150383899504212 0.949701154263556 -1.060192 0.904 0.911552
0.496 0.5 0.536 2.064 -0.88 1.952 -0.024 0.964 -0.872 -1.908 -1.876 1.94 2.056 -0.012 -0.836 1.95470632266093 2.24830119083882 3.42832866782557 -0.504192 -0.108 0.951552
-0.504 -0.5 -0.464 -1.936 -1.88 -2.048 -1.024 -2.036 0.128 -1.908 -0.876 -1.06 -1.944 -2.012 -1.836 0.877456845306724 0.536019162856172 1.28274749642106 0.795808 0.904 0.911552
-0.504 0.5 -0.464 -1.936 -0.88 1.952 1.976 1.964 -1.872 1.092 2.124 0.94 0.056 -0.012 0.164 0.751179243870243 0.988605866278299 -0.190031456528062 -0.132192 -0.108 -0.096448
-0.504 0.5 0.536 1.064 -1.88 -2.048 -0.024 -0.036 -1.872 -1.908 -0.876 -1.06 2.056 -1.012 -1.836 0.237315733426065 -0.11832813978343 0.525953058072441 -1.040192 -0.608 -1.104448
-0.504 -0.5 -0.464 -0.936 2.12 1.952 1.976 -0.036 0.128 2.092 -0.876 -1.06 0.056 0.988 -0.836 0.701727014815099 0.078817195253022 1.14170191282012 0.331808 -0.596 -0.096448
0.496 0.5 -0.464 0.0640000000000001 -0.88 0.952 -2.024 -1.036 0.128 -0.908 0.124 -0.0600000000000001 2.056 -2.012 0.164 0.327756207844036 -0.209329458627043 -0.333375698700556 -0.132192 -1.108 0.951552
0.496 -0.5 -0.464 -1.936 0.12 1.952 1.976 1.964 -1.872 1.092 2.124 0.94 -0.944 -1.012 1.164 1.45624346448674 1.71756123405415 2.31690155543201 -0.596192 0.404 -0.536448
0.496 0.5 0.536 0.0640000000000001 2.12 -1.048 -2.024 -2.036 2.128 2.092 1.124 1.94 1.056 0.988 1.164 0.0454135489867348 1.51194889278289 1.40110446177752 0.567808 0.392 0.455552
0.496 -0.5 0.536 2.064 2.12 1.952 1.976 0.964 -1.872 2.092 -0.876 1.94 2.056 1.988 2.164 1.86013995299583 2.64771798879794 2.55863273719183 1.103808 -1.096 0.951552
0.496 0.5 0.536 2.064 -0.88 -1.048 1.976 1.964 0.128 -0.908 2.124 0.94 -0.944 1.988 2.164 -0.106631865877773 -0.153344992309447 0.0964548267707764 1.103808 0.892 -0.536448
0.496 0.5 0.536 -1.936 0.12 -1.048 -2.024 -2.036 1.128 -1.908 1.124 0.94 -1.944 -2.012 -1.836 0.0668358675774239 0.453102346845017 0.722765387777982 -1.040192 -1.108 -1.032448
-0.504 -0.5 0.536 -1.936 1.12 -0.048 1.976 -2.036 -1.872 -1.908 -0.876 0.94 1.056 -0.012 -0.836 -0.146645184454229 0.978953894348203 -0.0491779143984611 -0.504192 -0.096 -0.600448
-0.504 0.5 0.536 0.0640000000000001 -1.88 1.952 -0.024 -2.036 1.128 -0.908 1.124 1.94 1.056 1.988 0.164 1.4576742012597 0.906320139846216 1.96489603017763 0.031808 0.892 -0.600448
-0.504 -0.5 -0.464 0.0640000000000001 2.12 -0.048 -0.024 -2.036 0.128 2.092 -0.876 -0.0600000000000001 0.056 -2.012 -1.836 1.17197109668237 2.69302070391297 1.71101473531813 0.795808 0.904 -0.096448
0.496 0.5 0.536 -1.936 0.12 -2.048 -2.024 -1.036 2.128 2.092 -1.876 1.94 -1.944 -0.012 1.164 0.686771281721961 1.7585897247014 2.63187266851748 0.567808 -0.108 -1.032448
0.496 -0.5 -0.464 0.0640000000000001 0.12 -2.048 -0.024 -2.036 -1.872 -0.908 -1.876 -0.0600000000000001 -1.944 -2.012 -1.836 -0.376102967342408 -0.435196513704548 -0.685394520340269 0.795808 0.904 -1.032448
0.496 0.5 0.536 -1.936 1.12 0.952 1.976 -2.036 2.128 2.092 0.124 -2.06 2.056 1.988 2.164 1.8685748013153 0.439661066200379 2.11012182314618 1.103808 0.892 0.951552
-0.504 0.5 0.536 2.064 2.12 1.952 1.976 1.964 1.128 0.0920000000000001 -1.876 0.94 2.056 1.988 -0.836 1.12204566831064 1.09165625352153 2.50101238221613 -0.504192 0.892 -1.104448
0.496 0.5 0.536 1.064 -1.88 -2.048 -2.024 1.964 -0.872 -0.908 1.124 -2.06 -1.944 -2.012 -0.836 0.321757740731666 0.941450799385133 1.33503124796677 -0.504192 -1.108 -1.032448
-0.504 0.5 -0.464 1.064 -1.88 0.952 -1.024 1.964 0.128 -1.908 0.124 1.94 0.056 -2.012 1.164 0.95110096833219 2.0049777005461 1.98067034490608 -0.596192 -1.108 -0.096448
0.496 0.5 0.536 -0.936 2.12 1.952 0.976 -1.036 -1.872 0.0920000000000001 1.124 -0.0600000000000001 0.056 1.988 0.164 1.28255860691857 1.10403519719796 1.85346066282524 0.031808 0.892 -0.040448
-0.504 -0.5 -0.464 2.064 0.12 -1.048 0.976 -1.036 -1.872 -0.908 1.124 1.94 1.056 -2.012 -1.836 0.116041505838168 0.429674283913379 1.37978575740554 0.795808 0.904 -0.600448
0.496 0.5 0.536 -1.936 -1.88 -2.048 -1.024 0.964 0.128 2.092 0.124 1.94 -0.944 1.988 1.164 1.27519980409194 0.938681788675012 1.88998465868863 0.567808 0.892 -0.536448
-0.504 -0.5 0.536 -1.936 0.12 1.952 1.976 -1.036 -1.872 1.092 1.124 -2.06 -0.944 -1.012 -1.836 0.250356375751426 1.90183359110316 1.68069408024023 -1.040192 0.404 0.407552
0.496 0.5 0.536 2.064 0.12 -0.048 -2.024 1.964 -0.872 0.0920000000000001 2.124 -2.06 0.056 -1.012 0.164 0.532407213052119 0.516056475124899 0.561924805628324 0.031808 -0.608 -0.040448
-0.504 -0.5 -0.464 -1.936 -1.88 -0.048 1.976 -1.036 -0.872 -1.908 -1.876 0.94 1.056 -1.012 -1.836 0.271669611373938 0.899565826446039 1.07332171907405 0.795808 0.404 -0.600448
-0.504 0.5 -0.464 -1.936 2.12 1.952 -2.024 -1.036 0.128 0.0920000000000001 2.124 1.94 0.056 0.988 0.164 0.610399692105094 0.82615643611447 1.64148755748236 -0.132192 0.392 -0.096448
0.496 0.5 0.536 -1.936 -1.88 -2.048 -2.024 1.964 2.128 1.092 -1.876 1.94 -0.944 -2.012 2.164 0.898898618386126 1.86916047235607 2.33319370421022 1.103808 -1.108 -0.536448
-0.504 -0.5 -0.464 1.064 -1.88 -2.048 1.976 -1.036 1.128 -0.908 1.124 -0.0600000000000001 0.056 -1.012 -1.836 1.52890654051506 1.90657384888174 0.018237234070098 0.795808 0.404 -0.096448
0.496 -0.5 0.536 2.064 1.12 0.952 -2.024 -1.036 1.128 0.0920000000000001 -1.876 -1.06 2.056 -2.012 0.164 0.121558353495006 0.839329247824354 0.202791201389762 0.031808 0.904 0.951552
-0.504 -0.5 0.536 0.0640000000000001 -1.88 0.952 1.976 -2.036 2.128 -0.908 -1.876 1.94 0.056 -1.012 -1.836 0.793588800398309 1.07633167993907 1.07074069050387 -1.040192 0.404 -0.096448
0.496 0.5 0.536 2.064 1.12 -2.048 -1.024 -1.036 2.128 0.0920000000000001 -0.876 1.94 2.056 -0.012 1.164 1.08119320324121 0.914486212138969 1.83932059283446 0.567808 -0.108 0.951552
-0.504 0.5 -0.464 0.0640000000000001 -1.88 -2.048 -2.024 -0.036 -1.872 0.0920000000000001 1.124 -2.06 -1.944 -2.012 -1.836 0.771404292367007 0.18339160499099 0.606498543504477 0.795808 -1.108 0.911552
-0.504 -0.5 -0.464 0.0640000000000001 1.12 -0.048 -0.024 -1.036 0.128 2.092 0.124 -2.06 1.056 -0.012 1.164 1.22254460224235 1.20551681081713 1.12191500127206 -0.596192 -0.096 -0.600448
-0.504 -0.5 -0.464 2.064 -1.88 1.952 -0.024 0.964 -0.872 2.092 2.124 -0.0600000000000001 2.056 1.988 1.164 0.341419570909292 0.616845981528258 -0.236120140261074 -0.596192 -1.096 -1.104448
-0.504 -0.5 0.536 -0.936 -0.88 -2.048 -0.024 -2.036 -0.872 0.0920000000000001 -1.876 -2.06 -1.944 -1.012 -1.836 0.275075589370998 -0.0549031347149144 -0.317470402148614 -1.040192 0.404 0.911552
0.496 0.5 0.536 -1.936 2.12 -2.048 -2.024 0.964 0.128 0.0920000000000001 -1.876 -0.0600000000000001 -1.944 -2.012 -0.836 0.490712366013814 0.0335477103094192 -0.100830969857014 -0.504192 -1.108 -1.032448
0.496 0.5 -0.464 -1.936 2.12 -2.048 1.976 -0.036 2.128 2.092 2.124 -0.0600000000000001 0.056 -1.012 0.164 -0.31931492741638 -0.14146569055717 -0.969350765687471 -0.132192 -0.608 -0.040448
0.496 -0.5 0.536 -1.936 -1.88 -0.048 1.976 -2.036 1.128 -1.908 2.124 -0.0600000000000001 2.056 0.988 2.164 0.985638412785196 2.43348607888929 2.70299530345351 1.103808 -0.596 0.951552
-0.504 0.5 0.536 -1.936 -0.88 -0.048 1.976 -1.036 -0.872 -0.908 1.124 1.94 0.056 1.988 2.164 0.783024277412688 2.23784919934386 2.27272201184872 1.103808 0.892 -0.096448
0.496 -0.5 0.536 2.064 1.12 0.952 -0.024 -2.036 2.128 0.0920000000000001 -1.876 -0.0600000000000001 2.056 -1.012 -0.836 0.86071802117516 1.03582907031334 0.661467345654939 -0.504192 0.404 0.951552
-0.504 -0.5 -0.464 0.0640000000000001 -1.88 -2.048 -2.024 -2.036 -1.872 0.0920000000000001 -1.876 -2.06 -0.944 -2.012 0.164 -0.236789570649808 -0.729999036695384 0.262843860940144 -0.132192 0.904 0.407552
-0.504 -0.5 0.536 0.0640000000000001 0.12 1.952 1.976 -1.036 -1.872 -0.908 2.124 -2.06 0.056 -2.012 -1.836 -0.418885740995718 0.298461973814897 0.2744639019365 -1.040192 0.904 -0.096448
-0.504 -0.5 -0.464 0.0640000000000001 0.12 0.952 1.976 -2.036 0.128 -0.908 -1.876 -0.0600000000000001 0.056 -0.012 -0.836 0.969889942155984 0.742382888219213 1.20303719963563 0.331808 -0.096 -0.096448
-0.504 0.5 -0.464 1.064 -1.88 -0.048 -2.024 -2.036 -1.872 -0.908 -1.876 0.94 -1.944 -1.012 -1.836 -0.329839728461634 -0.814804872983898 -2.00160500754363 0.795808 -0.608 0.911552
-0.504 -0.5 -0.464 2.064 -1.88 -2.048 -2.024 1.964 2.128 2.092 2.124 0.94 0.056 1.988 -0.836 0.47215353191457 -0.4093816633788 1.30823747443734 0.331808 -1.096 -0.096448
-0.504 -0.5 -0.464 0.0640000000000001 -1.88 1.952 0.976 0.964 1.128 -1.908 -1.876 -2.06 -1.944 -2.012 -1.836 1.6283731963938 2.11547379081037 1.27235383236626 0.795808 0.904 0.911552
-0.504 -0.5 -0.464 -0.936 -0.88 -0.048 -2.024 -2.036 1.128 2.092 -0.876 -2.06 0.056 1.988 -1.836 0.416634027411678 0.883535586654782 0.367494860907773 0.795808 -1.096 -0.096448
-0.504 -0.5 -0.464 -1.936 -1.88 1.952 -2.024 -0.036 0.128 -0.908 -1.876 -2.06 -0.944 1.988 -0.836 0.982929159220567 1.03072848972606 0.787813757484264 0.331808 -1.096 0.407552
0.496 -0.5 0.536 1.064 0.12 -1.048 0.976 -0.036 1.128 2.092 2.124 0.94 -0.944 -0.012 -0.836 0.238643447047136 0.839802158810178 0.951416910270187 -0.504192 -0.096 -0.536448
0.496 0.5 0.536 0.0640000000000001 0.12 -2.048 0.976 1.964 -1.872 0.0920000000000001 2.124 0.94 -1.944 0.988 -0.836 1.65012561308732 1.181323552495 1.50526281809399 -0.504192 0.392 -1.032448
-0.504 -0.5 -0.464 -1.936 -0.88 -1.048 1.976 0.964 1.128 2.092 2.124 -0.0600000000000001 2.056 -2.012 0.164 -0.924104411323525 -0.354058481271737 -0.67517260720641 -0.132192 0.904 -1.104448
