-0.5 -0.44 -0.53 0.05 -2.26 -1.12 -1.95 -1.87 -2.03 1.01 -2.09 -1.07 -1.88 -1.05 -1.96 0.605133195803915 -0.366901757113652 -0.552914275196989 1.0276 0.464 0.86
0.5 -0.44 0.47 2.05 1.74 1.88 -1.95 -1.87 -1.03 -0.99 1.91 -0.0699999999999998 -1.88 1.95 0.04 0.868417905691537 0.444786339103237 0.132772079168372 0.00760000000000001 -0.856 -1.02
-0.5 -0.44 -0.53 -1.95 -2.26 -2.12 2.05 1.13 0.97 2.01 0.91 1.93 2.12 -0.0499999999999998 -0.96 -0.282125890204946 0.51413127199099 0.35090348943559 0.4976 0.024 -1.14
0.5 -0.44 -0.53 -1.95 1.74 -2.12 -1.95 -0.87 -2.03 -1.99 1.91 1.93 2.12 -1.05 0.04 -0.480246659915382 0.696409064637378 0.280588360208812 -0.0324 0.464 0.98
-0.5 -0.44 -0.53 -1.95 -2.26 -0.12 1.05 2.13 -2.03 0.01 -2.09 -2.07 -1.88 -1.05 -0.96 1.09236160991886 0.409601709045531 0.691185784348493 0.4976 0.464 0.86
-0.5 -0.44 0.47 -1.95 1.74 1.88 -1.95 -1.87 0.97 -1.99 -2.09 -1.07 -0.88 -1.05 -0.96 0.217717971717726 -1.27107722919523 -0.904252556470959 -0.4624 0.464 0.36
0.5 0.56 0.47 2.05 1.74 1.88 2.05 -0.87 1.97 2.01 1.91 1.93 2.12 1.95 2.04 0.710523291564729 2.04059489470578 2.36709933226347 0.9476 1.094 0.98
-0.5 0.56 0.47 -1.95 -0.26 1.88 -1.95 2.13 -0.0299999999999998 0.01 1.91 1.93 2.12 1.95 2.04 1.48328118774226 1.22560359530117 0.777157354744559 0.9476 1.094 -1.14
-0.5 0.56 -0.53 0.05 -1.26 -2.12 2.05 2.13 1.97 0.01 1.91 1.93 -1.88 -1.05 2.04 0.6830314895102 1.12569589454574 0.177377940411358 -1.0924 -0.586 0.86
-0.5 0.56 -0.53 2.05 1.74 -0.12 2.05 -1.87 0.97 -1.99 -0.0899999999999999 -2.07 -1.88 0.95 -0.96 0.408721125392408 -0.479077305529389 0.0826750840552097 0.4976 0.534 0.86
-0.5 -0.44 -0.53 -0.95 -1.26 1.88 2.05 0.13 -2.03 0.01 -2.09 -1.07 0.12 1.95 2.04 1.18405384570879 0.526006296415636 1.46186313872018 -1.0924 -0.856 -0.14
-0.5 0.56 0.47 -1.95 -0.26 -0.12 2.05 -1.87 0.97 -1.99 0.91 -2.07 -1.88 -2.05 0.04 0.840521654393454 -0.176370761006134 1.84034223488243 0.00760000000000001 -1.146 0.86
-0.5 0.56 -0.53 2.05 -0.26 1.88 -1.95 1.13 -2.03 0.01 -0.0899999999999999 -0.0699999999999998 1.12 0.95 0.04 1.50099319840496 1.15373130750913 1.35708475996067 -0.0324 0.534 -0.64
0.5 -0.44 0.47 -1.95 1.74 1.88 0.05 -0.87 1.97 2.01 1.91 1.93 2.12 -1.05 2.04 -0.99274986535297 1.20023595663547 1.5047894096543 0.9476 0.464 0.98
0.5 -0.44 0.47 -0.95 -2.26 -0.12 2.05 1.13 -2.03 2.01 1.91 -1.07 0.12 1.95 -0.96 1.89572525653067 0.854828447266854 2.11988145972576 -0.4624 -0.856 -0.02
0.5 0.56 -0.53 -1.95 -2.26 -0.12 1.05 -0.87 -1.03 2.01 0.91 -2.07 -1.88 -0.0499999999999998 -0.96 0.649046677333487 2.10655379696949 1.21844056849527 0.4976 -0.026 -1.02
0.5 0.56 0.47 0.05 -1.26 -2.12 -0.95 -1.87 -2.03 -1.99 -2.09 -2.07 -1.88 -2.05 -1.96 0.911719785295498 1.78779849114101 0.993497370204794 -0.9324 -1.146 -1.02
0.5 -0.44 -0.53 2.05 -0.26 -0.12 -0.95 2.13 -0.0299999999999998 2.01 -1.09 1.93 -0.88 -2.05 2.04 1.1364214880854 0.801574695122322 0.578876471556004 -1.0924 0.904 -0.52
-0.5 0.56 0.47 2.05 0.74 0.88 -1.95 0.13 1.97 -0.99 1.91 0.93 -0.88 0.95 -1.96 -2.098111267804 -1.11913639074742 0.157472948377284 -0.9324 0.534 0.36
0.5 0.56 -0.53 2.05 -0.26 1.88 0.05 2.13 -1.03 1.01 1.91 -1.07 1.12 -1.05 2.04 -0.729527920828132 1.24597515675649 -0.323439092063333 -1.0924 -0.586 0.48
-0.5 -0.44 -0.53 1.05 -2.26 -1.12 -1.95 0.13 0.97 2.01 -2.09 -0.0699999999999998 -1.88 0.95 -1.96 -0.806635400044997 -0.632746115450388 1.77146430008448 1.0276 -0.416 0.86
-0.5 0.56 0.47 2.05 0.74 -0.12 1.05 2.13 1.97 0.01 1.91 1.93 0.12 1.95 1.04 2.60794434528319 2.14836520275712 2.26300490569886 0.4776 1.094 -0.14
-0.5 -0.44 -0.53 -1.95 0.74 -2.12 1.05 2.13 0.97 2.01 1.91 1.93 1.12 -0.0499999999999998 2.04 0.140711937459109 -1.41536659568066 0.953493767633696 -1.0924 0.024 -0.64
0.5 0.56 0.47 0.05 1.74 1.88 -0.95 2.13 0.97 -0.99 1.91 -0.0699999999999998 0.12 1.95 1.04 1.88708752419285 0.900630452480111 1.27188741528184 0.4776 1.094 -0.02
0.5 -0.44 -0.53 -0.95 -0.26 1.88 1.05 -1.87 -2.03 -1.99 -2.09 0.93 -0.88 -2.05 0.04 -0.220727278110828 0.394049131330472 1.45287171040979 -0.0324 0.904 -0.52
0.5 0.56 0.47 0.05 -0.26 1.88 1.05 2.13 1.97 -0.99 -2.09 0.93 2.12 -1.05 -0.96 0.0243221622246576 2.93649187622648 2.06057101478886 -0.4624 -0.586 0.98
0.5 -0.44 0.47 -0.95 -1.26 -2.12 0.05 -1.87 0.97 -0.99 0.91 0.93 0.12 -2.05 -1.96 0.565977317181501 0.986074192782001 0.381777266908022 -0.9324 0.904 -0.02
0.5 -0.44 0.47 1.05 1.74 1.88 -0.95 0.13 1.97 -0.99 -1.09 -2.07 0.12 0.95 -0.96 1.25680200290999 1.71853181137494 0.857494419422754 -0.4624 -0.416 -0.02
0.5 -0.44 0.47 1.05 -2.26 1.88 2.05 -0.87 0.97 2.01 -2.09 1.93 1.12 -0.0499999999999998 1.04 -0.00793596488753162 -0.0530781094450528 1.13415072909515 0.4776 0.024 0.48
0.5 0.56 0.47 1.05 -2.26 -2.12 -1.95 -0.87 -0.0299999999999998 -1.99 -0.0899999999999999 -2.07 -1.88 -2.05 2.04 -1.52264995481036 -0.669169389495248 0.311119474148577 0.9476 -1.146 -1.02
-0.5 -0.44 -0.53 -1.95 -2.26 -0.12 -0.95 0.13 -2.03 -1.99 1.91 -2.07 0.12 -1.05 -0.96 1.16450984086824 1.29208551284649 1.23007701736139 0.4976 0.464 -0.14
0.5 -0.44 -0.53 2.05 1.74 0.88 2.05 2.13 -0.0299999999999998 2.01 1.91 -0.0699999999999998 -1.88 0.95 -1.96 -0.852505305250516 -1.62822815794261 -0.426876396065314 1.0276 -0.416 -1.02
0.5 0.56 0.47 0.05 -2.26 -2.12 -1.95 1.13 0.97 -0.99 1.91 -0.0699999999999998 0.12 1.95 0.04 0.752223722129605 -0.135333919952354 0.162221110521208 0.00760000000000001 1.094 -0.02
-0.5 0.56 0.47 2.05 -0.26 0.88 2.05 0.13 -2.03 -1.99 -1.09 -1.07 0.12 -2.05 -0.96 -1.07486738972571 -0.000985206349553569 1.75893648379297 -0.4624 -1.146 -0.14
0.5 -0.44 -0.53 -0.95 -2.26 -2.12 -0.95 -1.87 -2.03 2.01 0.91 1.93 0.12 -1.05 -1.96 0.923769570932637 1.53257424666427 0.292983511874035 1.0276 0.464 -0.02
0.5 -0.44 -0.53 -0.95 1.74 -0.12 -0.95 2.13 0.97 1.01 1.91 -1.07 -0.88 1.95 -0.96 1.67102323179227 -0.0597280964740836 2.10362066059098 0.4976 -0.856 -0.52
0.5 -0.44 -0.53 -0.95 1.74 0.88 2.05 2.13 1.97 2.01 1.91 1.93 2.12 1.95 2.04 1.17051218129629 1.04362124600938 0.124261432715018 -1.0924 -0.856 0.98
-0.5 0.56 -0.53 0.05 -0.26 1.88 -1.95 2.13 1.97 2.01 0.91 1.93 -1.88 -1.05 2.04 0.385473142269969 1.65677158407522 1.06695696658792 -1.0924 -0.586 0.86
-0.5 -0.44 -0.53 -1.95 -1.26 -2.12 0.05 -0.87 1.97 2.01 -0.0899999999999999 1.93 1.12 1.95 2.04 1.14309921423036 1.75015926698446 1.97916542049223 -1.0924 -0.856 -0.64
-0.5 -0.44 -0.53 2.05 1.74 -1.12 -0.95 -0.87 1.97 1.01 1.91 1.93 2.12 0.95 1.04 -0.327531046078296 -0.0341241216964728 -0.0051103369851334 -0.5624 -0.416 -1.14
-0.5 -0.44 -0.53 2.05 -1.26 0.88 -1.95 2.13 1.97 2.01 -2.09 -0.0699999999999998 1.12 1.95 2.04 0.213921949922355 1.30133669734179 0.668703990305273 -1.0924 -0.856 -0.64
0.5 0.56 0.47 1.05 0.74 -2.12 2.05 1.13 -0.0299999999999998 2.01 -0.0899999999999999 -1.07 1.12 -0.0499999999999998 0.04 1.26178882127542 1.48276765835022 1.23113517722345 0.00760000000000001 -0.026 0.48
0.5 -0.44 -0.53 -1.95 1.74 -0.12 0.05 1.13 1.97 0.01 -0.0899999999999999 0.93 -0.88 -0.0499999999999998 -1.96 0.555741328327185 0.152285613834967 2.36960006635861 1.0276 0.024 -0.52
0.5 0.56 0.47 2.05 -0.26 -1.12 2.05 -1.87 -2.03 -1.99 -2.09 -1.07 -1.88 -2.05 -1.96 -1.25185476125885 1.07800975734508 0.227059832435587 -0.9324 -1.146 -1.02
0.5 -0.44 -0.53 -1.95 -0.26 1.88 0.05 -1.87 -2.03 0.01 0.91 -1.07 -1.88 -2.05 -1.96 1.57476743827748 2.149950909802 1.9002529020906 1.0276 0.904 -1.02
-0.5 -0.44 -0.53 -1.95 1.74 -0.12 0.05 2.13 -0.0299999999999998 2.01 1.91 1.93 1.12 -0.0499999999999998 2.04 0.680169138981426 0.183491929803509 1.53536781368889 -1.0924 0.024 -0.64
0.5 -0.44 0.47 -1.95 -1.26 -2.12 0.05 2.13 -0.0299999999999998 1.01 -1.09 -0.0699999999999998 2.12 -0.0499999999999998 -0.96 0.0107646329864159 1.5643745913533 1.6573983911756 -0.4624 0.024 0.98
-0.5 -0.44 -0.53 1.05 0.74 1.88 0.05 -0.87 -2.03 -1.99 -2.09 -2.07 -0.88 -1.05 -1.96 0.00111818803376917 -0.516805325209589 -0.149838030155726 1.0276 0.464 0.36
0.5 0.56 0.47 -0.95 -1.26 -2.12 -0.95 -1.87 0.97 0.01 -0.0899999999999999 -2.07 1.12 -0.0499999999999998 -1.96 -0.25427720264426 1.49619891518201 -0.238295180917716 -0.9324 -0.026 0.48
-0.5 -0.44 -0.53 -0.95 -2.26 1.88 -1.95 -0.87 -2.03 -0.99 -2.09 -2.07 -0.88 -2.05 -1.96 0.11362634250487 -0.302937599767577 0.403010511984692 1.0276 0.904 0.36
-0.5 0.56 0.47 2.05 1.74 1.88 -1.95 0.13 1.97 2.01 -0.0899999999999999 0.93 -0.88 0.95 1.04 1.04696170517034 1.99286845753735 3.09769848802649 0.4776 0.534 0.36
0.5 -0.44 -0.53 2.05 1.74 -2.12 0.05 1.13 -2.03 -1.99 -2.09 -1.07 -1.88 -2.05 -1.96 1.28306812370102 1.14839540598107 0.129669388967525 1.0276 0.904 -1.02
-0.5 -0.44 -0.53 -1.95 -0.26 -0.12 2.05 2.13 -1.03 -1.99 -1.09 0.93 -0.88 0.95 -0.96 0.352298057020777 -0.0219283802046563 0.838140277856432 0.4976 -0.416 0.36
-0.5 -0.44 -0.53 -0.95 1.74 -0.12 -0.95 2.13 1.97 1.01 1.91 0.93 -0.88 1.95 2.04 0.727273622367838 0.21124366384584 0.648029294938786 -1.0924 -0.856 0.36
0.5 -0.44 -0.53 2.05 -1.26 1.88 -1.95 0.13 -2.03 1.01 -0.0899999999999999 -0.0699999999999998 -0.88 -0.0499999999999998 1.04 0.0405702748340557 -0.2655674592685 0.062786687893833 -0.5624 0.024 -0.52
0.5 0.56 0.47 2.05 -0.26 -0.12 0.05 0.13 -2.03 -1.99 1.91 -0.0699999999999998 -1.88 1.95 2.04 0.274778492686978 2.69509757202508 2.368549146241 0.9476 1.094 -1.02
-0.5 -0.44 0.47 -0.95 0.74 -0.12 -0.95 1.13 -1.03 1.01 -2.09 0.93 -0.88 1.95 0.04 -0.164797735908145 0.766199329833808 0.923518676473055 0.00760000000000001 -0.856 0.36
-0.5 -0.44 -0.53 1.05 -0.26 -2.12 2.05 -0.87 -1.03 -0.99 -2.09 0.93 -0.88 -0.0499999999999998 -0.96 -0.229483865553562 -0.144200007728791 -1.29030764534918 0.4976 0.024 0.36
-0.5 0.56 0.47 -1.95 -2.26 -2.12 0.05 -1.87 1.97 -0.99 -2.09 -2.07 -1.88 -2.05 -1.96 -0.922394106494065 -0.398292915447508 -0.625698855034068 -0.9324 -1.146 0.86
0.5 0.56 0.47 0.05 1.74 1.88 -1.95 2.13 -2.03 1.01 1.91 1.93 2.12 1.95 2.04 1.77110030546003 2.52071010793654 1.6043030367646 0.9476 1.094 0.98
-0.5 -0.44 0.47 2.05 1.74 -2.12 -0.95 -1.87 0.97 2.01 1.91 1.93 1.12 -0.0499999999999998 2.04 -0.467620093353432 0.656488682507517 -0.0204013074270963 0.9476 0.024 -0.64
-0.5 -0.44 0.47 -1.95 1.74 0.88 -1.95 -1.87 -2.03 -1.99 -1.09 -2.07 -1.88 -2.05 -1.96 0.672937561920716 0.595639644652726 0.256902621632408 -0.9324 0.904 0.86
0.5 0.56 0.47 2.05 1.74 1.88 2.05 2.13 1.97 2.01 1.91 0.93 2.12 1.95 2.04 2.73174243371136 1.45516746918481 2.84998446909673 0.9476 1.094 0.98
-0.5 -0.44 0.47 2.05 -1.26 0.88 2.05 0.13 -0.0299999999999998 0.01 -2.09 1.93 2.12 -2.05 -1.96 -0.349105567250923 0.0950942224765777 -0.0230596022933787 -0.9324 0.904 -1.14
-0.5 -0.44 -0.53 1.05 1.74 -2.12 0.05 2.13 0.97 -0.99 -0.0899999999999999 0.93 1.12 -1.05 1.04 0.77129984624114 -0.551263031038334 -0.510038041975017 -0.5624 0.464 -0.64
-0.5 -0.44 -0.53 0.05 -2.26 0.88 -1.95 -0.87 1.97 1.01 1.91 0.93 2.12 1.95 2.04 1.02916325383408 2.39943918944779 1.12475574532496 -1.0924 -0.856 -1.14
-0.5 0.56 0.47 2.05 0.74 -2.12 -0.95 0.13 0.97 -1.99 0.91 -2.07 2.12 -1.05 -0.96 0.355985738641441 0.0262994139601334 1.79044049824158 -0.4624 -0.586 -1.14
0.5 0.56 0.47 0.05 -2.26 1.88 1.05 -1.87 -0.0299999999999998 1.01 0.91 0.93 1.12 -0.0499999999999998 0.04 0.0807381531897073 0.321714182848135 0.89693844980185 0.00760000000000001 -0.026 0.48
-0.5 0.56 -0.53 2.05 -2.26 -2.12 -1.95 0.13 -2.03 1.01 -0.0899999999999999 1.93 -1.88 -2.05 -1.96 0.302474836736511 0.0125452184994059 -0.298566430711881 1.0276 -1.146 0.86
0.5 0.56 0.47 -0.95 0.74 -2.12 -1.95 0.13 0.97 1.01 -0.0899999999999999 1.93 1.12 1.95 2.04 -0.150382929058662 2.12582790600619 1.58219855327865 0.9476 1.094 0.48
0.5 0.56 0.47 1.05 0.74 1.88 0.05 -0.87 1.97 2.01 1.91 1.93 1.12 1.95 2.04 0.711805746913415 1.14344147246939 1.10622661716615 0.9476 1.094 0.48
-0.5 -0.44 -0.53 0.05 1.74 1.88 -0.95 -0.87 0.97 -1.99 -2.09 -0.0699999999999998 2.12 1.95 0.04 0.522777091909533 1.58789141779139 0.881439719208624 -0.0324 -0.856 -1.14
0.5 0.56 0.47 2.05 -1.26 -1.12 -1.95 -1.87 -1.03 2.01 -2.09 -2.07 -1.88 0.95 0.04 0.543296065476232 1.34475995458486 2.3859433864052 0.00760000000000001 0.534 -1.02
-0.5 0.56 0.47 1.05 1.74 -2.12 1.05 -1.87 0.97 -0.99 -1.09 -2.07 -1.88 -0.0499999999999998 -1.96 0.683651914536216 1.00364565013344 1.03548170728722 -0.9324 -0.026 0.86
-0.5 -0.44 -0.53 -1.95 0.74 -1.12 0.05 2.13 -1.03 0.01 -1.09 -0.0699999999999998 -1.88 -1.05 1.04 0.545715115905462 1.76192758092768 1.77456893612119 -0.5624 0.464 0.86
0.5 0.56 -0.53 2.05 -2.26 1.88 -1.95 0.13 -1.03 -0.99 0.91 -2.07 -1.88 -1.05 -0.96 0.477613328111748 1.40086180694913 1.5206218805408 0.4976 -0.586 -1.02
-0.5 -0.44 0.47 -0.95 1.74 0.88 2.05 -1.87 -0.0299999999999998 -1.99 1.91 -1.07 -0.88 1.95 2.04 1.40333167934804 0.522079851332069 1.53694246652558 0.9476 -0.856 0.36
0.5 -0.44 -0.53 2.05 -2.26 1.88 2.05 2.13 -0.0299999999999998 -1.99 0.91 0.93 2.12 -0.0499999999999998 1.04 1.84592233181902 2.68765883517074 2.55100088172871 -0.5624 0.024 0.98
0.5 0.56 0.47 0.05 -2.26 -0.12 -0.95 -1.87 -1.03 2.01 -1.09 -2.07 1.12 -2.05 -1.96 0.892790677987902 1.95016550073565 1.87870183427993 -0.9324 -1.146 0.48
0.5 0.56 0.47 2.05 -1.26 1.88 2.05 2.13 1.97 2.01 1.91 1.93 2.12 0.95 2.04 1.76986576059004 1.91483176056758 1.63527213343236 0.9476 0.534 0.98
0.5 0.56 0.47 0.05 -2.26 -0.12 -0.95 0.13 -2.03 0.01 1.91 -2.07 0.12 -2.05 -1.96 0.853016819325997 1.99276168029511 2.40127798173407 -0.9324 -1.146 -0.02
-0.5 0.56 0.47 0.05 1.74 -1.12 1.05 -0.87 1.97 2.01 0.91 -0.0699999999999998 2.12 1.95 1.04 -0.165190987608656 -0.170641127022917 0.669451297373109 0.4776 1.094 -1.14
-0.5 -0.44 0.47 -1.95 -2.26 -0.12 0.05 -1.87 -0.0299999999999998 2.01 -2.09 -1.07 -0.88 -0.0499999999999998 -1.96 0.25599619322997 0.117033754259665 0.322898072308884 -0.9324 0.024 0.36
-0.5 -0.44 -0.53 -1.95 1.74 -2.12 -0.95 -1.87 -2.03 -1.99 -2.09 -2.07 1.12 1.95 -0.96 0.115674627754977 0.136775095567686 0.576736460745593 0.4976 -0.856 -0.64
-0.5 0.56 0.47 2.05 1.74 -0.12 -0.95 -1.87 1.97 -0.99 1.91 -0.0699999999999998 2.12 0.95 2.04 1.7212475005516 2.07189842114866 1.18869707918906 0.9476 0.534 -1.14
0.5 0.56 0.47 -1.95 -2.26 1.88 1.05 -1.87 -2.03 -0.99 0.91 -1.07 1.12 -2.05 -0.96 -0.4472656277937 -0.330128305243582 0.715936208438891 -0.4624 -1.146 0.48
0.5 0.56 0.47 -1.95 1.74 -2.12 0.05 0.13 0.97 -0.99 -0.0899999999999999 -1.07 1.12 -2.05 2.04 0.620292645899869 1.3516275972268 1.53661360744814 0.9476 -1.146 0.48
-0.5 -0.44 0.47 -1.95 1.74 -1.12 1.05 2.13 -1.03 -1.99 0.91 -0.0699999999999998 -1.88 -1.05 -0.96 0.0504376241656133 -0.221843667622141 0.428131489182755 -0.4624 0.464 0.86
0.5 -0.44 -0.53 0.05 0.74 -2.12 2.05 -1.87 -2.03 -0.99 -2.09 0.93 -1.88 -1.05 -1.96 -0.734758282500338 0.417990114015357 0.638667904922199 1.0276 0.464 -1.02
0.5 -0.44 0.47 -1.95 1.74 -2.12 0.05 -0.87 -2.03 -1.99 -2.09 -2.07 0.12 -1.05 -1.96 0.00278930734444732 0.239341116533332 0.18933699561489 -0.9324 0.464 -0.02
0.5 0.56 0.47 -1.95 0.74 1.88 2.05 2.13 -1.03 -1.99 -2.09 -1.07 1.12 -0.0499999999999998 -0.96 1.68876884653312 -0.019641497470115 0.620868960777951 -0.4624 -0.026 0.48
0.5 0.56 0.47 0.05 1.74 -1.12 1.05 -1.87 -1.03 2.01 1.91 1.93 0.12 1.95 2.04 2.06828456949442 1.99282219441606 3.18862366355169 0.9476 1.094 -0.02
0.5 -0.44 0.47 -0.95 1.74 -2.12 2.05 -0.87 1.97 -0.99 0.91 0.93 0.12 0.95 -1.96 0.139347561572401 0.651989836231009 0.23366112582915 -0.9324 -0.416 -0.02
0.5 -0.44 -0.53 0.05 0.74 0.88 -0.95 2.13 -0.0299999999999998 0.01 -0.0899999999999999 1.93 -1.88 1.95 1.04 1.2447405609821 2.08784056321493 1.92362736601368 -0.5624 -0.856 -1.02
-0.5 -0.44 -0.53 -1.95 -2.26 -0.12 1.05 -1.87 -2.03 0.01 -2.09 -2.07 1.12 -2.05 0.04 0.451152740928475 -0.188821170333306 -1.33087533214119 -0.0324 0.904 -0.64
-0.5 -0.44 -0.53 -1.95 -2.26 1.88 -0.95 -1.87 0.97 -1.99 -0.0899999999999999 -2.07 -0.88 -1.05 1.04 0.272567297325687 -0.0433506138094899 0.370407370627957 -0.5624 0.464 0.36
0.5 -0.44 0.47 -1.95 0.74 1.88 -1.95 -1.87 1.97 -1.99 -1.09 1.93 2.12 -1.05 2.04 1.07319240209063 1.99333232404541 3.15051333620678 0.9476 0.464 0.98
-0.5 0.56 0.47 -0.95 1.74 0.88 -1.95 -0.87 -1.03 1.01 -2.09 -0.0699999999999998 -0.88 -1.05 0.04 0.64766161194993 1.67508743649429 2.20893461349631 0.00760000000000001 -0.586 0.36
-0.5 0.56 -0.53 2.05 1.74 1.88 2.05 1.13 0.97 -1.99 -2.09 -0.0699999999999998 0.12 -0.0499999999999998 0.04 0.840538822810725 0.420568806224061 1.45320523016638 -0.0324 -0.026 -0.14
-0.5 -0.44 -0.53 2.05 1.74 -0.12 2.05 0.13 1.97 1.01 -2.09 -0.0699999999999998 -1.88 1.95 -1.96 0.638081650789555 1.17188890697535 2.42131906907089 1.0276 -0.856 0.86
