-0.49 -0.5 -0.56 -1.02 -1.67 -2.06 0.8 1.12 1.55 -2.22 -2.06 -2.07 -0.8 -2.09 1 -0.500534653808368 0.826145066397667 0.721478915695422 -0.68 0.92 0.384
-0.49 -0.5 -0.56 -2.02 -0.67 -2.06 -2.2 -1.88 1.55 -2.22 -2.06 -1.07 -0.8 -2.09 -1 -0.969581933513103 0.109285298845526 -1.45670413758734 0.44 0.92 0.384
-0.49 -0.5 -0.56 1.98 -1.67 -2.06 -1.2 -0.88 1.55 -2.22 -1.06 -2.07 -1.8 -2.09 -2 1.48400080999452 1.94953480126286 2.25195137372046 1 0.92 0.874
-0.49 0.5 0.44 -2.02 0.33 -1.06 1.8 2.12 -1.45 0.78 0.94 1.93 2.2 1.91 2 -0.492957052914255 2.99703864497556 2.65609897417048 0.76 0.83 -1.086
0.51 -0.5 -0.56 -1.02 -1.67 0.94 -1.2 1.12 0.55 0.78 -2.06 -1.07 1.2 1.91 0 1.91003433492223 1.03918539440398 2.65689568260577 -0.12 -1.08 0.604
-0.49 0.5 0.44 -0.02 -0.67 -2.06 -2.2 1.12 -2.45 1.78 1.94 -2.07 0.2 -1.09 2 0.325678841568945 0.638084981879182 1.7802203493989 0.76 -0.67 -0.106
0.51 0.5 0.44 0.98 -1.67 1.94 1.8 2.12 1.55 1.78 0.94 -2.07 0.2 1.91 -1 1.48038746054583 1.67367411918056 1.76355293106062 -0.56 0.83 0.094
0.51 0.5 0.44 1.98 -1.67 -2.06 1.8 -1.88 -1.45 -0.22 -2.06 0.93 -0.8 -2.09 -2 1.98928591550106 1.63460035169787 2.28380044739617 -1 -1.17 -0.416
-0.49 -0.5 0.44 1.98 2.33 1.94 -1.2 1.12 1.55 -1.22 0.94 0.93 0.2 -0.0899999999999999 1 0.660022201195324 1.68209049289348 2.14360182137724 0.32 -0.08 -0.106
0.51 0.5 -0.56 1.98 2.33 -2.06 -1.2 0.12 -1.45 -0.22 -2.06 1.93 -0.8 -0.0899999999999999 -2 -1.48673411270039 -1.28868660097378 -1.0283285259811 1 -0.17 -0.416
0.51 0.5 0.44 -2.02 -0.67 -0.0600000000000001 -0.2 2.12 -2.45 1.78 1.94 -0.0699999999999998 1.2 1.91 1 0.66358024138318 0.442474793386967 2.95907270876344 0.32 0.83 0.604
0.51 0.5 0.44 -0.02 0.33 1.94 1.8 -0.88 1.55 -1.22 1.94 -2.07 -0.8 0.91 0 1.30148986816601 0.937559757204273 1.47555961650933 -0.12 0.33 -0.416
-0.49 -0.5 0.44 -0.02 -1.67 0.94 -1.2 1.12 -0.45 0.78 -0.0600000000000001 -2.07 -1.8 0.91 1 1.07239103098838 2.40005640488141 1.23679098571264 0.32 -0.58 0.874
-0.49 -0.5 -0.56 1.98 2.33 1.94 1.8 1.12 1.55 1.78 -1.06 1.93 2.2 0.91 2 0.791651259329563 1.04560290827636 2.97580004380018 -1.24 -0.58 -1.086
0.51 -0.5 0.44 -1.02 -0.67 0.94 1.8 0.12 0.55 -2.22 0.94 -2.07 -0.8 -0.0899999999999999 -1 -0.254776580571732 0.392332918748928 2.37085612636127 -0.56 -0.08 -0.416
-0.49 -0.5 -0.56 0.98 2.33 0.94 -0.2 2.12 1.55 1.78 1.94 -0.0699999999999998 -0.8 -1.09 1 0.752124073079072 1.60867395512627 1.61480783612384 -0.68 0.42 0.384
0.51 0.5 -0.56 1.98 -1.67 -2.06 -2.2 1.12 -1.45 -2.22 -1.06 -2.07 -1.8 0.91 -2 0.205645120154201 1.29641861782775 1.36320401182782 1 0.33 -0.926
0.51 0.5 0.44 -2.02 -1.67 -2.06 -2.2 -1.88 1.55 -1.22 1.94 0.93 2.2 1.91 0 1.4041477741052 2.88084412609491 0.919400611044452 -0.12 0.83 1.114
0.51 0.5 0.44 -0.02 -1.67 -0.0600000000000001 -1.2 -1.88 -1.45 -1.22 0.94 -2.07 1.2 -2.09 -2 0.0871352803050515 1.0412178470805 1.70024177403125 -1 -1.17 0.604
0.51 0.5 0.44 1.98 -0.67 0.94 0.8 2.12 0.55 0.78 0.94 1.93 0.2 1.91 2 0.792150538701865 -0.571683762458827 -0.0707231527012283 0.76 0.83 0.094
-0.49 -0.5 -0.56 1.98 -1.67 -1.06 0.8 -1.88 -0.45 -2.22 0.94 -1.07 -1.8 -2.09 0 1.09029896595806 0.0834221171322844 -0.280968207919384 -0.12 0.92 0.874
0.51 0.5 0.44 -2.02 2.33 0.94 1.8 0.12 -0.45 -0.22 -0.0600000000000001 -1.07 -1.8 -0.0899999999999999 1 -1.25085342789119 1.37334595558291 0.491999584905845 0.32 -0.17 -0.926
0.51 0.5 0.44 -0.02 -1.67 -2.06 -2.2 2.12 -2.45 -2.22 0.94 -2.07 -1.8 -1.09 1 -0.996906241570663 -0.118667633047425 0.799224859096067 0.32 -0.67 -0.926
0.51 -0.5 0.44 1.98 -1.67 -2.06 1.8 -1.88 0.55 1.78 1.94 -1.07 2.2 -2.09 -1 0.312202640647825 -0.599457874692911 -0.645987166662651 -0.56 0.92 1.114
-0.49 0.5 0.44 -0.02 -1.67 1.94 0.8 -1.88 -1.45 1.78 1.94 0.93 2.2 -0.0899999999999999 -2 1.21874430168766 0.917051206282529 -1.11033948222854 -1 -0.17 -1.086
0.51 0.5 0.44 1.98 0.33 1.94 -0.2 0.12 1.55 0.78 0.94 -1.07 2.2 -0.0899999999999999 1 1.3655489487978 -0.135581560168572 0.792692489954537 0.32 -0.17 1.114
-0.49 0.5 0.44 -2.02 0.33 1.94 1.8 2.12 -0.45 1.78 1.94 1.93 2.2 -0.0899999999999999 2 -0.409167973818682 1.2904345135088 -0.387405852188551 0.76 -0.17 -1.086
-0.49 -0.5 -0.56 -1.02 -1.67 -0.0600000000000001 -2.2 0.12 -0.45 1.78 -0.0600000000000001 -2.07 -1.8 1.91 -1 0.965118595773817 0.973830232426828 -0.148276391242569 0.44 -1.08 0.874
-0.49 -0.5 0.44 1.98 2.33 1.94 0.8 2.12 1.55 1.78 1.94 1.93 2.2 1.91 2 0.990742428679444 2.35948210727978 2.99888040600046 0.76 -1.08 -1.086
0.51 0.5 0.44 1.98 -0.67 1.94 0.8 2.12 1.55 1.78 1.94 -0.0699999999999998 2.2 0.91 2 3.71803366349879 1.74807659044599 2.7674181341579 0.76 0.33 1.114
-0.49 -0.5 -0.56 0.98 1.33 -1.06 1.8 -1.88 1.55 1.78 1.94 -0.0699999999999998 -1.8 1.91 2 -2.12816639194792 -0.48136154055572 -2.39666557043655 -1.24 -1.08 0.874
-0.49 0.5 0.44 1.98 -0.67 -1.06 -2.2 0.12 0.55 -2.22 -2.06 -2.07 -0.8 -2.09 1 0.697649148508957 1.44941085559846 0.936571462301 0.32 -1.17 0.384
0.51 0.5 0.44 -2.02 -1.67 -0.0600000000000001 0.8 -1.88 1.55 0.78 -1.06 1.93 0.2 0.91 -1 2.23676305752445 2.66411952121213 4.04547536445278 -0.56 0.33 0.094
-0.49 0.5 -0.56 -2.02 -1.67 1.94 -0.2 -1.88 -0.45 -2.22 -2.06 1.93 2.2 -1.09 -2 0.942250648452981 1.48186875989882 2.10211973335674 1 -0.67 -1.086
0.51 -0.5 -0.56 0.98 -0.67 -2.06 -2.2 -1.88 -0.45 0.78 -0.0600000000000001 1.93 -1.8 1.91 0 1.3114310786917 1.47344193111469 2.62878988396463 -0.12 -1.08 -0.926
0.51 0.5 -0.56 -2.02 2.33 -0.0600000000000001 1.8 -1.88 0.55 1.78 0.94 0.93 2.2 -2.09 -2 1.83859435600688 0.389799747474102 2.0538205272733 1 -1.17 1.114
-0.49 -0.5 -0.56 1.98 2.33 -1.06 1.8 1.12 -2.45 1.78 1.94 1.93 0.2 1.91 2 1.18935598613006 2.6581855914135 2.78426834168906 -1.24 -1.08 -0.106
-0.49 0.5 0.44 -1.02 -0.67 1.94 1.8 -1.88 -1.45 1.78 0.94 1.93 -0.8 0.91 0 0.108044752900845 -0.0480035651517536 0.169697115303503 -0.12 0.33 0.384
-0.49 -0.5 0.44 -2.02 1.33 -1.06 -0.2 2.12 -1.45 -1.22 -1.06 -2.07 2.2 -1.09 1 1.79647735491602 1.01936412374434 1.35589077668037 0.32 0.42 -1.086
-0.49 -0.5 -0.56 -2.02 -1.67 -1.06 -2.2 -1.88 -2.45 -0.22 -2.06 -2.07 -0.8 -0.0899999999999999 -1 -0.215884739695362 0.107948103535835 -0.0692725613764554 0.44 -0.08 0.384
0.51 -0.5 -0.56 -1.02 2.33 -2.06 -0.2 0.12 0.55 -0.22 0.94 0.93 -0.8 1.91 0 -0.460644610843057 0.762197727211998 0.651830146890527 -0.12 -1.08 -0.416
0.51 0.5 0.44 1.98 -1.67 1.94 1.8 2.12 1.55 1.78 -2.06 1.93 1.2 -0.0899999999999999 0 1.6968338353543 0.584865502524706 -0.0499584611755227 -0.12 -0.17 0.604
-0.49 -0.5 -0.56 -1.02 -1.67 1.94 -2.2 2.12 1.55 1.78 1.94 1.93 0.2 1.91 0 -0.0387779897812142 1.40076065662582 0.111007311744459 -0.12 -1.08 -0.106
0.51 -0.5 -0.56 -1.02 1.33 -2.06 -1.2 2.12 1.55 1.78 1.94 -2.07 -1.8 1.91 0 0.646281452421241 1.85478543194564 1.47008585996813 -0.12 -1.08 -0.926
-0.49 -0.5 -0.56 -2.02 -1.67 -2.06 -2.2 -1.88 -0.45 -2.22 -1.06 -2.07 -1.8 -2.09 -2 0.0388439872761769 0.248728205154655 -1.19138448476789 1 0.92 0.874
0.51 0.5 -0.56 -0.02 -1.67 -2.06 -1.2 0.12 -2.45 1.78 1.94 0.93 -1.8 1.91 0 0.722605677966378 1.14518626761749 1.368229906596 -0.12 0.83 -0.926
-0.49 0.5 0.44 -0.02 -1.67 0.94 1.8 2.12 -2.45 -2.22 -2.06 -2.07 -0.8 -2.09 -2 0.634320112367125 0.734164009609798 0.293977235136712 -1 -1.17 0.384
-0.49 0.5 -0.56 1.98 0.33 1.94 -2.2 0.12 1.55 1.78 -1.06 1.93 2.2 1.91 0 1.77217871134252 0.957700584721194 1.78614201093207 -0.12 0.83 -1.086
0.51 -0.5 0.44 -2.02 -0.67 -2.06 -0.2 -1.88 -0.45 -1.22 -1.06 1.93 2.2 -0.0899999999999999 2 0.206677788145905 -0.271046011508046 0.578824017955473 0.76 -0.08 1.114
-0.49 -0.5 0.44 -0.02 -1.67 -2.06 0.8 0.12 -2.45 -0.22 -2.06 -2.07 -1.8 -2.09 -2 2.0231525105095 2.12212546960891 0.876949773373661 -1 0.92 0.874
0.51 -0.5 0.44 -1.02 -1.67 -2.06 -1.2 -1.88 -0.45 -2.22 -0.0600000000000001 0.93 -1.8 -2.09 1 0.868247792990673 1.1639475263904 0.384910330753665 0.32 0.92 -0.926
0.51 0.5 -0.56 1.98 0.33 -0.0600000000000001 0.8 -1.88 1.55 -2.22 -0.0600000000000001 1.93 -1.8 1.91 -1 1.09397706593204 0.852352973941315 2.2170082880211 0.44 0.83 -0.926
-0.49 0.5 0.44 1.98 -1.67 -2.06 -1.2 -1.88 1.55 0.78 1.94 0.93 -0.8 1.91 2 1.20905545746195 2.57337685424721 2.16041540278498 0.76 0.83 0.384
-0.49 -0.5 -0.56 -0.02 1.33 -2.06 1.8 2.12 -2.45 1.78 -1.06 1.93 2.2 1.91 2 0.756887198694981 2.18607075506604 2.78791956551132 -1.24 -1.08 -1.086
-0.49 -0.5 -0.56 -2.02 0.33 1.94 1.8 -0.88 1.55 -0.22 1.94 1.93 -0.8 -0.0899999999999999 0 0.98531658329269 1.05679461198438 0.237548755428122 -0.12 -0.08 0.384
0.51 0.5 -0.56 1.98 1.33 1.94 1.8 -1.88 -1.45 -2.22 -0.0600000000000001 -2.07 -1.8 -2.09 0 0.0184562771782549 0.758872534621609 0.885940251631922 -0.12 -1.17 -0.926
-0.49 0.5 0.44 1.98 -1.67 1.94 -1.2 0.12 -0.45 -1.22 0.94 1.93 0.2 -2.09 -2 0.960929095295893 0.609504117361712 -0.420564406303165 -1 -1.17 -0.106
-0.49 -0.5 -0.56 1.98 -1.67 -1.06 -2.2 -1.88 -1.45 -2.22 -2.06 1.93 -1.8 -2.09 -2 -0.254049381343465 -0.418197915153865 -0.255568433880868 1 0.92 0.874
0.51 -0.5 -0.56 1.98 -1.67 1.94 1.8 -0.88 1.55 -2.22 -2.06 -2.07 0.2 -1.09 2 0.440879516110344 0.897375937376667 2.51825906030687 -1.24 0.42 0.094
0.51 0.5 0.44 -0.02 -0.67 -0.0600000000000001 1.8 2.12 1.55 0.78 1.94 -0.0699999999999998 0.2 -0.0899999999999999 2 1.62710116077945 0.463456893954141 1.737541645477 0.76 -0.17 0.094
-0.49 -0.5 -0.56 -2.02 2.33 1.94 0.8 2.12 -2.45 -0.22 -2.06 -2.07 0.2 -1.09 -2 -0.291819324712686 -0.29420914541768 -0.398701072129494 1 0.42 -0.106
0.51 0.5 -0.56 -0.02 -0.67 1.94 -0.2 1.12 -0.45 -1.22 -1.06 1.93 0.2 -0.0899999999999999 -2 0.95256006281835 0.694315835487891 1.60108643756947 1 -0.17 0.094
-0.49 -0.5 0.44 1.98 -1.67 0.94 1.8 2.12 -2.45 -0.22 -0.0600000000000001 -2.07 -1.8 -2.09 -1 0.297884199124315 0.173604808091114 -0.339373627441131 -0.56 0.92 0.874
0.51 0.5 0.44 -2.02 2.33 0.94 1.8 1.12 1.55 0.78 1.94 1.93 1.2 1.91 2 1.08859911974841 1.31653232790195 0.914502318983501 0.76 0.83 0.604
-0.49 -0.5 -0.56 0.98 1.33 -2.06 -2.2 2.12 -0.45 1.78 0.94 -0.0699999999999998 -1.8 -0.0899999999999999 0 1.06202803620091 1.08464692047795 0.181548230749475 -0.12 -0.08 0.874
0.51 0.5 0.44 -2.02 2.33 1.94 -2.2 0.12 0.55 1.78 -0.0600000000000001 0.93 1.2 0.91 1 2.18772482722437 1.55328787278195 2.89937931508746 0.32 0.33 0.604
-0.49 -0.5 0.44 -0.02 0.33 0.94 1.8 2.12 1.55 1.78 -2.06 1.93 0.2 1.91 1 0.909806896456474 -0.172004155042145 -0.454093835087764 0.32 -1.08 -0.106
-0.49 -0.5 -0.56 -0.02 2.33 0.94 -2.2 -1.88 -1.45 -2.22 -2.06 -0.0699999999999998 -1.8 1.91 -2 0.895040109957788 0.90422434899759 1.20776802174128 1 -1.08 0.874
0.51 0.5 0.44 -2.02 -1.67 0.94 1.8 0.12 -1.45 -2.22 -2.06 -2.07 -0.8 -2.09 -1 -0.330524289108455 0.492556694963296 0.86302773570683 -0.56 -1.17 -0.416
-0.49 0.5 0.44 0.98 2.33 1.94 -2.2 -1.88 -0.45 0.78 -0.0600000000000001 1.93 -1.8 -0.0899999999999999 -2 -0.0917491535378001 -0.198712856789105 0.391522861236551 -1 -0.17 0.874
0.51 0.5 0.44 1.98 1.33 -2.06 0.8 -0.88 -0.45 1.78 0.94 -1.07 2.2 -1.09 1 1.72509204390891 0.941299735654934 2.16829490670731 0.32 -0.67 1.114
0.51 0.5 0.44 -2.02 0.33 1.94 -1.2 -1.88 1.55 0.78 -0.0600000000000001 0.93 -1.8 0.91 0 0.042021342212101 0.364908106321717 0.857700379473584 -0.12 0.33 -0.926
0.51 0.5 0.44 1.98 1.33 1.94 -1.2 -0.88 0.55 -2.22 -2.06 1.93 -0.8 -0.0899999999999999 -2 1.19846005702725 2.57784620794623 2.45500292188564 -1 -0.17 -0.416
0.51 0.5 0.44 -2.02 -0.67 -0.0600000000000001 1.8 -1.88 -0.45 -1.22 -1.06 -2.07 1.2 -0.0899999999999999 0 -0.215002541143601 0.554886288461023 0.152638850680032 -0.12 -0.17 0.604
-0.49 -0.5 -0.56 0.98 -1.67 1.94 0.8 -1.88 0.55 0.78 -2.06 -1.07 -1.8 1.91 -1 1.35326298100818 1.13829272856606 1.44946559740729 0.44 -1.08 0.874
-0.49 -0.5 0.44 0.98 2.33 -1.06 0.8 2.12 1.55 0.78 1.94 -1.07 2.2 0.91 2 0.571940286237571 0.866556750611644 1.83702142783502 0.76 -0.58 -1.086
-0.49 -0.5 0.44 0.98 -0.67 1.94 0.8 -1.88 1.55 1.78 -0.0600000000000001 -0.0699999999999998 -0.8 1.91 1 0.634265733838849 0.905476100814748 1.234460593224 0.32 -1.08 0.384
0.51 0.5 0.44 -2.02 0.33 -2.06 1.8 -1.88 -2.45 -0.22 -1.06 -1.07 1.2 -1.09 -1 0.679238210921751 0.939316835344064 1.58319864793659 -0.56 -0.67 0.604
0.51 0.5 0.44 1.98 2.33 -1.06 1.8 0.12 1.55 -0.22 0.94 0.93 0.2 0.91 -2 1.45986516301886 0.834380160300621 0.565033777212703 -1 0.33 0.094
0.51 0.5 0.44 -2.02 2.33 1.94 -0.2 2.12 0.55 0.78 1.94 1.93 1.2 1.91 -1 0.517650733951106 -0.569378058258033 -0.909752218172207 -0.56 0.83 0.604
0.51 0.5 0.44 -0.02 0.33 -0.0600000000000001 1.8 0.12 -0.45 1.78 -0.0600000000000001 1.93 1.2 0.91 1 0.418471165861683 1.07609402937981 0.934982424355034 0.32 0.33 0.604
-0.49 -0.5 -0.56 -2.02 2.33 -2.06 1.8 -1.88 1.55 -0.22 0.94 -0.0699999999999998 0.2 -1.09 0 1.43071548977388 1.86792813079247 1.86366064353838 -0.12 0.42 -0.106
-0.49 -0.5 -0.56 -0.02 2.33 -2.06 -2.2 -1.88 0.55 -2.22 -2.06 -1.07 1.2 -2.09 1 0.74652088662693 -0.224128482099866 -0.0906619288691162 -0.68 0.92 -0.596
0.51 -0.5 -0.56 1.98 2.33 -0.0600000000000001 -2.2 -1.88 -1.45 -2.22 -2.06 -2.07 -1.8 -2.09 -1 0.583322658967243 0.846100407663207 1.08729033922545 0.44 0.92 -0.926
-0.49 -0.5 -0.56 1.98 2.33 -2.06 1.8 0.12 1.55 -0.22 1.94 -0.0699999999999998 2.2 -0.0899999999999999 0 0.948227142933499 1.03523974598758 2.5075660460774 -0.12 -0.08 -1.086
-0.49 -0.5 -0.56 -2.02 -1.67 -2.06 -1.2 -0.88 1.55 1.78 -2.06 -2.07 2.2 -2.09 1 0.805363563780703 0.55281440981089 0.932970777399331 -0.68 0.92 -1.086
0.51 0.5 0.44 -2.02 1.33 0.94 1.8 -1.88 -1.45 -1.22 -2.06 -0.0699999999999998 1.2 1.91 1 1.58569849742264 1.2547407582037 3.19566940313597 0.32 0.83 0.604
-0.49 -0.5 0.44 1.98 2.33 -0.0600000000000001 1.8 -0.88 0.55 -2.22 0.94 -0.0699999999999998 0.2 -1.09 -1 0.802101698964412 0.312651124345521 1.39248179773923 -0.56 0.42 -0.106
-0.49 -0.5 -0.56 1.98 1.33 -2.06 -0.2 2.12 -1.45 -2.22 0.94 -2.07 -1.8 -1.09 -2 -0.937063300447872 0.404286442571012 -0.511565870599336 1 0.42 0.874
-0.49 -0.5 -0.56 -2.02 -0.67 -2.06 -1.2 2.12 1.55 -2.22 -2.06 -0.0699999999999998 0.2 -2.09 0 0.202335966277751 0.693953380758615 0.683621383516747 -0.12 0.92 -0.106
0.51 -0.5 0.44 -0.02 0.33 1.94 -2.2 -1.88 0.55 1.78 -1.06 -2.07 -1.8 -2.09 2 -0.427077478199717 -0.336336643610184 0.719610642802253 0.76 0.92 -0.926
-0.49 0.5 -0.56 -0.02 2.33 -0.0600000000000001 -2.2 0.12 1.55 1.78 -0.0600000000000001 1.93 2.2 1.91 1 0.420089585635257 0.246709703426537 0.902922094470967 -0.68 0.83 -1.086
0.51 0.5 0.44 0.98 -1.67 1.94 1.8 0.12 -0.45 0.78 1.94 -2.07 -0.8 -0.0899999999999999 0 0.835424753240352 0.967471876544637 0.63484096895657 -0.12 -0.17 -0.416
-0.49 -0.5 -0.56 1.98 -1.67 -2.06 -1.2 -0.88 -2.45 0.78 -0.0600000000000001 -2.07 -1.8 -2.09 -1 1.67285018463587 1.91623867347333 2.27185405120007 0.44 0.92 0.874
0.51 0.5 0.44 -2.02 -1.67 1.94 -2.2 2.12 1.55 1.78 0.94 1.93 1.2 0.91 2 0.590280431599698 0.393682743899278 0.674729391289032 0.76 0.33 0.604
0.51 -0.5 0.44 -2.02 -1.67 0.94 -2.2 -1.88 -2.45 -0.22 -2.06 0.93 -1.8 -2.09 -2 -0.0318241432509156 -0.785790753960395 0.166811775753803 -1 0.92 -0.926
0.51 0.5 0.44 -2.02 -0.67 -0.0600000000000001 -0.2 2.12 1.55 0.78 1.94 1.93 0.2 -0.0899999999999999 2 1.12769701358678 0.550477182743878 1.42855436773167 0.76 -0.17 0.094
0.51 -0.5 0.44 -0.02 -0.67 0.94 -2.2 2.12 -0.45 -1.22 1.94 1.93 -0.8 0.91 -2 0.232455007210188 0.990899227579247 0.599560403782073 -1 -0.58 -0.416
-0.49 -0.5 -0.56 -1.02 1.33 -1.06 1.8 2.12 0.55 0.78 -1.06 0.93 0.2 0.91 1 0.326847363522654 0.348926506302615 0.474441109980686 -0.68 -0.58 -0.106
-0.49 0.5 -0.56 -2.02 -0.67 1.94 1.8 -0.88 0.55 -0.22 -0.0600000000000001 1.93 2.2 1.91 1 0.505130409083393 1.05298567473559 0.929764929336821 -0.68 0.83 -1.086
