0.43 -0.57 -0.42 -2.22 -1.67 2.25 1.99 0.03 -2.04 -2.18 -0.88 -1.85 0.86 -1.86 -1.02 -0.90859227474036 0.827913403470336 -0.169338903800516 0.3068 1.0504 0.2196
-0.57 -0.57 -0.42 0.78 0.33 0.25 1.99 -0.97 -0.04 -0.18 -1.88 2.15 0.86 2.14 -0.02 2.43384821348764 1.71377185186196 2.5665240001598 -0.1132 -1.2296 -0.6404
0.43 -0.57 0.58 -0.22 0.33 -1.75 -0.00999999999999979 -0.97 1.96 -0.18 0.12 -1.85 -0.14 -1.86 -2.02 1.84725803685281 1.45544761426583 0.778819837221296 -1.2932 1.0504 -0.2104
0.43 0.43 0.58 1.78 2.33 -1.75 -0.00999999999999979 0.03 0.96 1.82 -1.88 1.15 -1.14 -1.86 -0.02 1.80328806431725 0.75552682919992 2.4072802083536 -0.1332 -0.8096 -0.6404
-0.57 -0.57 -0.42 -2.22 -1.67 2.25 1.99 -1.97 1.96 0.82 1.12 1.15 -1.14 0.14 -1.02 0.630275352691302 3.35193426634851 1.95965803710526 0.3068 -0.0896 0.4996
0.43 0.43 0.58 -0.22 -1.67 -0.75 1.99 1.03 -2.04 -1.18 -1.88 0.15 -2.14 -1.86 -1.02 -1.03001516100554 1.28025782513076 1.98731642152142 -0.7132 -0.8096 -1.0704
-0.57 0.43 -0.42 1.78 -1.67 -1.75 -2.01 0.03 -2.04 -2.18 -1.88 -1.85 -1.14 -1.86 -0.02 0.324442958291407 0.865435674270412 1.65735796126152 -0.1132 -0.8096 0.4996
-0.57 0.43 -0.42 -1.22 -1.67 -1.75 0.99 1.03 -0.04 -2.18 2.12 0.15 -1.14 0.14 0.98 -0.673541631282196 0.100253535203376 0.201867663642126 -0.5332 0.0504000000000001 0.4996
0.43 0.43 0.58 1.78 2.33 0.25 0.99 -0.97 -2.04 -2.18 0.12 2.15 1.86 2.14 0.98 0.557498123666381 1.22192367569169 3.41998500701195 0.4468 0.9104 0.6496
0.43 0.43 -0.42 -2.22 -1.67 2.25 -0.00999999999999979 -1.97 -2.04 1.82 2.12 -0.85 0.86 1.14 -1.02 -0.148143896849406 0.587264071675108 0.254567367092468 0.3068 0.4804 0.2196
-0.57 -0.57 -0.42 1.78 0.33 -1.75 1.99 0.03 -2.04 1.82 0.12 1.15 -2.14 -0.86 1.98 -0.40232253572955 0.145330241707326 -0.385541693924385 -0.9532 0.4804 1.0696
0.43 0.43 0.58 1.78 -1.67 -1.75 0.99 -1.97 -1.04 0.82 0.12 -1.85 -2.14 -1.86 -2.02 1.22538840808106 -0.353887579026949 -1.1692561141036 -1.2932 -0.8096 -1.0704
0.43 0.43 0.58 1.78 -1.67 0.25 -1.01 2.03 -2.04 1.82 1.12 -1.85 -1.14 0.14 0.98 1.18299487504571 0.348179505702546 1.35394651045457 0.4468 0.0504000000000001 -0.6404
-0.57 -0.57 -0.42 -2.22 -1.67 2.25 1.99 -1.97 -2.04 -2.18 -0.88 -0.85 -2.14 1.14 -2.02 0.271744391508537 -1.86023214253732 -1.89976504629355 0.7268 -0.6596 1.0696
0.43 -0.57 -0.42 1.78 2.33 1.25 -0.00999999999999979 2.03 1.96 -2.18 1.12 -1.85 1.86 1.14 1.98 2.14923549932308 1.35897762793528 -0.861864773217271 -0.9532 -0.6596 0.6496
0.43 0.43 0.58 1.78 -1.67 -1.75 0.99 2.03 1.96 1.82 1.12 0.15 1.86 0.14 1.98 1.60548977612118 2.20229216291507 0.17061466289287 1.0268 0.0504000000000001 0.6496
0.43 0.43 0.58 1.78 -1.67 -1.75 -2.01 0.03 1.96 1.82 -1.88 0.15 0.86 2.14 0.98 0.615477446023243 1.06136458664072 1.58526533681166 0.4468 0.9104 0.2196
0.43 -0.57 -0.42 -2.22 -0.67 0.25 1.99 -0.97 -2.04 1.82 -1.88 1.15 1.86 -0.86 -2.02 -0.349489675456152 -1.59065329410137 1.96675084150792 0.7268 0.4804 0.6496
-0.57 -0.57 -0.42 1.78 -1.67 -1.75 -2.01 1.03 -2.04 -0.18 0.12 -1.85 -1.14 -0.86 1.98 -0.776808734309887 0.791973237210747 1.67619307430026 -0.9532 0.4804 0.4996
-0.57 -0.57 -0.42 -1.22 2.33 -0.75 -2.01 -1.97 -2.04 -0.18 1.12 -0.85 -0.14 -0.86 -2.02 0.919385842402797 2.13909728819015 0.581967020205939 0.7268 0.4804 -0.0704
0.43 0.43 0.58 1.78 -1.67 -1.75 1.99 1.03 1.96 0.82 0.12 -1.85 -0.14 -1.86 -2.02 -1.33022458191033 -0.619797934254726 -1.77402755036572 -1.2932 -0.8096 -0.2104
-0.57 -0.57 -0.42 1.78 -1.67 1.25 -2.01 1.03 -2.04 0.82 2.12 -1.85 -2.14 -1.86 -2.02 1.26857899521461 0.205932725184225 1.83796524613124 0.7268 1.0504 1.0696
-0.57 0.43 -0.42 1.78 0.33 1.25 -2.01 -1.97 0.96 -0.18 -1.88 -0.85 -0.14 0.14 -0.02 1.83116811991625 0.672855719797961 2.05835424704338 -0.1132 0.0504000000000001 -0.0704
0.43 0.43 0.58 0.78 -1.67 0.25 -2.01 0.03 0.96 -1.18 0.12 0.15 -2.14 1.14 -2.02 1.0486660576994 -0.0309215618016973 1.59107681414192 -1.2932 0.4804 -1.0704
0.43 -0.57 -0.42 -0.22 2.33 1.25 -2.01 -1.97 0.96 -2.18 -1.88 -1.85 -0.14 -1.86 -2.02 0.554144171807238 1.12607345169408 2.21786747705787 0.7268 1.0504 -0.2104
0.43 -0.57 -0.42 -0.22 -0.67 -1.75 1.99 -0.97 0.96 -2.18 1.12 -1.85 -2.14 0.14 -1.02 -0.161134449023816 0.787168797471412 -0.0665714797019484 0.3068 -0.0896 -1.0704
0.43 0.43 -0.42 -2.22 2.33 2.25 -0.00999999999999979 2.03 1.96 1.82 2.12 2.15 1.86 2.14 1.98 3.0542932954945 0.975313907658188 0.884696504405069 -0.9532 0.9104 0.6496
0.43 0.43 0.58 1.78 1.33 1.25 1.99 2.03 1.96 0.82 1.12 2.15 1.86 2.14 1.98 0.350960549442061 2.13368754539707 2.70156194146026 1.0268 0.9104 0.6496
0.43 -0.57 -0.42 -2.22 -1.67 2.25 0.99 0.03 0.96 -1.18 2.12 1.15 0.86 0.14 -1.02 1.38949704462148 1.36620968515351 2.20265409681518 0.3068 -0.0896 0.2196
0.43 0.43 0.58 -0.22 -0.67 0.25 -1.01 1.03 -0.04 1.82 1.12 2.15 1.86 2.14 1.98 2.55354429968305 3.12575545085753 2.84847216626498 1.0268 0.9104 0.6496
0.43 0.43 0.58 -2.22 0.33 -1.75 0.99 2.03 1.96 0.82 0.12 -1.85 -2.14 -0.86 -1.02 2.24000920992214 0.349281507681445 -0.918281162043478 -0.7132 -0.3796 -1.0704
-0.57 0.43 0.58 0.78 2.33 2.25 1.99 2.03 0.96 1.82 2.12 -1.85 1.86 2.14 -0.02 2.25480240288701 1.7051622398378 2.50619472936208 -0.1332 0.9104 -1.2104
-0.57 -0.57 -0.42 -2.22 -1.67 -1.75 -1.01 -0.97 -1.04 -2.18 -1.88 -1.85 -2.14 -1.86 -2.02 1.43820526864543 0.159923315297896 0.395090952485139 0.7268 1.0504 1.0696
0.43 0.43 -0.42 -2.22 -1.67 -0.75 0.99 -0.97 -2.04 -1.18 -1.88 2.15 -2.14 -1.86 -2.02 -0.0195502778888795 0.809804102940436 1.62879507763487 0.7268 -0.8096 -1.0704
0.43 0.43 -0.42 -0.22 -1.67 -1.75 -1.01 -1.97 -2.04 0.82 -1.88 2.15 1.86 -1.86 -2.02 0.00980954292780145 1.28068133420072 1.36411037358441 0.7268 -0.8096 0.6496
0.43 -0.57 0.58 -1.22 2.33 -1.75 0.99 2.03 1.96 0.82 0.12 0.15 1.86 0.14 0.98 2.016778680255 2.06497169402219 3.61074266034764 0.4468 -0.0896 0.6496
0.43 0.43 0.58 1.78 2.33 -1.75 1.99 1.03 -1.04 -1.18 -0.88 -1.85 0.86 0.14 -0.02 -0.266096581624271 1.15027924957696 0.822283632099506 -0.1332 0.0504000000000001 0.2196
0.43 0.43 0.58 0.78 -1.67 1.25 1.99 -1.97 1.96 -0.18 -1.88 2.15 1.86 -0.86 0.98 0.386124404664079 0.160290494335545 0.0355810572435299 0.4468 -0.3796 0.6496
0.43 -0.57 -0.42 1.78 -1.67 -0.75 -1.01 1.03 -2.04 -2.18 2.12 1.15 -0.14 1.14 -0.02 1.09154908724886 0.479844157204346 1.02379571157741 -0.1132 -0.6596 -0.2104
0.43 0.43 0.58 -2.22 1.33 2.25 1.99 -0.97 -2.04 0.82 2.12 -1.85 -2.14 0.14 1.98 2.24114427483455 1.82323239296366 3.03508590361505 1.0268 0.0504000000000001 -1.0704
-0.57 0.43 0.58 -2.22 -1.67 -1.75 1.99 2.03 -0.04 -2.18 2.12 1.15 -2.14 -1.86 -0.02 2.50011998913508 2.05746190911461 2.25585130322191 -0.1332 -0.8096 1.0696
-0.57 0.43 -0.42 0.78 0.33 -1.75 -2.01 -0.97 1.96 1.82 0.12 0.15 1.86 -0.86 0.98 -0.580579354683148 0.886762565150324 0.674355684072776 -0.5332 -0.3796 -1.2104
-0.57 -0.57 0.58 0.78 -1.67 2.25 1.99 2.03 -0.04 -2.18 0.12 0.15 1.86 1.14 1.98 0.0760709857949144 1.339780241868 1.95655257603321 1.0268 -0.6596 -1.2104
0.43 0.43 0.58 1.78 -1.67 2.25 -2.01 -1.97 1.96 -1.18 2.12 2.15 -0.14 2.14 1.98 0.292729225133756 1.30578403981003 1.71923340939327 1.0268 0.9104 -0.2104
-0.57 -0.57 -0.42 -1.22 -1.67 1.25 -0.00999999999999979 -1.97 0.96 -2.18 2.12 -0.85 0.86 0.14 -2.02 -0.2705472040783 -0.0136124551770577 0.550821435466354 0.7268 -0.0896 -0.6404
0.43 -0.57 0.58 -0.22 -0.67 0.25 0.99 -1.97 1.96 1.82 -1.88 -1.85 1.86 1.14 -0.02 0.592839607332854 1.6996932206051 1.20781777625039 -0.1332 -0.6596 0.6496
-0.57 0.43 0.58 -1.22 -1.67 0.25 1.99 -1.97 -1.04 1.82 -1.88 2.15 1.86 0.14 -0.02 -0.751991276520805 0.0192481680253773 1.79273550420668 -0.1332 0.0504000000000001 -1.2104
0.43 -0.57 -0.42 1.78 2.33 -1.75 -2.01 0.03 -2.04 -2.18 -1.88 -0.85 0.86 0.14 -0.02 1.8593798154365 0.565272399192916 0.662819928281126 -0.1132 -0.0896 0.2196
0.43 0.43 0.58 -0.22 2.33 1.25 -2.01 1.03 1.96 1.82 0.12 -0.85 0.86 2.14 1.98 0.836435708937749 1.83680132836596 0.0721008020619469 1.0268 0.9104 0.2196
0.43 0.43 0.58 0.78 0.33 1.25 -1.01 0.03 1.96 1.82 2.12 2.15 1.86 2.14 0.98 -0.587934340194572 0.0401491829835869 1.61023209097902 0.4468 0.9104 0.6496
0.43 0.43 0.58 -0.22 -0.67 2.25 0.99 -0.97 -2.04 -2.18 2.12 1.15 -2.14 -1.86 -2.02 1.59242154923128 1.78815243605806 1.85440692019742 -1.2932 -0.8096 -1.0704
-0.57 0.43 -0.42 0.78 -1.67 1.25 0.99 -1.97 1.96 1.82 2.12 -0.85 0.86 -1.86 -2.02 0.909548861996598 0.702107196717787 0.716271084862543 0.7268 -0.8096 -0.6404
-0.57 0.43 -0.42 -2.22 0.33 1.25 -1.01 2.03 -0.04 0.82 -0.88 2.15 -1.14 2.14 0.98 0.961719448927128 0.942039525912157 2.15151989104951 -0.5332 0.9104 0.4996
0.43 0.43 0.58 1.78 -1.67 2.25 -0.00999999999999979 2.03 1.96 0.82 -0.88 1.15 1.86 2.14 1.98 1.21602486692523 2.27480445374693 1.34108276394646 1.0268 0.9104 0.6496
0.43 0.43 -0.42 1.78 -0.67 2.25 0.99 -1.97 -0.04 1.82 1.12 -0.85 0.86 2.14 1.98 0.0591659929739691 0.888953490165511 3.01959103783358 -0.9532 0.9104 0.2196
-0.57 0.43 -0.42 -0.22 -1.67 -1.75 1.99 -1.97 -2.04 -2.18 2.12 1.15 -0.14 0.14 -1.02 -0.711560797613515 0.112658306884075 0.0586283267409384 0.3068 0.0504000000000001 -0.0704
0.43 -0.57 -0.42 -0.22 2.33 -1.75 1.99 0.03 1.96 1.82 -1.88 2.15 -2.14 1.14 0.98 -0.933964655379147 1.64289206885825 1.76430340107497 -0.5332 -0.6596 -1.0704
-0.57 -0.57 -0.42 1.78 1.33 2.25 1.99 2.03 0.96 -2.18 -0.88 -1.85 1.86 -0.86 -0.02 1.55677988053121 1.12113556038243 0.615911798834511 -0.1132 0.4804 -1.2104
-0.57 -0.57 -0.42 -2.22 0.33 -1.75 -0.00999999999999979 -1.97 -2.04 -1.18 -1.88 -0.85 -0.14 1.14 -1.02 1.01343956057955 -0.319069425545133 0.832817418633018 0.3068 -0.6596 -0.0704
0.43 0.43 0.58 -0.22 -1.67 -0.75 -1.01 0.03 -1.04 -0.18 0.12 1.15 -2.14 -1.86 -0.02 0.491295460702198 -0.162201847643956 0.407195177144172 -0.1332 -0.8096 -1.0704
-0.57 -0.57 -0.42 -2.22 -1.67 2.25 1.99 -1.97 1.96 1.82 -1.88 1.15 -2.14 1.14 1.98 0.320777853392121 1.11741616715846 0.133407999665516 -0.9532 -0.6596 1.0696
0.43 0.43 0.58 -2.22 2.33 -1.75 -2.01 0.03 0.96 0.82 0.12 -1.85 -2.14 -1.86 -2.02 -0.618926971604987 0.876348352504798 0.710537371945122 -1.2932 -0.8096 -1.0704
0.43 -0.57 -0.42 -2.22 1.33 -1.75 1.99 -0.97 0.96 -2.18 0.12 0.15 -0.14 -1.86 -2.02 -0.310858410693738 0.106462976046524 0.320725546546972 0.7268 1.0504 -0.2104
0.43 0.43 0.58 0.78 0.33 -1.75 -2.01 -1.97 -2.04 -1.18 2.12 0.15 1.86 -0.86 1.98 0.221008551782504 0.869378679458691 0.549977942984248 1.0268 -0.3796 0.6496
0.43 -0.57 -0.42 -2.22 -0.67 1.25 -2.01 2.03 -2.04 -2.18 -1.88 0.15 -1.14 -1.86 -2.02 -0.72807779123962 -0.113647341365183 0.799899302236996 0.7268 1.0504 -0.6404
0.43 0.43 -0.42 -0.22 0.33 -1.75 -2.01 -0.97 -1.04 0.82 -1.88 -1.85 0.86 -1.86 -1.02 -0.364931533274896 0.907742670559972 -0.133723774015639 0.3068 -0.8096 0.2196
-0.57 -0.57 -0.42 0.78 2.33 0.25 -1.01 0.03 -2.04 1.82 -1.88 1.15 -0.14 -0.86 0.98 1.25114170995934 -0.0334425505155809 0.50459480334234 -0.5332 0.4804 -0.0704
0.43 0.43 0.58 0.78 -1.67 -0.75 -0.00999999999999979 -1.97 -0.04 -2.18 -1.88 2.15 -2.14 -1.86 -2.02 -0.422490244902859 0.537505670273928 0.645843613219309 -1.2932 -0.8096 -1.0704
-0.57 0.43 -0.42 1.78 -0.67 -1.75 0.99 2.03 1.96 -0.18 0.12 -0.85 1.86 0.14 1.98 0.295716233742926 0.234766421637769 0.610588524703865 -0.9532 0.0504000000000001 -1.2104
0.43 0.43 0.58 -0.22 2.33 1.25 -0.00999999999999979 -1.97 -2.04 0.82 1.12 2.15 1.86 -0.86 -2.02 0.00775584927676089 -0.728565938928587 0.0267012223847926 -1.2932 -0.3796 0.6496
0.43 0.43 -0.42 1.78 0.33 -1.75 -1.01 2.03 0.96 0.82 -1.88 2.15 1.86 0.14 -0.02 0.954248369828331 2.28268000232256 2.30684041020741 -0.1132 0.0504000000000001 0.6496
-0.57 -0.57 0.58 -0.22 -0.67 2.25 -2.01 1.03 0.96 -0.18 1.12 2.15 1.86 1.14 1.98 0.398071345768816 0.904078622189691 1.43474317682311 1.0268 -0.6596 -1.2104
-0.57 -0.57 -0.42 0.78 2.33 -1.75 -2.01 1.03 1.96 0.82 -1.88 0.15 -2.14 1.14 0.98 0.376737071503879 0.521471833725739 0.806624615149517 -0.5332 -0.6596 1.0696
-0.57 -0.57 -0.42 1.78 -1.67 1.25 -1.01 -1.97 1.96 -0.18 2.12 0.15 -1.14 -1.86 1.98 1.77579443359897 1.77485102046043 2.64370961350189 -0.9532 1.0504 0.4996
-0.57 -0.57 -0.42 -0.22 2.33 1.25 -2.01 -0.97 -0.04 -0.18 2.12 -1.85 -2.14 0.14 -1.02 -0.185189389223985 0.235414513142398 0.684428319818097 0.3068 -0.0896 1.0696
-0.57 0.43 0.58 1.78 -1.67 0.25 -1.01 -0.97 -2.04 -0.18 -1.88 0.15 -2.14 0.14 1.98 0.235939315924546 -0.0366948175601157 -0.550074456272454 1.0268 0.0504000000000001 1.0696
-0.57 -0.57 -0.42 -2.22 2.33 -1.75 1.99 2.03 -2.04 -0.18 0.12 1.15 1.86 2.14 1.98 0.915185622282823 1.08040129140991 2.58189767827922 -0.9532 -1.2296 -1.2104
0.43 0.43 0.58 -2.22 2.33 2.25 1.99 2.03 -1.04 1.82 2.12 2.15 1.86 2.14 0.98 -0.518625190619561 0.423806932783977 0.515130898044744 0.4468 0.9104 0.6496
0.43 0.43 0.58 -0.22 1.33 -1.75 -1.01 0.03 1.96 1.82 0.12 1.15 -1.14 0.14 -1.02 -0.459479811692482 0.982361762807797 1.42152764292911 -0.7132 0.0504000000000001 -0.6404
0.43 0.43 -0.42 -0.22 -0.67 0.25 -2.01 -0.97 -2.04 -1.18 -1.88 -1.85 1.86 -1.86 -2.02 -0.420479132721404 -0.545037295327999 -0.722980906295087 0.7268 -0.8096 0.6496
0.43 -0.57 -0.42 -0.22 0.33 -1.75 -1.01 0.03 0.96 0.82 -0.88 -1.85 -2.14 1.14 0.98 1.08714332017272 1.09161394800793 1.77140516967537 -0.5332 -0.6596 -1.0704
-0.57 -0.57 -0.42 1.78 1.33 0.25 -2.01 2.03 -0.04 1.82 -0.88 2.15 -0.14 1.14 -1.02 -0.398412779575516 -0.0940802021016532 -0.916985278030325 0.3068 -0.6596 -0.0704
-0.57 -0.57 -0.42 -0.22 0.33 -1.75 -2.01 -1.97 -0.04 0.82 -0.88 -0.85 0.86 2.14 1.98 1.31070329872108 0.440735298833001 0.606206174188249 -0.9532 -1.2296 -0.6404
-0.57 -0.57 -0.42 0.78 -1.67 2.25 0.99 -1.97 -0.04 -2.18 2.12 -1.85 -1.14 -1.86 -2.02 -0.384859429222909 0.897273646093157 1.59594715326692 0.7268 1.0504 0.4996
0.43 -0.57 -0.42 -0.22 2.33 -1.75 1.99 0.03 -2.04 1.82 1.12 -0.85 0.86 1.14 1.98 0.632921726030801 2.25837975474508 0.892727438702224 -0.9532 -0.6596 0.2196
0.43 0.43 0.58 1.78 1.33 2.25 0.99 2.03 1.96 -0.18 2.12 -0.85 1.86 2.14 1.98 1.00860488410803 0.322430834236359 0.787254532260148 1.0268 0.9104 0.6496
-0.57 -0.57 -0.42 -2.22 2.33 -1.75 0.99 2.03 -0.04 -2.18 1.12 0.15 -2.14 0.14 1.98 0.95588720291243 1.80238502370164 1.930555131211 -0.9532 -0.0896 1.0696
0.43 0.43 0.58 1.78 -1.67 2.25 -0.00999999999999979 2.03 1.96 1.82 2.12 2.15 1.86 2.14 1.98 -0.396919371557764 0.283151763301306 1.50427929937202 1.0268 0.9104 0.6496
-0.57 -0.57 -0.42 1.78 -1.67 -0.75 -2.01 2.03 0.96 1.82 0.12 0.15 1.86 -0.86 -1.02 0.649697069404247 0.777663494343898 0.660863179393531 0.3068 0.4804 -1.2104
-0.57 -0.57 -0.42 1.78 -1.67 -1.75 -2.01 0.03 -2.04 0.82 0.12 -1.85 -2.14 -0.86 -2.02 -0.0815741978684442 0.0395887017857404 0.133707501791591 0.7268 0.4804 1.0696
0.43 0.43 -0.42 1.78 -0.67 -1.75 -2.01 2.03 1.96 -2.18 -1.88 -1.85 -1.14 0.14 -2.02 -0.377202716761016 1.25821513480608 0.47361159656238 0.7268 0.0504000000000001 -0.6404
-0.57 -0.57 -0.42 -2.22 -1.67 1.25 -1.01 0.03 -2.04 0.82 -1.88 -1.85 -1.14 -1.86 -2.02 -0.475475591406447 0.162493794714205 0.673173542487992 0.7268 1.0504 0.4996
-0.57 0.43 0.58 0.78 1.33 2.25 -2.01 -0.97 0.96 -1.18 0.12 -0.85 -2.14 1.14 -0.02 1.03151010196483 1.37181367755302 0.530435528121697 -0.1332 0.4804 1.0696
0.43 0.43 -0.42 -2.22 2.33 2.25 1.99 0.03 -0.04 -0.18 -0.88 1.15 0.86 0.14 1.98 1.43073297202379 2.3400702039913 1.42346973280448 -0.9532 0.0504000000000001 0.2196
-0.57 0.43 0.58 0.78 2.33 -0.75 1.99 1.03 0.96 1.82 -1.88 2.15 -0.14 -0.86 -2.02 0.641170484699673 0.653681197093583 0.881423956092315 -1.2932 -0.3796 -0.0704
0.43 0.43 0.58 -1.22 2.33 -0.75 1.99 2.03 -2.04 -2.18 -1.88 0.15 0.86 -1.86 0.98 1.16424046348518 0.00395764927282816 1.20486547722955 0.4468 -0.8096 0.2196
-0.57 -0.57 -0.42 -2.22 2.33 2.25 -2.01 1.03 0.96 -1.18 -0.88 -1.85 1.86 2.14 1.98 1.40143584886082 1.39644996681196 2.10776233426452 -0.9532 -1.2296 -1.2104
-0.57 0.43 -0.42 -2.22 -1.67 0.25 -2.01 -1.97 -2.04 -0.18 -1.88 -1.85 -2.14 -0.86 -2.02 -0.956240664123047 -1.04652113418811 -0.391955124222229 0.7268 -0.3796 1.0696
0.43 0.43 -0.42 0.78 -1.67 -1.75 1.99 1.03 0.96 1.82 2.12 -0.85 1.86 -1.86 0.98 1.12909132017361 1.32763424540518 1.9841042746815 -0.5332 -0.8096 0.6496
-0.57 0.43 0.58 -0.22 2.33 -1.75 -2.01 -0.97 1.96 0.82 2.12 1.15 0.86 1.14 -0.02 1.32313895265044 1.94663866365793 2.31807346440344 -0.1332 0.4804 -0.6404
