-0.552 -0.492 -0.472 1.996 1.924 -1.016 1.136 1.972 -2.044 1.976 1.892 -2.068 0.98 0.12 -0.0720000000000001 0.126667877288416 1.08559822006797 0.814232619651581 -0.032032 -0.16208 -0.57792
0.448 0.508 -0.472 -2.004 -1.076 1.984 2.136 1.972 1.956 1.976 0.892 0.932 0.98 2.12 1.928 1.89336142956752 1.91678233968609 1.51247637210862 -0.976032 0.97392 0.40208
-0.552 -0.492 0.528 -1.004 -2.076 -2.016 1.136 -2.028 0.956 -2.024 1.892 -1.068 1.98 -0.88 -2.072 1.92216801463393 2.13321640045085 -0.31236127011436 -1.160032 0.32992 -1.12992
0.448 0.508 0.528 -0.004 -0.0760000000000001 -2.016 1.136 -0.028 -2.044 -2.024 -0.108 0.932 0.98 -1.88 -0.0720000000000001 0.159567208950507 -1.57054914000027 1.43666397979094 -0.104032 -1.05808 0.40208
-0.552 0.508 -0.472 1.996 1.924 1.984 -0.864 -2.028 -0.044 -2.024 0.892 1.932 0.98 2.12 0.928 -0.972486180554398 -1.59808465822164 -0.888268285619323 -0.504032 0.97392 -0.57792
0.448 -0.492 0.528 0.996 -2.076 -2.016 0.136 -0.028 -0.044 1.976 -2.108 -1.068 -2.02 0.12 -1.072 -0.600522703633743 1.01288321506222 0.684551835265013 -0.632032 -0.16208 -0.94192
-0.552 0.508 -0.472 0.996 1.924 -0.016 1.136 1.972 1.956 -0.024 1.892 -0.0680000000000001 -0.02 1.12 1.928 0.111058872020246 0.9280654001383 2.61728529685434 -0.976032 0.46592 -0.02592
-0.552 -0.492 -0.472 -2.004 0.924 -0.016 -0.864 -1.028 -2.044 -0.024 -2.108 -2.068 -2.02 -1.88 -2.072 -0.445728986797345 -1.44561203575636 -1.74283626277001 0.911968 0.82192 1.07808
-0.552 0.508 -0.472 1.996 1.924 -0.016 0.136 1.972 1.956 1.976 -2.108 1.932 0.98 2.12 1.928 -0.235549349856377 0.00510639695485308 0.432283557904482 -0.976032 0.97392 -0.57792
0.448 -0.492 -0.472 -0.004 -2.076 -2.016 -1.864 -2.028 1.956 0.976 1.892 -0.0680000000000001 0.98 -0.88 -0.0720000000000001 1.63649801584347 -0.820647189486319 1.37393584398007 -0.032032 0.32992 0.40208
-0.552 -0.492 -0.472 -2.004 -2.076 -2.016 -0.864 0.972 -2.044 -0.024 -1.108 -2.068 -1.02 -1.88 -2.072 -0.0354578819866172 -0.0556043913696359 0.283357938971955 0.911968 0.82192 0.52608
0.448 0.508 -0.472 1.996 -0.0760000000000001 -0.016 -1.864 1.972 1.956 -0.024 1.892 1.932 0.98 2.12 1.928 -0.624540442955258 0.932999671654923 1.51478621709323 -0.976032 0.97392 0.40208
0.448 -0.492 -0.472 1.996 -0.0760000000000001 0.984 2.136 -0.028 0.956 1.976 0.892 0.932 -2.02 2.12 1.928 0.375884960113245 0.544377275136254 1.47449669051671 -0.976032 -1.14608 -0.94192
0.448 -0.492 0.528 -2.004 -2.076 1.984 -1.864 -2.028 -1.044 -1.024 1.892 0.932 -0.02 -1.88 -0.0720000000000001 1.810136488435 0.428668920003693 2.81049292352434 -0.104032 0.82192 -0.04592
-0.552 -0.492 0.528 1.996 -1.076 1.984 1.136 0.972 -1.044 1.976 -1.108 -2.068 -2.02 -1.88 -0.0720000000000001 1.58408071012139 0.978943786233812 0.374385681393554 -0.104032 0.82192 1.07808
-0.552 -0.492 0.528 -2.004 0.924 -2.016 -1.864 1.972 -2.044 -2.024 -1.108 -2.068 1.98 -1.88 -1.072 0.11388902911727 0.123422378279655 0.0639709460300797 -0.632032 0.82192 -1.12992
0.448 -0.492 0.528 1.996 -0.0760000000000001 -2.016 -1.864 -2.028 -1.044 -2.024 -2.108 -2.068 -2.02 -1.88 -2.072 -0.748326696246063 1.5430021034803 1.03727564724697 -1.160032 0.82192 -0.94192
0.448 0.508 0.528 0.996 0.924 1.984 2.136 1.972 -0.044 -2.024 1.892 -1.068 1.98 0.12 1.928 0.114336676672216 -0.288512177122748 0.849981256721652 0.951968 -0.04208 0.85008
-0.552 0.508 0.528 -2.004 -2.076 0.984 1.136 1.972 -0.044 -2.024 1.892 1.932 -1.02 1.12 -0.0720000000000001 0.908806139903063 1.81702229467085 2.24163826218011 -0.104032 0.46592 0.52608
-0.552 -0.492 -0.472 -0.004 -0.0760000000000001 -1.016 -1.864 -2.028 1.956 1.976 -0.108 1.932 1.98 1.12 -0.0720000000000001 1.38786388720997 0.0793560354785965 1.79329697615512 -0.032032 -0.65408 -1.12992
-0.552 -0.492 -0.472 -2.004 0.924 -2.016 -1.864 -0.028 -2.044 -2.024 -2.108 -2.068 -0.02 -0.88 0.928 0.584785933320062 1.07910132206732 -0.0229327408084574 -0.504032 0.32992 -0.02592
-0.552 0.508 0.528 -2.004 -1.076 1.984 2.136 0.972 -1.044 -0.024 -2.108 1.932 -2.02 -1.88 -2.072 1.33439414098569 -0.365873154782035 1.8736154655752 -1.160032 -1.05808 1.07808
0.448 -0.492 0.528 -1.004 1.924 0.984 0.136 1.972 1.956 1.976 -0.108 1.932 1.98 -0.88 -0.0720000000000001 -0.28587775630694 3.20199781999599 1.54783463203267 -0.104032 0.32992 0.85008
0.448 -0.492 -0.472 0.996 1.924 1.984 0.136 1.972 1.956 -0.024 1.892 1.932 1.98 2.12 1.928 1.56355333070831 0.123384929964507 0.878370388384843 -0.976032 -1.14608 0.85008
-0.552 -0.492 -0.472 -2.004 -0.0760000000000001 1.984 2.136 -1.028 -1.044 1.976 0.892 1.932 1.98 2.12 1.928 0.164098136511059 0.428288268680347 0.631806372593426 -0.976032 -1.14608 -1.12992
0.448 -0.492 -0.472 -1.004 0.924 -2.016 0.136 -2.028 0.956 -2.024 -2.108 0.932 -2.02 -1.88 -2.072 -1.10792022120106 1.6677325598724 0.927621356838817 0.911968 0.82192 -0.94192
0.448 -0.492 -0.472 0.996 -2.076 -1.016 2.136 -0.028 -1.044 0.976 -0.108 1.932 1.98 -0.88 -2.072 -0.331713940595337 0.676729386282768 0.967200812084173 0.911968 0.32992 0.85008
-0.552 -0.492 -0.472 1.996 0.924 -1.016 1.136 -0.028 0.956 0.976 1.892 -2.068 1.98 0.12 1.928 0.385547112396081 -1.06474523279023 -0.296579703644357 -0.976032 -0.16208 -1.12992
-0.552 -0.492 0.528 -2.004 1.924 -0.016 -1.864 -2.028 1.956 1.976 -0.108 1.932 1.98 2.12 1.928 2.16459345627208 1.08047357109802 1.94188185810336 0.951968 -1.14608 -1.12992
-0.552 0.508 -0.472 -0.004 1.924 -0.016 -0.864 -2.028 -2.044 1.976 1.892 1.932 -2.02 -0.88 -0.0720000000000001 -0.867676773232552 3.1600112409543 -0.689273009784667 -0.032032 -0.55008 1.07808
-0.552 0.508 0.528 1.996 -0.0760000000000001 -1.016 0.136 -2.028 -2.044 1.976 -0.108 -0.0680000000000001 -1.02 -1.88 -0.0720000000000001 1.5019180276419 1.27189559502006 1.15637952643932 -0.104032 -1.05808 0.52608
0.448 0.508 -0.472 0.996 1.924 0.984 -1.864 -2.028 1.956 -0.024 0.892 1.932 -1.02 -0.88 -2.072 0.345381034453363 1.33683112389357 3.90014575370769 0.911968 -0.55008 -0.49392
-0.552 -0.492 -0.472 0.996 -2.076 -2.016 2.136 -2.028 -2.044 -0.024 1.892 -1.068 -1.02 -0.88 1.928 -0.564259882474796 0.538178761170223 -0.453528730274581 -0.976032 0.32992 0.52608
0.448 -0.492 0.528 1.996 -0.0760000000000001 -0.016 0.136 0.972 0.956 -1.024 -1.108 0.932 -2.02 1.12 1.928 1.74048018964541 0.949683320355587 1.24498860076807 0.951968 -0.65408 -0.94192
-0.552 -0.492 -0.472 -2.004 1.924 0.984 2.136 -2.028 0.956 -1.024 -2.108 1.932 -2.02 -1.88 -1.072 0.727244733468155 -1.39841658434061 -0.951505132683361 0.439968 0.82192 1.07808
-0.552 0.508 0.528 -0.004 -2.076 -2.016 -0.864 1.972 0.956 1.976 0.892 0.932 -0.02 -1.88 -0.0720000000000001 -0.887986614775252 0.533544642279127 0.394365563084315 -0.104032 -1.05808 -0.02592
0.448 0.508 -0.472 -1.004 -2.076 -2.016 -1.864 1.972 -2.044 -1.024 -2.108 1.932 1.98 -1.88 -0.0720000000000001 -0.419956292954315 1.91598828004718 1.16547270047813 -0.032032 -1.05808 0.85008
0.448 -0.492 -0.472 -0.004 -0.0760000000000001 -1.016 2.136 -0.028 -2.044 -1.024 -1.108 -1.068 -0.02 -0.88 -2.072 0.583907407499197 1.4399279518932 1.82804776758687 0.911968 0.32992 -0.04592
0.448 0.508 0.528 -0.004 -0.0760000000000001 -0.016 2.136 0.972 0.956 -0.024 0.892 1.932 -2.02 -1.88 0.928 0.0227600357569184 1.11650107712875 1.97057653833476 0.423968 -1.05808 -0.94192
-0.552 -0.492 -0.472 -2.004 -2.076 -0.016 -1.864 -2.028 0.956 0.976 1.892 -0.0680000000000001 0.98 0.12 0.928 0.130941047026279 -0.433653926376679 0.713418487084868 -0.504032 -0.16208 -0.57792
0.448 0.508 0.528 0.996 1.924 1.984 0.136 1.972 1.956 0.976 1.892 1.932 1.98 2.12 0.928 0.971214427409521 1.16133406792122 2.18323568276889 0.423968 0.97392 0.85008
0.448 -0.492 -0.472 1.996 1.924 -0.016 2.136 0.972 1.956 -0.024 -0.108 -0.0680000000000001 0.98 -1.88 1.928 3.0539856925877 1.43641700649229 1.85050931222698 -0.976032 0.82192 0.40208
-0.552 0.508 -0.472 1.996 0.924 -2.016 2.136 -1.028 1.956 -0.024 -1.108 1.932 0.98 2.12 -1.072 0.614969312763694 0.674900498184009 0.366841909485344 0.439968 0.97392 -0.57792
0.448 -0.492 -0.472 -1.004 1.924 0.984 1.136 1.972 1.956 1.976 1.892 -0.0680000000000001 -1.02 2.12 1.928 0.772421147279145 0.464010928757773 1.80266130151892 -0.976032 -1.14608 -0.49392
0.448 -0.492 -0.472 -2.004 0.924 -2.016 -0.864 -1.028 1.956 -1.024 1.892 -0.0680000000000001 1.98 -0.88 0.928 1.02440160986097 0.809288732595418 0.197070474689761 -0.504032 0.32992 0.85008
0.448 0.508 0.528 -2.004 -2.076 0.984 2.136 1.972 -2.044 -0.024 0.892 1.932 0.98 2.12 1.928 1.46912235278077 2.07988744128746 2.52767971796149 0.951968 0.97392 0.40208
0.448 -0.492 0.528 -0.004 -1.076 -0.016 2.136 -2.028 0.956 1.976 0.892 -1.068 -2.02 -0.88 -2.072 1.7194738836697 2.75487737695652 2.48680848831006 -1.160032 0.32992 -0.94192
-0.552 0.508 -0.472 -1.004 1.924 -0.016 2.136 0.972 1.956 -2.024 -1.108 0.932 0.98 0.12 0.928 0.902011999426449 2.28735849323497 2.7956298458099 -0.504032 -0.04208 -0.57792
-0.552 0.508 0.528 -2.004 0.924 -2.016 -1.864 1.972 1.956 1.976 1.892 0.932 0.98 -0.88 -0.0720000000000001 1.37819225364684 0.467240977359189 1.08135135059032 -0.104032 -0.55008 -0.57792
0.448 0.508 0.528 1.996 -2.076 -2.016 2.136 0.972 1.956 0.976 -0.108 1.932 1.98 1.12 1.928 1.86143777063404 1.70275134824431 2.66608365223575 0.951968 0.46592 0.85008
-0.552 -0.492 -0.472 -2.004 -2.076 -2.016 -1.864 0.972 1.956 0.976 -2.108 -2.068 -0.02 -0.88 -2.072 -0.305780756703133 -0.0483794753469066 -0.90547146246737 0.911968 0.32992 -0.02592
0.448 0.508 0.528 1.996 1.924 -2.016 -0.864 1.972 0.956 1.976 -2.108 -2.068 -0.02 1.12 0.928 0.792757045535306 0.376235093067869 1.09159042857841 0.423968 0.46592 -0.04592
-0.552 -0.492 -0.472 1.996 1.924 1.984 -1.864 0.972 -2.044 1.976 1.892 -1.068 -0.02 0.12 1.928 2.04597270275074 3.18990554845692 2.65849354507052 -0.976032 -0.16208 -0.02592
0.448 0.508 0.528 1.996 -2.076 -1.016 2.136 -0.028 -1.044 -2.024 -2.108 1.932 0.98 -0.88 -0.0720000000000001 1.26415289183891 0.394887165819232 2.08167609437383 -0.104032 -0.55008 0.40208
0.448 0.508 0.528 1.996 -0.0760000000000001 -2.016 2.136 -0.028 0.956 -2.024 -0.108 1.932 1.98 2.12 -0.0720000000000001 1.63491618983598 0.894709733937891 0.266943087964118 -0.104032 0.97392 0.85008
0.448 0.508 0.528 -2.004 -0.0760000000000001 -0.016 1.136 -0.028 1.956 -2.024 -2.108 -2.068 -1.02 -0.88 -2.072 0.83113581829898 1.95499061865846 2.15073009433024 -1.160032 -0.55008 -0.49392
-0.552 -0.492 0.528 -2.004 -1.076 -2.016 -1.864 -0.028 -2.044 -1.024 -2.108 -1.068 -2.02 -0.88 0.928 0.937105786725864 0.342008421813628 -0.0902791908406722 0.423968 0.32992 1.07808
-0.552 -0.492 -0.472 1.996 1.924 -1.016 -1.864 -2.028 -2.044 -1.024 -0.108 1.932 -0.02 -0.88 -2.072 1.68043583779104 2.7863381663657 0.387564947304592 0.911968 0.32992 -0.02592
-0.552 0.508 -0.472 0.996 1.924 -2.016 0.136 1.972 1.956 -1.024 -1.108 -0.0680000000000001 -2.02 -1.88 -2.072 -0.179735603642288 0.885485949455869 0.443579607317703 0.911968 -1.05808 1.07808
0.448 0.508 -0.472 1.996 0.924 1.984 2.136 1.972 0.956 -1.024 -0.108 -1.068 -2.02 1.12 1.928 1.22192774730695 0.811292408358097 0.762247562253092 -0.976032 0.46592 -0.94192
0.448 0.508 0.528 -2.004 -2.076 -0.016 1.136 -2.028 1.956 0.976 -2.108 0.932 -2.02 -0.88 -1.072 1.0114308064583 1.57382127042355 2.08751176728258 -0.632032 -0.55008 -0.94192
-0.552 -0.492 -0.472 1.996 -0.0760000000000001 1.984 -1.864 1.972 -1.044 -1.024 0.892 -0.0680000000000001 1.98 0.12 -0.0720000000000001 0.129055160153726 1.32873895357724 1.75501800043381 -0.032032 -0.16208 -1.12992
-0.552 0.508 0.528 -2.004 -2.076 -1.016 1.136 1.972 -0.044 -2.024 -1.108 1.932 0.98 1.12 -0.0720000000000001 -0.480807682973611 -0.0617641429720981 1.09180759612953 -0.104032 0.46592 -0.57792
0.448 0.508 0.528 -0.004 -0.0760000000000001 0.984 2.136 0.972 -1.044 -0.024 0.892 -2.068 -0.02 -0.88 -1.072 -0.509827340810576 -1.18005673417916 1.23690486362397 -0.632032 -0.55008 -0.04592
0.448 0.508 -0.472 1.996 -1.076 0.984 2.136 -2.028 -2.044 1.976 0.892 -0.0680000000000001 -1.02 1.12 0.928 -0.973591105473225 -0.333222663054921 1.50685483619084 -0.504032 0.46592 -0.49392
-0.552 0.508 -0.472 1.996 1.924 -0.016 1.136 -2.028 0.956 -2.024 -1.108 -2.068 -0.02 -0.88 -0.0720000000000001 0.205674204817472 1.53576543130174 1.318219442023 -0.032032 -0.55008 -0.02592
0.448 -0.492 0.528 -1.004 -2.076 1.984 -0.864 1.972 1.956 1.976 0.892 -0.0680000000000001 -2.02 2.12 -2.072 0.26485890239051 -0.838981531652085 0.706147810380471 -1.160032 -1.14608 -0.94192
0.448 0.508 0.528 -1.004 1.924 0.984 -1.864 -0.028 -1.044 0.976 0.892 -2.068 -1.02 -0.88 -0.0720000000000001 0.334083991907401 -0.253438331525824 0.157789847211219 -0.104032 -0.55008 -0.49392
0.448 0.508 0.528 -1.004 -1.076 1.984 1.136 -2.028 1.956 -0.024 1.892 1.932 -1.02 -1.88 1.928 0.527085189183486 2.36943622485684 1.43690258782723 0.951968 -1.05808 -0.49392
0.448 0.508 0.528 -1.004 -1.076 1.984 -1.864 -2.028 0.956 -2.024 -1.108 -2.068 -2.02 1.12 -1.072 1.54920925267866 0.91208070750411 1.94456967755268 -0.632032 0.46592 -0.94192
0.448 0.508 -0.472 -0.004 1.924 -0.016 2.136 -0.028 -2.044 -2.024 1.892 -1.068 -0.02 0.12 -1.072 0.16415770728587 0.489606297338122 0.45290060394833 0.439968 -0.04208 -0.04592
0.448 -0.492 0.528 -2.004 -0.0760000000000001 -2.016 1.136 -2.028 1.956 1.976 -0.108 -0.0680000000000001 -1.02 1.12 -1.072 1.6417474286419 0.981510122369404 0.255112399485473 -0.632032 -0.65408 -0.49392
0.448 -0.492 0.528 -2.004 -2.076 -2.016 0.136 -2.028 -2.044 1.976 0.892 -0.0680000000000001 -2.02 1.12 0.928 -0.387697769781776 0.541849500090978 0.696034915459514 0.423968 -0.65408 -0.94192
0.448 0.508 0.528 1.996 1.924 -2.016 2.136 1.972 1.956 0.976 -0.108 1.932 1.98 1.12 1.928 1.07951780675597 2.35930848582068 3.39290059020876 0.951968 0.46592 0.85008
-0.552 0.508 0.528 1.996 0.924 1.984 2.136 0.972 0.956 1.976 0.892 -0.0680000000000001 1.98 0.12 1.928 -1.42331685651211 1.38723316274412 0.195274088543921 0.951968 -0.04208 -1.12992
0.448 0.508 -0.472 0.996 1.924 -1.016 1.136 -2.028 -2.044 1.976 -1.108 -2.068 -0.02 -1.88 -2.072 0.462147675852249 0.259108506065022 0.071071153077825 0.911968 -1.05808 -0.04592
0.448 -0.492 0.528 1.996 -2.076 -0.016 -0.864 1.972 0.956 1.976 -1.108 1.932 1.98 2.12 1.928 0.581150942149326 2.93460921222852 3.76342490962377 0.951968 -1.14608 0.85008
0.448 0.508 0.528 1.996 0.924 -1.016 0.136 0.972 0.956 -2.024 1.892 -1.068 1.98 0.12 -0.0720000000000001 1.72015919874469 2.85721088626758 2.99701374222963 -0.104032 -0.04208 0.85008
-0.552 -0.492 -0.472 -2.004 1.924 0.984 2.136 -0.028 -1.044 1.976 -0.108 -2.068 -1.02 -0.88 0.928 0.0326398543091588 0.82480881252626 3.33974319330163 -0.504032 0.32992 0.52608
0.448 0.508 -0.472 1.996 1.924 0.984 -1.864 -2.028 -2.044 -2.024 1.892 1.932 1.98 -0.88 0.928 1.50693042367493 0.745216436721052 0.261157605675526 -0.504032 -0.55008 0.85008
0.448 0.508 0.528 -0.004 -2.076 1.984 2.136 0.972 1.956 -1.024 -0.108 0.932 -0.02 1.12 0.928 1.07695770233882 0.998347040800012 0.763140063039524 0.423968 0.46592 -0.04592
-0.552 -0.492 -0.472 -2.004 -2.076 -2.016 2.136 -0.028 0.956 -2.024 -2.108 -1.068 -2.02 -0.88 -2.072 0.172550565895556 0.727408071301597 1.66472050747446 0.911968 0.32992 1.07808
0.448 0.508 0.528 1.996 -0.0760000000000001 0.984 0.136 -0.028 -2.044 1.976 1.892 1.932 1.98 1.12 1.928 0.73631643280017 0.863498805342708 0.704175510829517 0.951968 0.46592 0.85008
-0.552 -0.492 -0.472 -1.004 -1.076 -2.016 -1.864 -0.028 -2.044 -2.024 -2.108 -2.068 -2.02 -1.88 -2.072 -0.308933156913763 -1.48074424494273 -0.32613705464328 0.911968 0.82192 1.07808
0.448 0.508 -0.472 -2.004 -2.076 -2.016 -1.864 -2.028 -1.044 -2.024 -1.108 -2.068 -0.02 -1.88 -2.072 -0.731674101232835 0.152082942406803 1.54424550980975 0.911968 -1.05808 -0.04592
-0.552 0.508 -0.472 1.996 -2.076 1.984 1.136 -2.028 -2.044 1.976 -2.108 -1.068 -1.02 2.12 -1.072 -0.436323849317205 0.783679061611016 0.2461668221736 0.439968 0.97392 0.52608
0.448 0.508 0.528 -0.004 1.924 -1.016 -1.864 1.972 -2.044 -2.024 0.892 0.932 0.98 1.12 -0.0720000000000001 -0.0737184320407167 1.78461767049709 2.96377270912685 -0.104032 0.46592 0.40208
-0.552 -0.492 0.528 1.996 -2.076 -1.016 -1.864 0.972 1.956 0.976 1.892 -1.068 -1.02 2.12 -1.072 1.03198545316146 0.441393657017245 1.22353216627599 -0.632032 -1.14608 0.52608
0.448 0.508 0.528 1.996 -0.0760000000000001 0.984 2.136 -1.028 1.956 0.976 -0.108 1.932 -1.02 -0.88 1.928 1.1994925496703 2.65194879464889 3.51002963208968 0.951968 -0.55008 -0.49392
0.448 0.508 0.528 -1.004 -0.0760000000000001 -2.016 2.136 1.972 1.956 0.976 1.892 0.932 0.98 2.12 -0.0720000000000001 0.393319872326485 -0.582809878283605 -1.56599195188925 -0.104032 0.97392 0.40208
-0.552 -0.492 -0.472 0.996 0.924 -2.016 -1.864 1.972 -1.044 -1.024 -0.108 1.932 0.98 1.12 0.928 -0.0887696868528008 -1.42400907021167 -0.924918040399119 -0.504032 -0.65408 -0.57792
-0.552 -0.492 -0.472 0.996 -2.076 0.984 -0.864 1.972 -2.044 -0.024 -0.108 -0.0680000000000001 -0.02 2.12 -0.0720000000000001 0.277222654659394 1.67466068120057 3.67265813691969 -0.032032 -1.14608 -0.02592
0.448 0.508 0.528 1.996 1.924 0.984 -0.864 -1.028 -2.044 -2.024 -0.108 0.932 -1.02 -0.88 -0.0720000000000001 0.771771730033892 0.462186221199852 1.64846827134731 -0.104032 -0.55008 -0.49392
0.448 -0.492 -0.472 -0.004 -2.076 -0.016 0.136 -2.028 -0.044 -0.024 -2.108 -1.068 -2.02 1.12 0.928 0.461608476827179 -0.6136133407277 -0.198567600916752 -0.504032 -0.65408 -0.94192
0.448 0.508 0.528 0.996 1.924 -2.016 2.136 -2.028 -2.044 -0.024 -2.108 -2.068 -2.02 0.12 -2.072 1.7578981032018 2.38940232692486 0.956039003060891 -1.160032 -0.04208 -0.94192
-0.552 -0.492 -0.472 -0.004 -0.0760000000000001 -0.016 -0.864 -2.028 -0.044 -1.024 1.892 -1.068 -0.02 0.12 -2.072 0.415854940872857 1.65391361525701 1.59913332496505 0.911968 -0.16208 -0.02592
-0.552 0.508 0.528 -0.004 -1.076 1.984 2.136 -2.028 -1.044 -2.024 -2.108 -2.068 -0.02 0.12 -1.072 2.0545098054978 0.711454567237768 2.07068978149775 -0.632032 -0.04208 -0.02592
-0.552 0.508 0.528 -1.004 -2.076 -0.016 -1.864 -2.028 -2.044 -1.024 -2.108 -2.068 -2.02 -1.88 -2.072 1.27162995838889 -0.0340641432384237 -0.0889000810813857 -1.160032 -1.05808 1.07808
-0.552 -0.492 -0.472 -2.004 -2.076 0.984 -1.864 1.972 -0.044 -1.024 -0.108 -2.068 -2.02 -0.88 0.928 0.267112240621105 1.89965269389105 1.02913601459933 -0.504032 0.32992 1.07808
-0.552 -0.492 -0.472 1.996 -0.0760000000000001 1.984 2.136 -2.028 -0.044 1.976 -0.108 1.932 0.98 1.12 1.928 -1.6646505656697 -0.0667982393415838 -0.99426682170831 -0.976032 -0.65408 -0.57792
0.448 0.508 -0.472 -0.004 1.924 -2.016 -0.864 -1.028 -1.044 -1.024 -0.108 0.932 -0.02 0.12 -1.072 -0.890009346781263 -0.263135152292399 -0.453879771923101 0.439968 -0.04208 -0.04592
0.448 0.508 0.528 -1.004 0.924 1.984 2.136 1.972 1.956 0.976 -0.108 1.932 1.98 2.12 1.928 1.1899191216688 1.80790206520196 2.29638653459826 0.951968 0.97392 0.85008
-0.552 0.508 0.528 1.996 -0.0760000000000001 1.984 -1.864 -2.028 -0.044 -2.024 -0.108 0.932 -2.02 -0.88 -1.072 1.58319179617479 1.67688080001354 1.18150813795436 -0.632032 -0.55008 1.07808
0.448 0.508 0.528 0.996 -0.0760000000000001 1.984 0.136 1.972 1.956 1.976 1.892 1.932 -0.02 2.12 1.928 1.63965059665957 -0.226068901017895 0.247240506451214 0.951968 0.97392 -0.04592
0.448 -0.492 -0.472 -2.004 1.924 -2.016 -1.864 -2.028 1.956 -1.024 0.892 -0.0680000000000001 1.98 2.12 -0.0720000000000001 0.262561327366542 1.7261673890197 0.752778153186705 -0.032032 -1.14608 0.85008
-0.552 0.508 -0.472 -1.004 1.924 -0.016 2.136 -2.028 0.956 -0.024 -0.108 0.932 0.98 -1.88 1.928 2.32344432062247 0.236292739802376 0.0304802356162348 -0.976032 -1.05808 -0.57792
0.448 0.508 0.528 -1.004 -0.0760000000000001 0.984 -1.864 1.972 0.956 -2.024 1.892 -0.0680000000000001 1.98 2.12 1.928 2.16957004025769 0.309129120765102 0.454368834745188 0.951968 0.97392 0.85008
0.448 -0.492 0.528 -1.004 -2.076 0.984 -1.864 0.972 -0.044 -2.024 -1.108 -1.068 -2.02 -1.88 -0.0720000000000001 -0.177368523500195 -1.47427794075521 -1.39773990103041 -0.104032 0.82192 -0.94192
0.448 -0.492 -0.472 1.996 -1.076 1.984 -1.864 -2.028 -2.044 -2.024 1.892 -2.068 -2.02 -0.88 -0.0720000000000001 1.24237139203378 -0.118264405002187 1.73185902390457 -0.032032 0.32992 -0.94192
0.448 -0.492 0.528 -2.004 -2.076 -2.016 -1.864 -2.028 -0.044 1.976 -2.108 -0.0680000000000001 -1.02 -0.88 -2.072 0.823686743441151 1.35922833647543 -0.207910781886941 -1.160032 0.32992 -0.49392
-0.552 -0.492 0.528 -2.004 -2.076 1.984 -1.864 1.972 -0.044 -0.024 0.892 1.932 1.98 -1.88 0.928 0.73712580719053 0.0769035544804025 -0.393592733879919 0.423968 0.82192 -1.12992
0.448 -0.492 -0.472 -0.004 -2.076 -2.016 -0.864 1.972 1.956 -0.024 1.892 -0.0680000000000001 1.98 0.12 0.928 2.57702400288016 2.45686041846821 1.6294146941493 -0.504032 -0.16208 0.85008
0.448 0.508 -0.472 1.996 0.924 -2.016 -1.864 -2.028 0.956 -1.024 -0.108 -0.0680000000000001 -0.02 0.12 -1.072 -1.0868026614064 0.500661267418318 -0.0789959495975918 0.439968 -0.04208 -0.04592
0.448 -0.492 0.528 -1.004 -2.076 1.984 1.136 1.972 -1.044 1.976 0.892 1.932 0.98 0.12 1.928 0.855271431720324 0.653297340323151 2.79080361475869 0.951968 -0.16208 0.40208
-0.552 -0.492 -0.472 1.996 -2.076 1.984 -0.864 -2.028 -2.044 -1.024 -0.108 -2.068 -2.02 -1.88 -2.072 -0.106378289101384 -0.804248053217222 0.0722793518102938 0.911968 0.82192 1.07808
-0.552 -0.492 -0.472 -0.004 1.924 -1.016 2.136 -1.028 1.956 1.976 0.892 -0.0680000000000001 0.98 2.12 1.928 0.59208186293381 0.322225103407911 0.0519323562390765 -0.976032 -1.14608 -0.57792
-0.552 -0.492 0.528 -0.004 -2.076 1.984 -0.864 -2.028 0.956 1.976 1.892 0.932 -2.02 -0.88 0.928 0.902172939217432 1.23906226501658 3.2653237418069 0.423968 0.32992 1.07808
0.448 0.508 0.528 -2.004 1.924 1.984 2.136 1.972 -0.044 0.976 1.892 1.932 1.98 2.12 -0.0720000000000001 1.63476920424561 0.569450522865228 2.10212041310049 -0.104032 0.97392 0.85008
-0.552 0.508 0.528 -0.004 0.924 1.984 -1.864 1.972 -1.044 -2.024 1.892 -1.068 -0.02 -1.88 -0.0720000000000001 1.05137280263437 -0.101269552311968 0.774007223941679 -0.104032 -1.05808 -0.02592
-0.552 -0.492 -0.472 -1.004 1.924 -1.016 1.136 1.972 1.956 0.976 0.892 -1.068 -0.02 2.12 -1.072 0.407450468547478 1.00961896526819 0.633314810381128 0.439968 -1.14608 -0.02592
0.448 -0.492 -0.472 -2.004 -0.0760000000000001 1.984 0.136 -0.028 -1.044 1.976 -2.108 -1.068 0.98 1.12 -1.072 0.639788246260431 1.66868019402466 1.55652747213209 0.439968 -0.65408 0.40208
-0.552 0.508 0.528 -0.004 1.924 -1.016 -1.864 -0.028 -0.044 0.976 1.892 -2.068 0.98 1.12 1.928 0.747954928477411 1.86120002002697 1.04504662279799 0.951968 0.46592 -0.57792
0.448 0.508 0.528 0.996 0.924 1.984 1.136 1.972 -1.044 1.976 -1.108 1.932 1.98 2.12 1.928 -0.340677549298256 0.866590729118161 -0.526755177610507 0.951968 0.97392 0.85008
0.448 0.508 0.528 -2.004 -1.076 1.984 2.136 -0.028 -0.044 0.976 -1.108 1.932 1.98 0.12 -2.072 0.985517792454465 2.47902125282704 2.42472285759567 -1.160032 -0.04208 0.85008
-0.552 0.508 0.528 -1.004 -1.076 1.984 1.136 1.972 1.956 -0.024 1.892 1.932 1.98 0.12 1.928 1.43618852691094 0.182048964818526 2.01794914028396 0.951968 -0.04208 -1.12992
0.448 -0.492 -0.472 -2.004 1.924 -2.016 -0.864 0.972 0.956 -0.024 -1.108 0.932 -0.02 -0.88 1.928 2.5656500855781 2.47256622328619 1.69099002942455 -0.976032 0.32992 -0.04592
0.448 0.508 0.528 -0.004 1.924 1.984 2.136 1.972 -1.044 1.976 1.892 1.932 1.98 2.12 1.928 1.73529794768642 3.0608859560325 3.07782538162997 0.951968 0.97392 0.85008
-0.552 -0.492 -0.472 -2.004 -2.076 -2.016 -0.864 1.972 0.956 -0.024 -1.108 -2.068 -0.02 -1.88 -1.072 1.25735691806253 2.11639931936842 3.04739031380667 0.439968 0.82192 -0.02592
0.448 0.508 0.528 1.996 -0.0760000000000001 -0.016 -0.864 -1.028 -2.044 -1.024 -0.108 -0.0680000000000001 1.98 2.12 -0.0720000000000001 1.65615413819882 0.175292939617351 0.239967586408023 -0.104032 0.97392 0.85008
-0.552 -0.492 -0.472 -2.004 -2.076 -1.016 -1.864 -2.028 -2.044 -2.024 -2.108 -2.068 -2.02 0.12 -2.072 0.0363649703023976 0.219334342090495 0.0121223173633857 0.911968 -0.16208 1.07808
-0.552 0.508 -0.472 1.996 -2.076 -0.016 2.136 1.972 0.956 1.976 -2.108 -0.0680000000000001 -1.02 1.12 1.928 1.91454642967422 2.60273300724469 2.5130833891164 -0.976032 0.46592 0.52608
-0.552 -0.492 -0.472 -1.004 1.924 -2.016 -1.864 1.972 1.956 1.976 -1.108 -2.068 -0.02 -0.88 -0.0720000000000001 0.193467845739132 0.360754435182263 0.946986980804172 -0.032032 0.32992 -0.02592
-0.552 -0.492 -0.472 1.996 -0.0760000000000001 1.984 -1.864 -2.028 1.956 -2.024 -1.108 1.932 -0.02 -0.88 -2.072 -0.26252779285884 -0.54717697627008 -1.20247933419182 0.911968 0.32992 -0.02592
0.448 0.508 0.528 0.996 1.924 1.984 0.136 1.972 -0.044 1.976 1.892 0.932 1.98 2.12 1.928 0.323299415288227 1.20300372856105 2.15285228366071 0.951968 0.97392 0.85008
0.448 -0.492 -0.472 -0.004 -2.076 1.984 2.136 -2.028 -0.044 -2.024 1.892 -1.068 -2.02 0.12 -0.0720000000000001 0.962535411478706 -0.8837281168825 2.56498592508568 -0.032032 -0.16208 -0.94192
-0.552 -0.492 -0.472 -1.004 1.924 -1.016 2.136 -2.028 -2.044 1.976 1.892 -2.068 -2.02 -1.88 -2.072 -0.529022090974657 0.767397854090836 0.54744590335983 0.911968 0.82192 1.07808
-0.552 -0.492 0.528 1.996 -1.076 -0.016 0.136 -2.028 -1.044 -2.024 -2.108 -2.068 -1.02 -1.88 -1.072 0.865076458132633 -0.370841383310476 0.892434204833774 -0.632032 0.82192 0.52608
0.448 -0.492 0.528 1.996 -1.076 -2.016 -1.864 0.972 -2.044 -2.024 -2.108 -2.068 -2.02 -1.88 -2.072 -0.149124514435582 -1.39738362034046 0.195813616952571 -1.160032 0.82192 -0.94192
0.448 0.508 0.528 0.996 1.924 1.984 -0.864 -0.028 1.956 1.976 -2.108 0.932 1.98 0.12 -2.072 0.594355880523977 3.50359769754115 3.26742696651978 -1.160032 -0.04208 0.85008
0.448 0.508 -0.472 -1.004 0.924 0.984 1.136 -2.028 -2.044 -0.024 -0.108 -1.068 -1.02 0.12 -2.072 2.34051696086694 -0.0749595085344459 3.7212448837633 0.911968 -0.04208 -0.49392
0.448 0.508 0.528 -0.004 -2.076 -0.016 0.136 1.972 0.956 0.976 -2.108 0.932 -0.02 -0.88 -1.072 1.56546652445671 0.850930475444224 1.69163728456113 -0.632032 -0.55008 -0.04592
-0.552 -0.492 0.528 -2.004 1.924 -2.016 1.136 1.972 1.956 -1.024 -2.108 -2.068 1.98 0.12 0.928 0.678477125077715 -0.312510711021835 0.92381000665037 0.423968 -0.16208 -1.12992
0.448 0.508 0.528 1.996 -0.0760000000000001 -2.016 2.136 1.972 -0.044 0.976 -2.108 -1.068 -0.02 -1.88 -2.072 -1.12023699432226 -0.125773407792653 -0.35775814230299 -1.160032 -1.05808 -0.04592
-0.552 -0.492 -0.472 -2.004 -1.076 1.984 -1.864 1.972 -1.044 -1.024 1.892 -2.068 0.98 -1.88 1.928 1.75164853634709 2.97637855073697 1.61782872498624 -0.976032 0.82192 -0.57792
-0.552 0.508 -0.472 -2.004 1.924 -1.016 2.136 1.972 -0.044 -0.024 0.892 -1.068 -0.02 -1.88 -0.0720000000000001 -0.0893981455480177 -1.00672357485899 0.41302230924378 -0.032032 -1.05808 -0.02592
-0.552 -0.492 -0.472 1.996 -2.076 1.984 -1.864 0.972 1.956 1.976 1.892 -0.0680000000000001 -0.02 2.12 -0.0720000000000001 1.61422148361261 0.814469882381397 1.55598483604769 -0.032032 -1.14608 -0.02592
-0.552 -0.492 -0.472 0.996 -0.0760000000000001 1.984 0.136 -0.028 -0.044 -2.024 0.892 -1.068 -1.02 2.12 -1.072 -0.510750170214812 -0.133215860112592 -0.515645271982018 0.439968 -1.14608 0.52608
0.448 -0.492 -0.472 1.996 -2.076 -1.016 -1.864 -1.028 1.956 0.976 1.892 0.932 0.98 2.12 1.928 -0.555468563402184 0.0480541599980754 -0.0145254711661228 -0.976032 -1.14608 0.40208
0.448 0.508 -0.472 1.996 -1.076 -0.016 -0.864 -2.028 -2.044 -1.024 0.892 -2.068 -0.02 0.12 -1.072 -1.22801253279569 -0.576894927621848 -1.13966654382098 0.439968 -0.04208 -0.04592
-0.552 0.508 0.528 -0.004 -1.076 -2.016 2.136 -0.028 -0.044 -2.024 -2.108 1.932 0.98 -1.88 -0.0720000000000001 -0.350069049735869 0.801021164070958 0.729894895107709 -0.104032 -1.05808 -0.57792
-0.552 -0.492 0.528 1.996 -0.0760000000000001 -2.016 1.136 -1.028 -2.044 0.976 1.892 -2.068 0.98 -1.88 -2.072 1.10954319707106 0.484200046902605 0.442320959059444 -1.160032 0.82192 -0.57792
-0.552 -0.492 -0.472 -0.004 -2.076 1.984 0.136 -2.028 -0.044 -1.024 -1.108 -2.068 -2.02 2.12 -0.0720000000000001 1.10954458145772 0.831694817060333 1.58789437491162 -0.032032 -1.14608 1.07808
0.448 0.508 0.528 -2.004 0.924 1.984 0.136 0.972 1.956 1.976 -2.108 1.932 1.98 2.12 1.928 2.34599074127901 1.58791819274819 2.05745578642528 0.951968 0.97392 0.85008
0.448 0.508 0.528 1.996 1.924 -2.016 2.136 0.972 -1.044 0.976 -0.108 -0.0680000000000001 1.98 2.12 0.928 1.14272419618246 -0.300343789920767 1.84076126021116 0.423968 0.97392 0.85008
-0.552 -0.492 -0.472 -2.004 -0.0760000000000001 0.984 -0.864 1.972 -0.044 -2.024 -0.108 -0.0680000000000001 -1.02 -1.88 -1.072 0.44982439581548 0.706238835030929 -1.40114280895742 0.439968 0.82192 0.52608
0.448 0.508 0.528 -1.004 0.924 -2.016 -0.864 1.972 -2.044 -2.024 1.892 -0.0680000000000001 0.98 1.12 0.928 0.94565338350167 1.57828366798638 1.97168427975228 0.423968 0.46592 0.40208
0.448 0.508 -0.472 0.996 -2.076 -0.016 -1.864 -0.028 0.956 -0.024 -2.108 0.932 -2.02 1.12 -1.072 1.03885625098505 1.55056514898427 0.605967926859848 0.439968 0.46592 -0.94192
-0.552 -0.492 -0.472 0.996 0.924 1.984 2.136 -2.028 -0.044 -2.024 -1.108 -1.068 -0.02 -1.88 -0.0720000000000001 -0.369918198100866 0.268652934686776 1.42809445986678 -0.032032 0.82192 -0.02592
0.448 0.508 0.528 0.996 -0.0760000000000001 0.984 -1.864 1.972 1.956 0.976 -0.108 -0.0680000000000001 -0.02 -1.88 -0.0720000000000001 1.48561005600393 1.28287152072531 1.72200267553271 -0.104032 -1.05808 -0.04592
0.448 -0.492 -0.472 -2.004 0.924 -2.016 -1.864 -2.028 -2.044 -1.024 -2.108 -1.068 -2.02 -1.88 -2.072 0.411972256477411 0.775287942557227 1.55457743076742 0.911968 0.82192 -0.94192
-0.552 0.508 -0.472 -2.004 0.924 -1.016 2.136 0.972 1.956 -1.024 -2.108 -0.0680000000000001 -2.02 -1.88 -2.072 1.69276465793777 1.54088589431648 0.56600190610636 0.911968 -1.05808 1.07808
0.448 -0.492 0.528 1.996 -2.076 -2.016 -1.864 -2.028 -0.044 1.976 -0.108 -1.068 -0.02 -0.88 1.928 1.17033454950031 1.56822805508675 1.93495613852409 0.951968 0.32992 -0.04592
-0.552 -0.492 -0.472 -2.004 0.924 -1.016 2.136 -1.028 -2.044 -0.024 0.892 1.932 -0.02 0.12 0.928 -0.076666532992323 -0.430440130722996 -0.394481882513651 -0.504032 -0.16208 -0.02592
0.448 -0.492 -0.472 1.996 -0.0760000000000001 -2.016 0.136 -0.028 -2.044 -0.024 -0.108 -2.068 -1.02 0.12 1.928 0.0791211104910986 0.864429157293136 0.0860228107689147 -0.976032 -0.16208 -0.49392
-0.552 -0.492 0.528 1.996 1.924 -2.016 0.136 1.972 -0.044 0.976 -2.108 -1.068 -2.02 2.12 -2.072 0.17252139698733 -0.496163331115947 0.0304816720943359 -1.160032 -1.14608 1.07808
-0.552 -0.492 -0.472 -1.004 -2.076 -1.016 0.136 -1.028 -0.044 1.976 -0.108 -2.068 -0.02 -0.88 -0.0720000000000001 0.691170340304764 1.80552961652383 0.462082618736201 -0.032032 0.32992 -0.02592
0.448 0.508 0.528 -2.004 1.924 0.984 1.136 -2.028 -0.044 -2.024 1.892 -1.068 0.98 1.12 1.928 2.11484647162872 0.880987252626537 2.13697530570631 0.951968 0.46592 0.40208
0.448 -0.492 -0.472 -2.004 -2.076 -1.016 2.136 -1.028 1.956 -1.024 1.892 -2.068 -0.02 0.12 -2.072 -0.409307463197681 -0.856372251710227 -0.657776751689441 0.911968 -0.16208 -0.04592
0.448 0.508 0.528 -0.004 1.924 1.984 2.136 -2.028 -2.044 -0.024 1.892 0.932 1.98 0.12 1.928 0.634225744598046 1.26487033559634 0.619401581827919 0.951968 -0.04208 0.85008
0.448 0.508 0.528 1.996 -1.076 -0.016 0.136 -2.028 -1.044 -0.024 -1.108 -2.068 -1.02 0.12 -0.0720000000000001 0.775307253319995 0.081071405762383 0.209680128745797 -0.104032 -0.04208 -0.49392
0.448 0.508 0.528 -2.004 1.924 0.984 2.136 -1.028 1.956 0.976 -2.108 1.932 -0.02 0.12 -0.0720000000000001 1.96102614611755 1.87687184096091 2.67079156035138 -0.104032 -0.04208 -0.04592
0.448 -0.492 -0.472 1.996 -2.076 1.984 2.136 -1.028 0.956 0.976 -2.108 1.932 1.98 -0.88 -1.072 0.213043919571038 -0.171713324634393 1.0683566861708 0.439968 0.32992 0.85008
-0.552 -0.492 -0.472 0.996 1.924 0.984 -1.864 -1.028 -2.044 1.976 1.892 -0.0680000000000001 -0.02 -1.88 0.928 0.0296613785737624 0.354567809006811 0.357487637415634 -0.504032 0.82192 -0.02592
-0.552 -0.492 -0.472 -0.004 -0.0760000000000001 1.984 2.136 1.972 -2.044 1.976 1.892 1.932 1.98 2.12 1.928 0.840414423478762 1.25562167242059 1.53040535748844 -0.976032 -1.14608 -1.12992
-0.552 -0.492 -0.472 1.996 -2.076 -0.016 -1.864 1.972 -0.044 -1.024 -0.108 -1.068 0.98 1.12 -0.0720000000000001 0.548565257862926 0.913217385091429 1.27659995106242 -0.032032 -0.65408 -0.57792
-0.552 -0.492 -0.472 -0.004 -2.076 1.984 -0.864 -0.028 -0.044 1.976 -1.108 -1.068 -2.02 0.12 0.928 -0.205781770736768 0.187664179532164 0.733467781619537 -0.504032 -0.16208 1.07808
0.448 0.508 0.528 -2.004 1.924 -2.016 -1.864 -0.028 1.956 -2.024 -0.108 -1.068 -1.02 -1.88 -2.072 0.376732630557942 1.29714740735374 1.04137730226427 -1.160032 -1.05808 -0.49392
0.448 -0.492 -0.472 1.996 -0.0760000000000001 -0.016 0.136 -1.028 1.956 -0.024 1.892 0.932 -1.02 -0.88 0.928 0.467025906149846 1.04714402510122 -0.012766662639235 -0.504032 0.32992 -0.49392
0.448 0.508 -0.472 -0.004 1.924 -0.016 -1.864 0.972 -2.044 -2.024 -1.108 -0.0680000000000001 -1.02 0.12 -0.0720000000000001 0.127440464789204 0.289675318204667 0.608523328417335 -0.032032 -0.04208 -0.49392
0.448 -0.492 -0.472 -1.004 -2.076 0.984 2.136 1.972 -1.044 -1.024 -0.108 1.932 -2.02 2.12 -0.0720000000000001 1.37752611165625 1.06168557538761 1.73773486007333 -0.032032 -1.14608 -0.94192
-0.552 -0.492 -0.472 -2.004 1.924 0.984 -1.864 0.972 -2.044 -2.024 -2.108 -2.068 1.98 2.12 -2.072 0.0282840806421175 0.705408336541192 1.10056706749147 0.911968 -1.14608 -1.12992
0.448 0.508 0.528 -1.004 -2.076 -1.016 -1.864 0.972 -2.044 -0.024 0.892 1.932 -1.02 2.12 -1.072 0.529018347643496 1.00500058776037 0.54429528969334 -0.632032 0.97392 -0.49392
-0.552 -0.492 -0.472 -0.004 -2.076 1.984 -1.864 -0.028 1.956 -0.024 1.892 1.932 1.98 -0.88 0.928 0.242057357018716 0.666370337054922 0.888064825119366 -0.504032 0.32992 -1.12992
0.448 0.508 0.528 -2.004 -2.076 -2.016 -1.864 -0.028 1.956 1.976 -2.108 1.932 -0.02 0.12 1.928 0.752789898708949 1.34417518321845 0.57467206340251 0.951968 -0.04208 -0.04592
-0.552 0.508 -0.472 -0.004 -0.0760000000000001 1.984 0.136 -1.028 1.956 1.976 1.892 1.932 -1.02 -1.88 0.928 0.463832756354464 -0.325111949971436 0.500726463128515 -0.504032 -1.05808 0.52608
0.448 0.508 -0.472 -1.004 1.924 -2.016 -1.864 -2.028 -2.044 -2.024 -2.108 1.932 -2.02 -1.88 -1.072 0.393223830464125 -0.351318733007281 -0.00249537683407965 0.439968 -1.05808 -0.94192
-0.552 -0.492 -0.472 -1.004 -0.0760000000000001 -2.016 -1.864 1.972 0.956 0.976 -2.108 -2.068 -2.02 -1.88 -1.072 0.284087815891596 1.53373839209908 1.05419819006809 0.439968 0.82192 1.07808
-0.552 -0.492 -0.472 0.996 0.924 -2.016 0.136 -2.028 -2.044 0.976 0.892 0.932 0.98 -0.88 -0.0720000000000001 0.927006486398888 1.56673618313801 1.02445440225077 -0.032032 0.32992 -0.57792
-0.552 -0.492 -0.472 -2.004 -1.076 -2.016 1.136 0.972 -2.044 -1.024 -2.108 1.932 -1.02 0.12 -2.072 0.371702526828285 1.44101589108984 0.959248166923472 0.911968 -0.16208 0.52608
0.448 -0.492 0.528 0.996 -1.076 -2.016 2.136 0.972 -2.044 1.976 1.892 -2.068 -2.02 1.12 -2.072 0.751196371788108 1.04346717728599 0.632596525022935 -1.160032 -0.65408 -0.94192
0.448 0.508 0.528 0.996 1.924 0.984 2.136 -0.028 -0.044 1.976 -2.108 -1.068 1.98 -0.88 0.928 1.1047699305235 1.36440171397582 1.9502244067888 0.423968 -0.55008 0.85008
-0.552 -0.492 -0.472 -2.004 -2.076 -0.016 -1.864 -2.028 0.956 1.976 0.892 -0.0680000000000001 -0.02 -1.88 1.928 -0.449170817129042 0.54051667989756 0.163588511679937 -0.976032 0.82192 -0.02592
0.448 0.508 0.528 1.996 1.924 1.984 2.136 1.972 -0.044 0.976 -0.108 1.932 1.98 1.12 0.928 1.39872712479916 0.897177562347577 0.813465432297114 0.423968 0.46592 0.85008
-0.552 0.508 -0.472 0.996 -0.0760000000000001 1.984 1.136 1.972 1.956 -2.024 0.892 1.932 1.98 0.12 1.928 0.70238688639616 1.07692484233801 0.513472380297656 -0.976032 -0.04208 -1.12992
-0.552 -0.492 0.528 -2.004 0.924 1.984 1.136 -1.028 -0.044 -1.024 -2.108 -0.0680000000000001 -0.02 -1.88 0.928 0.476426658322948 -0.0937125071251115 0.235588442100001 0.423968 0.82192 -0.02592
0.448 0.508 0.528 -0.004 1.924 -0.016 -1.864 -1.028 0.956 -0.024 1.892 0.932 0.98 2.12 1.928 -0.0316247786568843 0.58380891882917 -0.542757332141153 0.951968 0.97392 0.40208
0.448 0.508 -0.472 -2.004 1.924 1.984 0.136 -0.028 0.956 0.976 -2.108 1.932 -1.02 -1.88 -2.072 0.89694502456583 0.67099289802589 1.17348747046879 0.911968 -1.05808 -0.49392
0.448 -0.492 -0.472 -2.004 0.924 0.984 -1.864 -2.028 -1.044 -2.024 0.892 -2.068 -2.02 -1.88 -2.072 0.487336567554281 0.0765998317987688 -0.223140771512938 0.911968 0.82192 -0.94192
-0.552 -0.492 -0.472 1.996 -2.076 0.984 1.136 -1.028 1.956 0.976 0.892 -0.0680000000000001 1.98 2.12 1.928 1.75790564417 1.01122260421719 1.18409470053514 -0.976032 -1.14608 -1.12992
-0.552 -0.492 -0.472 0.996 -2.076 -0.016 1.136 -2.028 -0.044 -0.024 0.892 -2.068 -2.02 -1.88 0.928 0.288530969755888 0.522777089226474 0.574009785309481 -0.504032 0.82192 1.07808
-0.552 0.508 -0.472 -2.004 -2.076 1.984 1.136 -1.028 -2.044 -2.024 -0.108 0.932 -0.02 -1.88 -1.072 0.160937882668627 0.15135416086423 0.55076014586694 0.439968 -1.05808 -0.02592
0.448 0.508 -0.472 1.996 1.924 1.984 1.136 1.972 0.956 -2.024 -1.108 1.932 0.98 2.12 1.928 0.627177154313 1.7865733059034 2.27516809074649 -0.976032 0.97392 0.40208
0.448 0.508 0.528 1.996 1.924 1.984 1.136 1.972 -2.044 1.976 0.892 -1.068 -2.02 2.12 0.928 1.26272195509664 1.09696794306159 0.722512250085273 0.423968 0.97392 -0.94192
0.448 0.508 0.528 1.996 1.924 -1.016 -0.864 -2.028 0.956 1.976 -1.108 -1.068 -2.02 -1.88 -2.072 0.320612076141783 1.36475263114377 1.19381775699143 -1.160032 -1.05808 -0.94192
0.448 -0.492 -0.472 -2.004 -2.076 -1.016 -1.864 -2.028 -1.044 -2.024 -0.108 -2.068 -2.02 -1.88 0.928 1.22524693544352 2.30260675197785 2.60027029124463 -0.504032 0.82192 -0.94192
-0.552 -0.492 -0.472 -0.004 -1.076 1.984 -0.864 -2.028 -2.044 -1.024 1.892 -0.0680000000000001 1.98 0.12 -1.072 1.02212259671218 1.61958925958368 0.220724911827322 0.439968 -0.16208 -1.12992
-0.552 0.508 -0.472 -0.004 1.924 0.984 1.136 -2.028 -2.044 -0.024 1.892 -0.0680000000000001 1.98 0.12 -0.0720000000000001 1.34400848826854 0.546228614522905 1.34576354934014 -0.032032 -0.04208 -1.12992
-0.552 -0.492 -0.472 1.996 -2.076 -2.016 -1.864 1.972 -1.044 -2.024 -1.108 -2.068 -0.02 0.12 -2.072 -0.290359862191789 0.884956602303067 0.546022625012699 0.911968 -0.16208 -0.02592
0.448 0.508 0.528 -2.004 1.924 0.984 -1.864 -0.028 1.956 0.976 0.892 1.932 -0.02 2.12 -0.0720000000000001 0.235169370692273 1.5264145516643 1.94469273494929 -0.104032 0.97392 -0.04592
0.448 -0.492 -0.472 -2.004 1.924 -2.016 -0.864 -0.028 1.956 1.976 -2.108 -0.0680000000000001 -0.02 -0.88 -1.072 1.73869690463246 1.54529195360553 1.82291312697416 0.439968 0.32992 -0.04592
-0.552 0.508 -0.472 -1.004 1.924 -0.016 -1.864 1.972 -2.044 -2.024 1.892 1.932 -2.02 0.12 -1.072 0.251854088841596 0.688398456813293 1.39929780179858 0.439968 -0.04208 1.07808
0.448 0.508 -0.472 1.996 1.924 0.984 -1.864 -2.028 1.956 -0.024 -1.108 -2.068 0.98 -1.88 0.928 0.0296914056922181 -0.155672534594003 0.691999187963248 -0.504032 -1.05808 0.40208
0.448 -0.492 0.528 1.996 0.924 -0.016 -0.864 -0.028 -2.044 -2.024 1.892 -1.068 1.98 0.12 1.928 0.195099801725932 0.750807624292364 1.31373174348114 0.951968 -0.16208 0.85008
-0.552 -0.492 0.528 0.996 -1.076 -2.016 -1.864 -2.028 0.956 -0.024 -2.108 -0.0680000000000001 0.98 2.12 0.928 1.92393132405661 1.90873605914802 2.2232001586155 0.423968 -1.14608 -0.57792
-0.552 -0.492 -0.472 -2.004 1.924 -0.016 1.136 -0.028 -0.044 -1.024 0.892 -2.068 1.98 -1.88 -1.072 -0.213553917720007 0.0799343585005703 0.72408507924538 0.439968 0.82192 -1.12992
0.448 -0.492 -0.472 -0.004 -0.0760000000000001 -1.016 -1.864 -2.028 -0.044 -1.024 -2.108 -2.068 -2.02 -1.88 -1.072 0.886868083103618 0.0789292064193948 -0.315097054265333 0.439968 0.82192 -0.94192
0.448 -0.492 0.528 -2.004 1.924 1.984 0.136 1.972 1.956 1.976 1.892 -1.068 -2.02 0.12 0.928 0.620341625794904 0.630532554984263 0.0764960751801785 0.423968 -0.16208 -0.94192
-0.552 -0.492 0.528 -2.004 1.924 -2.016 -0.864 -0.028 -2.044 -0.024 0.892 -0.0680000000000001 0.98 -1.88 -2.072 0.0682905217342709 0.0449383644650311 -0.13117773028326 -1.160032 0.82192 -0.57792
0.448 -0.492 0.528 -2.004 -2.076 1.984 -1.864 -1.028 -1.044 1.976 -2.108 0.932 -2.02 -1.88 -0.0720000000000001 1.27055202142975 -0.287348126524724 0.59348181884911 -0.104032 0.82192 -0.94192
0.448 0.508 -0.472 -1.004 1.924 0.984 -1.864 1.972 -0.044 -0.024 -2.108 1.932 0.98 2.12 -1.072 -0.171302988043589 -0.70981875788693 -0.966312580413692 0.439968 0.97392 0.40208
0.448 -0.492 -0.472 0.996 -2.076 -0.016 2.136 -2.028 -2.044 -0.024 -2.108 0.932 1.98 0.12 -0.0720000000000001 1.04775860981296 1.54788671706868 1.83909597813287 -0.032032 -0.16208 0.85008
0.448 0.508 0.528 -2.004 1.924 1.984 -1.864 1.972 1.956 1.976 1.892 1.932 -0.02 1.12 -0.0720000000000001 1.85672731880022 2.19900505008289 2.1080560393421 -0.104032 0.46592 -0.04592
0.448 0.508 0.528 -1.004 -2.076 0.984 2.136 1.972 -0.044 -0.024 -1.108 -0.0680000000000001 -2.02 2.12 0.928 1.42460970128306 1.65426597825539 2.0216021189373 0.423968 0.97392 -0.94192
-0.552 0.508 -0.472 -2.004 -1.076 -0.016 -1.864 1.972 0.956 -2.024 0.892 -0.0680000000000001 -2.02 -1.88 -1.072 -0.17686790773874 1.01982996718755 1.58121892367127 0.439968 -1.05808 1.07808
-0.552 -0.492 -0.472 -2.004 1.924 0.984 1.136 1.972 0.956 -2.024 0.892 0.932 0.98 -0.88 -0.0720000000000001 1.40664722637674 1.744119270763 2.3795106243414 -0.032032 0.32992 -0.57792
-0.552 -0.492 0.528 1.996 1.924 -1.016 1.136 1.972 1.956 -2.024 1.892 -1.068 -0.02 2.12 1.928 0.571583957387937 1.78644352058422 1.32787582265496 0.951968 -1.14608 -0.02592
0.448 -0.492 -0.472 1.996 -0.0760000000000001 -0.016 -0.864 -0.028 -2.044 -2.024 -0.108 -2.068 -2.02 -0.88 -2.072 0.58514811321904 0.766279152969883 1.03012402336127 0.911968 0.32992 -0.94192
-0.552 0.508 0.528 0.996 -2.076 -0.016 -1.864 -2.028 -2.044 -0.024 -0.108 -2.068 -0.02 0.12 1.928 -0.661743983131406 0.280638400408747 -0.995638242641613 0.951968 -0.04208 -0.02592
0.448 0.508 0.528 1.996 0.924 1.984 -1.864 -2.028 1.956 -1.024 0.892 0.932 1.98 0.12 -0.0720000000000001 0.265494356926488 1.02430217150107 0.647894601273434 -0.104032 -0.04208 0.85008
0.448 0.508 -0.472 1.996 -0.0760000000000001 -2.016 -0.864 -2.028 -0.044 1.976 -2.108 1.932 0.98 2.12 -0.0720000000000001 0.749465823403626 1.8520902225226 2.17780096193803 -0.032032 0.97392 0.40208
-0.552 -0.492 -0.472 -2.004 1.924 -0.016 -1.864 1.972 -0.044 1.976 -0.108 -1.068 -2.02 -0.88 -1.072 0.483649907445625 0.3848000993178 0.732098728974508 0.439968 0.32992 1.07808
-0.552 0.508 0.528 -2.004 -2.076 -2.016 -1.864 -2.028 -2.044 0.976 1.892 -1.068 -2.02 1.12 0.928 0.779099137464994 1.23536277291607 2.01918315992854 0.423968 0.46592 1.07808
0.448 0.508 0.528 -0.004 0.924 1.984 -0.864 0.972 1.956 -0.024 -0.108 -2.068 0.98 2.12 1.928 0.693863340767709 1.47008401993682 2.73598155712324 0.951968 0.97392 0.40208
-0.552 0.508 -0.472 -2.004 1.924 -0.016 0.136 -1.028 0.956 1.976 -0.108 1.932 1.98 2.12 0.928 1.51164533281167 1.18447219867309 1.33820675964887 -0.504032 0.97392 -1.12992
0.448 -0.492 0.528 1.996 1.924 1.984 0.136 -2.028 -2.044 0.976 -1.108 -0.0680000000000001 -2.02 -1.88 -1.072 0.309371093225196 -0.212273395266931 -0.451830439195971 -0.632032 0.82192 -0.94192
0.448 0.508 0.528 -2.004 -2.076 1.984 1.136 1.972 -2.044 -1.024 1.892 -1.068 -0.02 0.12 -0.0720000000000001 0.79460640268481 0.411146602380175 0.859031487200108 -0.104032 -0.04208 -0.04592
-0.552 -0.492 0.528 -2.004 -0.0760000000000001 0.984 -0.864 0.972 1.956 0.976 -0.108 1.932 -0.02 2.12 -0.0720000000000001 0.383458413727534 0.882431593532803 1.56588035912204 -0.104032 -1.14608 -0.02592
0.448 0.508 0.528 1.996 0.924 -1.016 0.136 0.972 -0.044 -2.024 -1.108 0.932 -1.02 2.12 -0.0720000000000001 0.297177025395826 1.44627965318098 2.36617672296711 -0.104032 0.97392 -0.49392
-0.552 0.508 -0.472 -2.004 1.924 -1.016 0.136 0.972 1.956 -2.024 1.892 -0.0680000000000001 -2.02 1.12 -2.072 0.654502857327262 1.41243826487795 1.01474797417968 0.911968 0.46592 1.07808
0.448 0.508 0.528 1.996 1.924 -2.016 2.136 -2.028 -1.044 -1.024 -2.108 -2.068 -0.02 -1.88 -2.072 0.181086328844386 -0.0984693778528583 0.030860136060454 -1.160032 -1.05808 -0.04592
0.448 -0.492 -0.472 -2.004 -2.076 -1.016 1.136 -2.028 1.956 0.976 1.892 0.932 1.98 1.12 1.928 0.261147484181064 0.83223879986503 1.69501121048103 -0.976032 -0.65408 0.85008
0.448 0.508 0.528 -2.004 -0.0760000000000001 -2.016 1.136 1.972 -1.044 0.976 -1.108 1.932 0.98 1.12 1.928 1.38814498085683 3.35229459358674 3.85127426029056 0.951968 0.46592 0.40208
0.448 -0.492 0.528 0.996 -0.0760000000000001 -2.016 0.136 -1.028 -2.044 -2.024 -2.108 -2.068 1.98 -1.88 -2.072 0.784955903698744 0.703193109980247 0.729295464424729 -1.160032 0.82192 0.85008
-0.552 -0.492 -0.472 -0.004 -1.076 -2.016 -1.864 1.972 -2.044 0.976 0.892 0.932 -1.02 -1.88 -1.072 -0.0529015713395225 -0.454590460248678 0.152346061880563 0.439968 0.82192 0.52608
0.448 0.508 0.528 1.996 -2.076 -0.016 -1.864 1.972 0.956 -0.024 1.892 -1.068 1.98 -0.88 -0.0720000000000001 1.78243232997356 2.2256845391569 2.30134653704814 -0.104032 -0.55008 0.85008
0.448 -0.492 -0.472 1.996 0.924 -0.016 2.136 1.972 -0.044 -1.024 -1.108 -0.0680000000000001 0.98 1.12 -0.0720000000000001 0.849446301834857 0.574164227246696 0.355671959819397 -0.032032 -0.65408 0.40208
0.448 -0.492 -0.472 1.996 -2.076 -2.016 -1.864 1.972 1.956 -1.024 1.892 1.932 -0.02 1.12 -1.072 0.477389382397135 0.935946959120058 0.360795859023406 0.439968 -0.65408 -0.04592
0.448 -0.492 0.528 -2.004 -2.076 -0.016 0.136 -1.028 1.956 -0.024 -1.108 -1.068 0.98 1.12 -2.072 0.688142390919685 -0.4359443383484 0.563922795750867 -1.160032 -0.65408 0.40208
-0.552 0.508 0.528 1.996 -2.076 -0.016 -1.864 -2.028 -2.044 1.976 -0.108 -1.068 -2.02 -1.88 0.928 0.990942052011901 1.29994248430075 2.3414622745585 0.423968 -1.05808 1.07808
-0.552 0.508 -0.472 1.996 1.924 0.984 -1.864 -1.028 -0.044 -1.024 1.892 1.932 1.98 -0.88 1.928 0.918847146241011 1.95534550177849 1.45244492179175 -0.976032 -0.55008 -1.12992
