0.48 0.5 -0.48 1.84 -0.97 0.11 -1.95 1.08 2.36 0.1 1.86 -2.17 1.97 -2.05 -0.99 0.295885622584479 0.360020733540767 -0.935433281024854 0.4904 -1.12 0.8812
-0.52 -0.5 -0.48 -1.16 -1.97 2.11 -1.95 -1.92 -1.64 2.1 0.86 -1.17 -2.03 -1.05 1.01 0.860574565438087 0.919534621726872 0.548556636546543 -0.4696 0.43 0.9912
-0.52 -0.5 -0.48 0.84 -1.97 -1.89 1.05 -1.92 -1.64 -1.9 -2.14 -1.17 -2.03 -2.05 -1.99 -0.463572047644938 0.503423701652444 -2.58671977922733 0.9704 0.93 0.9912
0.48 0.5 0.52 -2.16 -0.97 2.11 -1.95 -0.92 -0.64 1.1 1.86 -1.17 -2.03 1.95 2.01 -0.155764076565336 1.84906972791206 1.44716521734568 1.0604 0.88 -1.0388
0.48 0.5 0.52 -2.16 1.03 0.11 -1.95 -1.92 1.36 -1.9 1.86 -0.17 -0.0299999999999998 0.95 1.01 1.32530387306491 3.25025258280042 1.82330427038775 0.5404 0.38 -0.0788
0.48 0.5 0.52 0.84 -1.97 2.11 1.05 2.08 -0.64 1.1 -2.14 1.83 1.97 1.95 1.01 0.260946865428186 1.45799922958729 1.37077174425655 0.5404 0.88 0.8812
-0.52 -0.5 0.52 -2.16 -1.97 1.11 -1.95 -1.92 -1.64 2.1 -1.14 -2.17 -2.03 -2.05 -1.99 0.725635005976216 2.16083143448061 0.0198351371439748 -1.0196 0.93 0.9912
0.48 -0.5 -0.48 -1.16 -1.97 0.11 -1.95 -1.92 -0.64 0.1 -2.14 -2.17 -2.03 -2.05 -0.99 0.995284815368127 0.0214629385364641 -0.886803767312968 0.4904 0.93 -1.0388
0.48 0.5 0.52 -1.16 1.03 1.11 2.05 0.0800000000000001 -1.64 0.1 -1.14 -1.17 0.97 0.95 2.01 -0.927440574904347 -0.150971726618761 -1.52365814485263 1.0604 0.38 0.4012
0.48 -0.5 -0.48 1.84 -1.97 0.11 2.05 1.08 -1.64 -0.9 1.86 -0.17 -2.03 0.95 0.01 0.417989108559819 1.18289066233134 0.706964658821152 0.0104 -0.57 -1.0388
-0.52 -0.5 -0.48 1.84 0.03 2.11 -1.95 2.08 -1.64 0.1 -0.14 -1.17 1.97 -2.05 -0.99 0.80398998007447 -0.616323472676801 -0.186625632387436 0.4904 0.93 -1.0888
-0.52 -0.5 -0.48 -0.16 0.03 -1.89 2.05 2.08 -1.64 1.1 0.86 1.83 1.97 1.95 2.01 -0.342559378122934 0.599351248581777 2.43000781522399 -0.9496 -1.07 -1.0888
-0.52 -0.5 -0.48 -2.16 0.03 1.11 2.05 2.08 2.36 2.1 1.86 1.83 -1.03 1.95 2.01 1.73267249071525 1.2061507643511 2.51306741779298 -0.9496 -1.07 0.4712
0.48 -0.5 -0.48 -2.16 1.03 1.11 -1.95 0.0800000000000001 0.36 1.1 0.86 1.83 1.97 -0.0499999999999998 -1.99 -1.66449808979813 -0.0979181981555988 0.439589594772719 0.9704 -0.07 0.8812
-0.52 0.5 0.52 -2.16 2.03 -1.89 -0.95 1.08 -0.64 1.1 -0.14 -0.17 1.97 1.95 0.01 1.9104573075691 2.54034088181273 2.58952025006798 0.0204 0.88 -1.0888
0.48 -0.5 -0.48 -0.16 2.03 -1.89 -0.95 -1.92 -1.64 -0.9 -2.14 1.83 1.97 1.95 2.01 0.196764879705907 0.169233352877439 -0.327286533816356 -0.9496 -1.07 0.8812
0.48 -0.5 -0.48 1.84 -1.97 2.11 -0.95 -1.92 -1.64 1.1 -0.14 -1.17 -0.0299999999999998 1.95 1.01 -1.09731678119294 0.593239105423783 1.46002713046671 -0.4696 -1.07 -0.0788
-0.52 0.5 0.52 0.84 -0.97 -0.89 -0.95 0.0800000000000001 -1.64 0.1 -0.14 1.83 0.97 -0.0499999999999998 -0.99 0.753815010751998 1.03120201813432 0.892487871044387 -0.4996 -0.12 -0.5688
0.48 0.5 -0.48 -2.16 2.03 2.11 2.05 2.08 2.36 -1.9 -2.14 1.83 1.97 1.95 2.01 1.86295062139294 2.46179188599212 3.18865645933307 -0.9496 0.88 0.8812
-0.52 0.5 0.52 0.84 2.03 2.11 2.05 2.08 2.36 2.1 1.86 -0.17 1.97 -0.0499999999999998 1.01 2.64537693595561 2.00985318460908 2.78272232229905 0.5404 -0.12 -1.0888
-0.52 -0.5 -0.48 -1.16 0.03 -1.89 -1.95 -0.92 0.36 0.1 -2.14 -2.17 -2.03 -2.05 -1.99 1.28005622715861 1.92017197812955 0.0751130485185354 0.9704 0.93 0.9912
-0.52 -0.5 -0.48 -2.16 2.03 0.11 2.05 1.08 0.36 -1.9 0.86 -2.17 -2.03 -0.0499999999999998 -1.99 0.193137865080284 -0.470118282462154 1.5000484756237 0.9704 -0.07 0.9912
0.48 0.5 0.52 0.84 -1.97 -1.89 2.05 -1.92 -1.64 -0.9 1.86 -2.17 -1.03 -2.05 -1.99 1.64964722201197 -0.0935613725000795 0.839795259237583 -1.0196 -1.12 -0.5588
-0.52 0.5 -0.48 1.84 -1.97 2.11 2.05 1.08 -1.64 0.1 1.86 1.83 1.97 1.95 2.01 1.25063884803074 -0.855717312148796 1.07918246408383 -0.9496 0.88 -1.0888
-0.52 0.5 -0.48 -0.16 2.03 0.11 2.05 -0.92 -1.64 -0.9 0.86 0.83 0.97 -1.05 0.01 -0.706557463645618 0.631148839350041 1.51608471642202 0.0104 -0.62 -0.5688
0.48 -0.5 0.52 1.84 -1.97 2.11 0.05 0.0800000000000001 2.36 2.1 1.86 1.83 1.97 0.95 1.01 0.822687267694238 0.174510966683919 1.21659191107072 0.5404 -0.57 0.8812
0.48 -0.5 0.52 -1.16 1.03 -0.89 -1.95 0.0800000000000001 0.36 1.1 1.86 -2.17 0.97 1.95 0.01 0.253847062837916 2.80246625659774 -0.194572619784831 0.0204 -1.07 0.4012
0.48 -0.5 0.52 1.84 0.03 2.11 -0.95 -0.92 2.36 0.1 1.86 1.83 -1.03 1.95 0.01 -0.538670333679952 -1.14226129794596 -0.157759434199858 0.0204 -1.07 -0.5588
0.48 -0.5 -0.48 1.84 0.03 2.11 2.05 2.08 0.36 -0.9 -0.14 -2.17 1.97 -0.0499999999999998 0.01 -0.205891993130414 0.242661940432016 0.0109195023218778 0.0104 -0.07 0.8812
0.48 0.5 0.52 -2.16 -1.97 -0.89 2.05 -1.92 -1.64 2.1 1.86 1.83 1.97 1.95 1.01 1.98751676343188 1.01739626302525 1.18878058040622 0.5404 0.88 0.8812
-0.52 -0.5 -0.48 -2.16 0.03 -1.89 0.05 2.08 2.36 -0.9 1.86 -2.17 1.97 -2.05 -1.99 0.650251547302293 -2.04252799014771 -1.07487053568194 0.9704 0.93 -1.0888
0.48 0.5 -0.48 1.84 0.03 1.11 -1.95 1.08 -0.64 2.1 -2.14 0.83 -2.03 1.95 2.01 0.876242500169761 0.336916147717218 0.809748169672538 -0.9496 0.88 -1.0388
-0.52 -0.5 -0.48 1.84 -1.97 2.11 2.05 1.08 -1.64 2.1 1.86 0.83 -0.0299999999999998 1.95 0.01 -0.395664996180897 -1.18923258334328 -1.55380309386255 0.0104 -1.07 -0.0488
-0.52 -0.5 -0.48 0.84 0.03 1.11 -0.95 1.08 -1.64 2.1 -0.14 -0.17 1.97 0.95 -0.99 -0.495224631168558 -0.803337002295748 1.21715243300682 0.4904 -0.57 -1.0888
-0.52 -0.5 -0.48 -2.16 -1.97 -1.89 1.05 2.08 -1.64 1.1 0.86 -2.17 -1.03 -1.05 0.01 1.19306597777127 -0.877812475668061 1.0635536711368 0.0104 0.43 0.4712
-0.52 -0.5 -0.48 -2.16 2.03 2.11 0.05 -0.92 0.36 1.1 0.86 -1.17 -0.0299999999999998 -2.05 0.01 -0.148454695329302 0.669431954721265 1.18091176919939 0.0104 0.93 -0.0488
-0.52 0.5 0.52 1.84 -1.97 0.11 -1.95 -1.92 -0.64 1.1 -0.14 -1.17 -2.03 -2.05 -0.99 -0.625550935614731 0.512313564185951 0.738427894303777 -0.4996 -1.12 0.9912
-0.52 0.5 0.52 1.84 2.03 -0.89 0.05 2.08 2.36 2.1 -0.14 1.83 -0.0299999999999998 1.95 2.01 0.246218098833754 1.35298738388498 3.49443853694455 1.0604 0.88 -0.0488
-0.52 -0.5 -0.48 -0.16 2.03 -1.89 -1.95 2.08 -1.64 -1.9 0.86 0.83 -1.03 -0.0499999999999998 1.01 -0.667185583005603 -1.00916560749921 -1.42783907370092 -0.4696 -0.07 0.4712
-0.52 0.5 -0.48 -0.16 -0.97 2.11 -1.95 -0.92 1.36 2.1 -1.14 1.83 -1.03 0.95 -0.99 0.393979063705935 1.06353815182776 -0.141124909464028 0.4904 0.38 0.4712
0.48 0.5 -0.48 1.84 0.03 2.11 2.05 0.0800000000000001 2.36 -0.9 1.86 -1.17 0.97 -1.05 -0.99 1.57554604649639 1.18102816764791 3.29422773499049 0.4904 -0.62 0.4012
-0.52 0.5 -0.48 -0.16 2.03 -1.89 2.05 -0.92 -1.64 2.1 -0.14 0.83 -0.0299999999999998 -1.05 0.01 -0.325937078481366 0.363064449545819 0.320735366475419 0.0104 -0.62 -0.0488
-0.52 0.5 -0.48 -2.16 -0.97 -1.89 1.05 1.08 -0.64 -1.9 -1.14 -2.17 -2.03 -2.05 1.01 -0.287526181442571 0.792140768162448 0.637500153759456 -0.4696 -1.12 0.9912
-0.52 0.5 0.52 -2.16 1.03 2.11 1.05 -1.92 -0.64 -0.9 -2.14 0.83 -0.0299999999999998 1.95 -1.99 0.207513359870554 1.57358488804107 1.01920873948601 -1.0196 0.88 -0.0488
0.48 0.5 0.52 -2.16 2.03 -1.89 2.05 2.08 -1.64 1.1 -2.14 1.83 -0.0299999999999998 1.95 0.01 0.281746046292229 1.65364642968228 2.75765816354823 0.0204 0.88 -0.0788
-0.52 -0.5 -0.48 1.84 -1.97 -0.89 0.05 -1.92 -1.64 1.1 -1.14 -2.17 -0.0299999999999998 -2.05 0.01 -0.592318517057594 0.219642803884796 -0.0409402253200013 0.0104 0.93 -0.0488
-0.52 0.5 0.52 -2.16 2.03 1.11 -0.95 -0.92 2.36 -0.9 -2.14 -1.17 -0.0299999999999998 -0.0499999999999998 1.01 -0.16703363270995 -1.10922168349836 -0.841908723478303 0.5404 -0.12 -0.0488
0.48 -0.5 0.52 1.84 2.03 -1.89 0.05 -1.92 -1.64 -0.9 -1.14 1.83 -2.03 -0.0499999999999998 -1.99 0.268974678103988 0.741512784519841 1.31060901587845 -1.0196 -0.07 -1.0388
-0.52 -0.5 -0.48 -2.16 -1.97 -1.89 -0.95 1.08 -1.64 -1.9 1.86 -0.17 -1.03 -0.0499999999999998 -0.99 0.0623608212526512 1.9354732188164 0.500644734502621 0.4904 -0.07 0.4712
0.48 0.5 0.52 1.84 -1.97 2.11 1.05 1.08 2.36 -1.9 1.86 0.83 0.97 -0.0499999999999998 1.01 2.26329275800269 0.505589834145738 2.74252623009459 0.5404 -0.12 0.4012
-0.52 0.5 -0.48 -1.16 -1.97 -1.89 -0.95 0.0800000000000001 -0.64 -1.9 -2.14 0.83 -2.03 -2.05 1.01 0.238928386159453 0.237755098756269 1.2868969738055 -0.4696 -1.12 0.9912
-0.52 0.5 -0.48 1.84 0.03 -0.89 -1.95 2.08 0.36 -1.9 -2.14 1.83 0.97 -1.05 -0.99 1.13621058668027 1.29230382890619 1.3077420439044 0.4904 -0.62 -0.5688
0.48 0.5 0.52 0.84 2.03 -1.89 0.05 0.0800000000000001 1.36 1.1 -1.14 0.83 0.97 0.95 0.01 1.48796783628318 -0.18155056820452 2.27437498277615 0.0204 0.38 0.4012
0.48 -0.5 0.52 0.84 2.03 0.11 -0.95 -1.92 0.36 -1.9 -1.14 -0.17 -0.0299999999999998 -1.05 0.01 1.36357656539608 1.30635026467989 0.640019760800858 0.0204 0.43 -0.0788
0.48 0.5 0.52 -0.16 2.03 2.11 1.05 2.08 1.36 0.1 -1.14 0.83 -0.0299999999999998 1.95 2.01 0.379141065433445 0.596155899587353 2.04347788789563 1.0604 0.88 -0.0788
-0.52 -0.5 -0.48 1.84 -0.97 -0.89 2.05 2.08 0.36 -0.9 -1.14 -1.17 -0.0299999999999998 -0.0499999999999998 -0.99 -1.28452616606266 -0.174372743720151 0.900797144348948 0.4904 -0.07 -0.0488
0.48 0.5 0.52 -0.16 -1.97 -0.89 2.05 -1.92 2.36 -1.9 -2.14 -1.17 -0.0299999999999998 -2.05 -1.99 1.72645011317976 1.85822109394727 3.76123927788327 -1.0196 -1.12 -0.0788
0.48 0.5 -0.48 1.84 1.03 -1.89 -0.95 -1.92 0.36 -1.9 -1.14 0.83 -1.03 1.95 -1.99 1.50185708367075 -0.557969469450403 2.03191920763138 0.9704 0.88 -0.5588
-0.52 -0.5 -0.48 -2.16 0.03 0.11 0.05 2.08 0.36 -0.9 1.86 1.83 -2.03 1.95 2.01 1.15703624335031 0.141355402739015 2.42582591243781 -0.9496 -1.07 0.9912
0.48 0.5 0.52 -0.16 -1.97 2.11 -1.95 -1.92 -1.64 2.1 -2.14 1.83 -0.0299999999999998 -1.05 0.01 1.44943145359981 0.207894297568173 0.9141839849591 0.0204 -0.62 -0.0788
0.48 -0.5 0.52 1.84 1.03 -1.89 -0.95 -1.92 -1.64 1.1 1.86 0.83 0.97 0.95 0.01 1.22492822281555 -0.159602516142788 0.324359570984184 0.0204 -0.57 0.4012
0.48 0.5 0.52 -0.16 -0.97 -0.89 1.05 -1.92 -1.64 -1.9 -0.14 0.83 0.97 -2.05 -0.99 2.235698058395 1.91018458580497 2.78937187648421 -0.4996 -1.12 0.4012
-0.52 -0.5 0.52 -0.16 1.03 2.11 2.05 2.08 0.36 2.1 1.86 1.83 1.97 1.95 -0.99 1.71570765042065 2.29198413446035 1.80975973878556 -0.4996 -1.07 -1.0888
0.48 -0.5 0.52 -0.16 -1.97 0.11 2.05 -0.92 -1.64 -1.9 -2.14 -1.17 0.97 -0.0499999999999998 -1.99 0.286127281658678 2.38139523855367 1.0271920714957 -1.0196 -0.07 0.4012
-0.52 -0.5 0.52 1.84 2.03 1.11 -1.95 -0.92 0.36 0.1 -2.14 -2.17 -0.0299999999999998 -0.0499999999999998 1.01 0.417297837624471 2.64117417056038 3.8961096401121 0.5404 -0.07 -0.0488
0.48 -0.5 -0.48 0.84 0.03 -0.89 2.05 2.08 2.36 -1.9 -2.14 1.83 1.97 -2.05 -0.99 0.348366635515778 1.10520187650598 0.884846856421404 0.4904 0.93 0.8812
-0.52 0.5 0.52 -2.16 -1.97 -1.89 -1.95 -1.92 -1.64 1.1 -1.14 -0.17 -1.03 -1.05 -1.99 0.546790346105648 1.67614454102353 2.05859569637978 -1.0196 -0.62 0.4712
-0.52 -0.5 -0.48 -0.16 0.03 1.11 -1.95 -0.92 1.36 -0.9 0.86 -0.17 -0.0299999999999998 -2.05 0.01 1.49376826068163 1.26562460129649 1.2671711341154 0.0104 0.93 -0.0488
0.48 -0.5 -0.48 -1.16 1.03 -1.89 1.05 -0.92 1.36 -0.9 -0.14 0.83 -2.03 -1.05 0.01 0.707495096932842 0.0104858650446836 0.0245361541076843 0.0104 0.43 -1.0388
0.48 0.5 0.52 -2.16 -1.97 0.11 0.05 2.08 2.36 -0.9 -0.14 1.83 -0.0299999999999998 0.95 2.01 2.34312673727316 2.31909180758992 2.69061413309797 1.0604 0.38 -0.0788
-0.52 -0.5 -0.48 0.84 2.03 2.11 1.05 -1.92 2.36 -1.9 1.86 1.83 -1.03 1.95 0.01 1.0548455017256 1.85831112877359 2.66275851411996 0.0104 -1.07 0.4712
0.48 -0.5 0.52 0.84 2.03 -1.89 1.05 -1.92 -1.64 0.1 -0.14 -1.17 -2.03 -1.05 0.01 -0.274352913699504 0.368681540266177 0.244439366741158 0.0204 0.43 -1.0388
-0.52 -0.5 0.52 -1.16 2.03 -0.89 0.05 -1.92 -0.64 -1.9 0.86 -2.17 -2.03 -2.05 0.01 0.110511024253633 0.0316903005211792 1.07663298274139 0.0204 0.93 0.9912
-0.52 -0.5 -0.48 1.84 2.03 2.11 -0.95 0.0800000000000001 2.36 2.1 -0.14 0.83 1.97 1.95 2.01 2.24813229953926 2.37343915255014 2.51142926119637 -0.9496 -1.07 -1.0888
-0.52 0.5 -0.48 1.84 1.03 -1.89 -0.95 2.08 -1.64 1.1 1.86 -2.17 0.97 -2.05 -0.99 0.536206378343679 0.57398774531279 1.63659098684457 0.4904 -1.12 -0.5688
-0.52 0.5 0.52 -2.16 2.03 -1.89 2.05 0.0800000000000001 -1.64 -1.9 1.86 1.83 0.97 -0.0499999999999998 1.01 -0.255109607691887 0.690918615405526 -0.749225001709059 0.5404 -0.12 -0.5688
0.48 -0.5 -0.48 0.84 0.03 2.11 1.05 2.08 2.36 2.1 1.86 -2.17 1.97 1.95 2.01 0.00120804713375984 -0.0836844894568916 0.567995798679286 -0.9496 -1.07 0.8812
0.48 -0.5 -0.48 0.84 2.03 2.11 2.05 -1.92 0.36 2.1 1.86 0.83 -0.0299999999999998 1.95 0.01 1.02341971027647 0.505849767095928 0.157519251532766 0.0104 -1.07 -0.0788
0.48 -0.5 0.52 1.84 1.03 -1.89 -0.95 -1.92 1.36 -0.9 -0.14 -2.17 -2.03 -2.05 -1.99 -0.714469239639067 1.05507040049343 -0.233685413802576 -1.0196 0.93 -1.0388
0.48 0.5 0.52 -1.16 -1.97 0.11 -0.95 2.08 2.36 0.1 1.86 -1.17 -2.03 -0.0499999999999998 2.01 0.967828283478984 0.462781944806028 1.20483749165074 1.0604 -0.12 -1.0388
-0.52 -0.5 -0.48 -1.16 -1.97 -1.89 0.05 0.0800000000000001 0.36 0.1 -2.14 0.83 -0.0299999999999998 -1.05 -1.99 0.845122002416836 2.94982741449587 2.58711124680739 0.9704 0.43 -0.0488
-0.52 0.5 0.52 -1.16 0.03 -0.89 -0.95 2.08 2.36 2.1 1.86 0.83 -1.03 0.95 2.01 1.46964808510647 1.96333796277153 2.87122649645642 1.0604 0.38 0.4712
0.48 0.5 -0.48 1.84 2.03 1.11 1.05 -1.92 2.36 -1.9 1.86 0.83 0.97 1.95 2.01 0.811708377018579 1.23540950034337 0.93234314696945 -0.9496 0.88 0.4012
0.48 0.5 0.52 1.84 0.03 2.11 -0.95 -1.92 2.36 0.1 -1.14 1.83 -0.0299999999999998 0.95 -0.99 0.523208580950984 0.618267974625673 0.442572846289836 -0.4996 0.38 -0.0788
0.48 0.5 0.52 -0.16 0.03 2.11 -1.95 2.08 0.36 -1.9 -2.14 -0.17 -2.03 -2.05 -1.99 1.13980232693738 1.47606357026681 0.65650332799717 -1.0196 -1.12 -1.0388
0.48 0.5 0.52 -0.16 2.03 -1.89 -1.95 -0.92 -1.64 -1.9 -2.14 0.83 -2.03 -2.05 -1.99 -0.519542234224005 0.227911215563335 -0.253944703047261 -1.0196 -1.12 -1.0388
-0.52 0.5 0.52 -1.16 -1.97 0.11 0.05 2.08 -1.64 -0.9 -2.14 1.83 -2.03 0.95 0.01 -0.402542388331142 0.626292586348542 0.713310786542431 0.0204 0.38 0.9912
0.48 -0.5 0.52 -2.16 -1.97 -1.89 -0.95 -1.92 -1.64 0.1 1.86 -1.17 0.97 -2.05 -1.99 0.389659998392271 0.789881663988824 0.760951307326907 -1.0196 0.93 0.4012
0.48 0.5 0.52 1.84 -1.97 -1.89 2.05 1.08 -1.64 1.1 -1.14 -0.17 -2.03 -2.05 1.01 1.75798575206599 2.65116140381237 2.04876802378561 0.5404 -1.12 -1.0388
-0.52 -0.5 -0.48 1.84 -1.97 -1.89 2.05 2.08 0.36 1.1 -1.14 -1.17 -0.0299999999999998 -1.05 -0.99 0.305157352871346 0.871757790216677 1.52249122763692 0.4904 0.43 -0.0488
0.48 0.5 -0.48 -2.16 -1.97 1.11 -0.95 -0.92 2.36 2.1 1.86 -0.17 1.97 1.95 1.01 0.823652516114982 -0.679371902784072 0.842939616500217 -0.4696 0.88 0.8812
0.48 0.5 0.52 0.84 2.03 -1.89 1.05 -0.92 -1.64 0.1 -2.14 -2.17 -0.0299999999999998 1.95 -0.99 2.16196814961088 1.77969798910606 2.70911656928723 -0.4996 0.88 -0.0788
0.48 0.5 -0.48 1.84 1.03 -1.89 -1.95 -0.92 2.36 -0.9 1.86 0.83 1.97 0.95 0.01 0.0193884467324496 0.486190778620687 1.02579932859706 0.0104 0.38 0.8812
-0.52 -0.5 -0.48 -2.16 -1.97 0.11 -0.95 -1.92 -1.64 -1.9 -0.14 -0.17 -0.0299999999999998 -1.05 -0.99 0.981941704369982 1.78757576880427 1.59783462828245 0.4904 0.43 -0.0488
-0.52 -0.5 -0.48 -2.16 2.03 0.11 -0.95 2.08 -1.64 1.1 -0.14 -2.17 1.97 -1.05 -0.99 0.24337255561477 0.870849837876321 1.09827408808021 0.4904 0.43 -1.0888
0.48 0.5 0.52 1.84 -1.97 -1.89 0.05 1.08 -0.64 0.1 1.86 -0.17 1.97 0.95 2.01 0.588446444429885 1.23217766464272 1.18930763408823 1.0604 0.38 0.8812
0.48 0.5 0.52 1.84 0.03 -1.89 0.05 -1.92 0.36 2.1 -0.14 -0.17 -0.0299999999999998 -2.05 1.01 0.686682937429357 1.15884494141037 1.81630189507536 0.5404 -1.12 -0.0788
0.48 0.5 0.52 -0.16 0.03 1.11 -0.95 1.08 0.36 -0.9 -0.14 0.83 0.97 1.95 -0.99 1.60289722106538 0.759483630681011 1.31455708325825 -0.4996 0.88 0.4012
-0.52 -0.5 -0.48 -0.16 0.03 1.11 -1.95 -1.92 -1.64 -1.9 -2.14 0.83 -0.0299999999999998 -1.05 2.01 -0.0672002938719196 0.720666322981868 0.186629569399916 -0.9496 0.43 -0.0488
0.48 -0.5 -0.48 1.84 2.03 2.11 0.05 2.08 0.36 -1.9 0.86 -1.17 -2.03 -1.05 1.01 -1.05463090902035 -0.449286224698977 -0.82831816448941 -0.4696 0.43 -1.0388
