0.5 -0.44 0.49 -2.37 -1.95 2.16 0.35 2.02 -2.2 -2.06 0.0800000000000001 -0.71 -0.27 -2.02 -2.09 1.53570398623905 0.631455023071889 0.969522935131957 -1.1782 0.8176 -0.12
-0.5 -0.44 -0.51 0.63 -1.95 -1.84 -1.65 -1.98 -2.2 0.94 -0.92 -1.71 -2.27 -1.02 -2.09 0.255566237876677 1.1936086065083 0.026325808415458 0.9118 0.3776 1.15
-0.5 0.56 0.49 1.63 -0.95 2.16 -1.65 1.02 -0.2 -1.06 -0.92 1.29 1.73 -0.02 1.91 0.885523064205818 1.1917439480134 0.458541263375958 0.7818 -0.0824 -0.85
-0.5 -0.44 -0.51 1.63 0.05 0.16 0.35 2.02 1.8 -0.0600000000000001 -1.92 -1.71 1.73 -1.02 -2.09 -0.679611235036822 -0.862815995165926 -1.50837920728158 0.9118 0.3776 -0.85
0.5 0.56 0.49 1.63 -1.95 0.16 -0.65 1.02 -0.2 1.94 2.08 0.29 0.73 -0.02 1.91 0.463489841361583 1.60434006135926 1.45744490929196 0.7818 -0.0824 0.38
0.5 0.56 0.49 -2.37 2.05 0.16 -1.65 2.02 -2.2 0.94 -1.92 0.29 -1.27 0.98 0.91 2.06604919194834 2.21817225135429 0.876923247977578 0.2918 0.4776 -0.62
-0.5 -0.44 -0.51 1.63 -1.95 -1.84 -1.65 -0.98 0.8 -2.06 2.08 -0.71 0.73 0.98 1.91 -1.2438899355784 -2.44211805257824 -0.215491101004872 -1.1282 -0.5024 -0.35
0.5 -0.44 -0.51 1.63 -0.95 -0.84 -1.65 2.02 -2.2 -2.06 1.08 -1.71 -1.27 -0.02 -0.0899999999999999 1.6008682087947 0.697185398647095 0.799896205906747 -0.1082 -0.0624 -0.62
0.5 -0.44 -0.51 -1.37 0.05 2.16 2.35 -1.98 1.8 -2.06 -1.92 2.29 1.73 1.98 0.91 1.32741883088204 1.89972308784779 1.63647095596397 -0.6182 -0.9424 0.88
0.5 0.56 0.49 -1.37 -1.95 2.16 2.35 2.02 1.8 -2.06 0.0800000000000001 -1.71 -2.27 -1.02 -1.09 -0.170359149224145 0.250338135332727 1.15232288310977 -0.6882 -0.6424 -1.12
-0.5 0.56 0.49 -2.37 -1.95 2.16 -1.65 -1.98 0.8 0.94 0.0800000000000001 1.29 -1.27 1.98 1.91 0.744654812197643 1.15325960870935 1.0476225493295 0.7818 1.0376 0.65
-0.5 -0.44 0.49 -2.37 -1.95 1.16 -1.65 -0.98 -2.2 1.94 0.0800000000000001 0.29 -0.27 -1.02 -0.0899999999999999 -1.97719112633085 -0.982447491844698 -1.33905674875743 -0.1982 0.3776 0.15
0.5 -0.44 0.49 1.63 -1.95 -1.84 -1.65 -1.98 -1.2 1.94 -1.92 0.29 -0.27 1.98 0.91 0.679840117339224 3.34936955309665 0.140127510483028 0.2918 -0.9424 -0.12
-0.5 0.56 0.49 -2.37 1.05 0.16 -0.65 0.02 1.8 1.94 -1.92 0.29 -0.27 -0.02 -1.09 1.70992970031056 0.898720522893163 0.926537770146861 -0.6882 -0.0824 0.15
0.5 -0.44 -0.51 -2.37 2.05 1.16 2.35 -1.98 1.8 0.94 -1.92 -1.71 0.73 -2.02 0.91 1.08256049943457 0.182863773883682 1.87082525712204 -0.6182 0.8176 0.38
-0.5 -0.44 -0.51 1.63 2.05 2.16 -1.65 2.02 1.8 0.94 1.08 2.29 1.73 1.98 -2.09 -1.84481041430199 0.803994511841986 -2.32561840636375 0.9118 -0.9424 -0.85
-0.5 -0.44 -0.51 -2.37 -1.95 2.16 0.35 2.02 1.8 -2.06 -1.92 -1.71 -2.27 0.98 -2.09 0.270222048532301 -1.51457401829993 -0.829285694348615 0.9118 -0.5024 1.15
-0.5 0.56 0.49 1.63 2.05 -1.84 2.35 2.02 -0.2 1.94 0.0800000000000001 -0.71 -0.27 1.98 -1.09 1.8939351145286 1.57798311810926 1.08179643795697 -0.6882 1.0376 0.15
0.5 0.56 -0.51 -2.37 0.05 -1.84 -1.65 -1.98 0.8 -1.06 1.08 -1.71 -1.27 -1.02 -1.09 0.79681713977186 1.21713985649878 2.00419661384128 0.4018 -0.6424 -0.62
-0.5 0.56 -0.51 0.63 -1.95 2.16 2.35 -1.98 -2.2 1.94 0.0800000000000001 2.29 -2.27 1.98 -1.09 0.835293699624893 -1.76631955082773 0.325412630140724 0.4018 1.0376 1.15
0.5 -0.44 -0.51 -0.37 2.05 0.16 2.35 -1.98 -0.2 -2.06 -0.92 -1.71 1.73 -1.02 -2.09 -0.652106327171287 -0.0889907974416009 1.40776050808872 0.9118 0.3776 0.88
-0.5 0.56 0.49 1.63 2.05 -1.84 1.35 -1.98 -1.2 -0.0600000000000001 -0.92 -1.71 -1.27 -2.02 -1.09 1.88053959253648 -0.03817239813375 0.042245846426968 -0.6882 -1.2024 0.65
0.5 0.56 0.49 1.63 -1.95 2.16 2.35 0.02 1.8 -2.06 2.08 -1.71 1.73 1.98 1.91 -0.0301333326268156 1.90815844337924 2.29876531448437 0.7818 1.0376 0.88
-0.5 -0.44 -0.51 -2.37 1.05 0.16 2.35 2.02 1.8 1.94 2.08 0.29 0.73 1.98 1.91 1.84115222580621 0.74810349282133 2.19414620319943 -1.1282 -0.9424 -0.35
0.5 0.56 0.49 -2.37 -0.95 -1.84 2.35 -0.98 0.8 -1.06 -1.92 1.29 -2.27 -2.02 -1.09 0.630367820073812 -0.610174479331 1.06946533520228 -0.6882 -1.2024 -1.12
0.5 0.56 0.49 -0.37 -1.95 2.16 0.35 2.02 -0.2 1.94 2.08 -0.71 1.73 -0.02 1.91 -0.293114689825314 0.221468213645633 0.235682950301193 0.7818 -0.0824 0.88
-0.5 -0.44 -0.51 0.63 2.05 -1.84 -1.65 -1.98 -0.2 0.94 0.0800000000000001 -1.71 -2.27 -2.02 -2.09 0.499705852818317 0.715465492903786 0.890854315498834 0.9118 0.8176 1.15
-0.5 -0.44 -0.51 0.63 2.05 2.16 0.35 2.02 1.8 0.94 2.08 2.29 1.73 -1.02 -0.0899999999999999 1.22467166188582 1.56223991291307 1.22503855764192 -0.1082 0.3776 -0.85
-0.5 0.56 0.49 -2.37 -0.95 -1.84 -1.65 2.02 -1.2 -2.06 2.08 0.29 -0.27 0.98 -0.0899999999999999 1.31005775563699 0.997572762036092 1.25226923187844 -0.1982 0.4776 0.15
-0.5 -0.44 -0.51 1.63 -1.95 0.16 0.35 1.02 -2.2 -2.06 1.08 1.29 1.73 -1.02 -1.09 -1.19054725202398 1.46838375512483 0.503045356358273 0.4018 0.3776 -0.85
0.5 0.56 0.49 1.63 -1.95 2.16 -1.65 2.02 -2.2 1.94 0.0800000000000001 -0.71 0.73 -2.02 -1.09 -0.57799011628153 -0.33394721920851 -0.62554276838293 -0.6882 -1.2024 0.38
0.5 -0.44 0.49 -2.37 2.05 -0.84 2.35 -1.98 -2.2 1.94 2.08 0.29 -2.27 -2.02 1.91 -0.855377108622484 -0.315918773826249 1.71525840449557 0.7818 0.8176 -1.12
0.5 0.56 0.49 0.63 2.05 -0.84 0.35 2.02 0.8 -1.06 -0.92 0.29 -1.27 1.98 -0.0899999999999999 0.411180750019689 0.591298710037759 1.0194623013533 -0.1982 1.0376 -0.62
-0.5 -0.44 0.49 -0.37 0.05 1.16 -0.65 0.02 1.8 1.94 2.08 -1.71 1.73 1.98 1.91 1.16962461410862 0.171552114269436 0.374092788086088 0.7818 -0.9424 -0.85
0.5 0.56 0.49 -2.37 -0.95 -1.84 2.35 1.02 -1.2 -1.06 -0.92 -0.71 1.73 -1.02 -0.0899999999999999 -0.648785312033776 -0.31961401098518 1.33221577115404 -0.1982 -0.6424 0.88
-0.5 -0.44 -0.51 1.63 -0.95 1.16 2.35 0.02 1.8 1.94 -1.92 2.29 0.73 -0.02 -1.09 0.786480237974643 0.864289826705267 2.26920711038978 0.4018 -0.0624 -0.35
0.5 -0.44 -0.51 -2.37 2.05 -1.84 -1.65 -0.98 1.8 0.94 1.08 2.29 1.73 -0.02 0.91 1.06762284982739 0.812104274861288 -0.569173139007167 -0.6182 -0.0624 0.88
-0.5 -0.44 -0.51 -2.37 2.05 -0.84 -1.65 -1.98 -2.2 1.94 0.0800000000000001 -1.71 -0.27 -2.02 -2.09 -0.625582080107044 -0.0864671736284556 0.315087244245933 0.9118 0.8176 0.15
0.5 0.56 0.49 1.63 0.05 2.16 2.35 -1.98 1.8 1.94 1.08 -0.71 1.73 1.98 1.91 1.41099474452224 1.91168295303199 3.26365862190602 0.7818 1.0376 0.88
-0.5 -0.44 0.49 0.63 -1.95 2.16 2.35 -0.98 -1.2 -0.0600000000000001 -1.92 -0.71 1.73 -2.02 -0.0899999999999999 0.377165904870439 1.99751863724932 0.643110387740463 -0.1982 0.8176 -0.85
0.5 -0.44 -0.51 1.63 2.05 -1.84 2.35 -1.98 1.8 1.94 1.08 2.29 1.73 1.98 1.91 1.41696183211322 0.560568033475412 1.6473889019486 -1.1282 -0.9424 0.88
0.5 -0.44 -0.51 -1.37 2.05 0.16 0.35 0.02 1.8 -2.06 -1.92 0.29 1.73 1.98 -1.09 1.30028676304948 1.06034638523795 3.10464055581758 0.4018 -0.9424 0.88
-0.5 -0.44 -0.51 1.63 0.05 1.16 -0.65 2.02 -1.2 -1.06 -0.92 0.29 -0.27 -2.02 -0.0899999999999999 0.652827560392447 1.19716320595729 1.11555183599974 -0.1082 0.8176 0.15
0.5 -0.44 0.49 1.63 2.05 -0.84 2.35 0.02 0.8 1.94 -0.92 2.29 1.73 -0.02 1.91 -0.318479367264728 -0.394270301685113 1.18672129223615 0.7818 -0.0624 0.88
-0.5 -0.44 -0.51 1.63 -1.95 -1.84 2.35 -0.98 1.8 1.94 -0.92 -1.71 -0.27 -0.02 -1.09 1.44744599007845 1.69139841300379 2.12875112537017 0.4018 -0.0624 0.15
0.5 0.56 0.49 -0.37 -1.95 2.16 -0.65 -0.98 -0.2 -1.06 2.08 0.29 1.73 1.98 -0.0899999999999999 1.88122074072337 2.65074725274731 2.38923981849042 -0.1982 1.0376 0.88
-0.5 0.56 -0.51 1.63 2.05 -1.84 -1.65 2.02 0.8 -1.06 -0.92 -1.71 -2.27 -2.02 0.91 -0.121419736105975 0.943681311982112 -1.45861591128713 -0.6182 -1.2024 1.15
0.5 0.56 0.49 0.63 2.05 -1.84 -1.65 2.02 1.8 -0.0600000000000001 1.08 2.29 -2.27 0.98 -0.0899999999999999 2.32435534627523 1.9993639439621 2.10576000564355 -0.1982 0.4776 -1.12
-0.5 -0.44 -0.51 1.63 2.05 -0.84 -0.65 -1.98 -2.2 0.94 -1.92 -1.71 1.73 -2.02 -2.09 1.59244503347017 0.472940401642806 0.612884994960166 0.9118 0.8176 -0.85
-0.5 0.56 0.49 -2.37 -1.95 -1.84 -1.65 1.02 1.8 -2.06 -0.92 -0.71 -1.27 -1.02 -2.09 1.92583838486979 0.470251523429104 0.154679182663658 -1.1782 -0.6424 0.65
0.5 -0.44 0.49 -0.37 2.05 -1.84 0.35 1.02 1.8 0.94 1.08 -0.71 -2.27 0.98 -1.09 0.774922577606269 0.717409109837598 1.28421411769388 -0.6882 -0.5024 -1.12
-0.5 -0.44 -0.51 1.63 2.05 -1.84 -1.65 -0.98 -0.2 -2.06 2.08 2.29 -2.27 -2.02 -1.09 0.139384618443181 1.45343691506968 1.72192872378203 0.4018 0.8176 1.15
-0.5 -0.44 0.49 1.63 2.05 0.16 0.35 -0.98 1.8 1.94 2.08 2.29 1.73 1.98 1.91 0.206699336457594 1.3331391506018 1.19900454152462 0.7818 -0.9424 -0.85
-0.5 -0.44 -0.51 1.63 2.05 -0.84 2.35 -1.98 -2.2 1.94 2.08 0.29 -1.27 1.98 -0.0899999999999999 0.741699529233172 3.71349415243583 2.57120444902369 -0.1082 -0.9424 0.65
0.5 0.56 0.49 0.63 0.05 0.16 2.35 -1.98 0.8 1.94 0.0800000000000001 0.29 -0.27 -1.02 0.91 1.94666420228601 0.589286664001305 1.79578238273846 0.2918 -0.6424 -0.12
-0.5 -0.44 -0.51 1.63 2.05 2.16 -1.65 0.02 1.8 0.94 0.0800000000000001 1.29 1.73 1.98 1.91 1.7458591186805 -0.745808964398863 2.06922841513959 -1.1282 -0.9424 -0.85
-0.5 -0.44 -0.51 -0.37 -1.95 -1.84 1.35 -1.98 -1.2 -2.06 -1.92 -1.71 -2.27 -0.02 -1.09 0.134122090609449 1.51579747736241 0.0977125505301985 0.4018 -0.0624 1.15
-0.5 0.56 0.49 1.63 -1.95 -1.84 1.35 0.02 -1.2 -2.06 -0.92 -1.71 -2.27 -2.02 -2.09 -0.150109127705727 0.0986379434710322 1.74245380475201 -1.1782 -1.2024 1.15
0.5 0.56 0.49 1.63 -1.95 1.16 -1.65 2.02 -2.2 0.94 1.08 -1.71 -0.27 1.98 -1.09 0.495517685955834 1.42829595284535 0.286685988670634 -0.6882 1.0376 -0.12
0.5 -0.44 -0.51 0.63 -0.95 -1.84 -1.65 -1.98 -2.2 1.94 -1.92 0.29 -2.27 -2.02 -2.09 0.786272714010379 0.095820879024252 0.51313451778559 0.9118 0.8176 -1.12
0.5 -0.44 -0.51 1.63 2.05 -1.84 2.35 2.02 -2.2 -2.06 0.0800000000000001 0.29 1.73 0.98 0.91 -0.209957679806153 1.74262368589254 1.01837993383332 -0.6182 -0.5024 0.88
0.5 0.56 -0.51 1.63 2.05 -0.84 -0.65 -1.98 1.8 1.94 0.0800000000000001 -1.71 -1.27 -2.02 -0.0899999999999999 1.70102057678004 3.09295230036868 3.0156804740689 -0.1082 -1.2024 -0.62
0.5 0.56 -0.51 -1.37 -1.95 2.16 2.35 -1.98 1.8 -0.0600000000000001 2.08 2.29 -2.27 -0.02 0.91 -0.202537094454128 1.04560365996663 2.94214532883901 -0.6182 -0.0824 -1.12
0.5 0.56 0.49 0.63 2.05 2.16 1.35 2.02 -2.2 0.94 1.08 -0.71 0.73 1.98 -0.0899999999999999 1.45384241340416 0.59492229794692 1.1893303068405 -0.1982 1.0376 0.38
-0.5 -0.44 -0.51 1.63 -1.95 2.16 -1.65 0.02 -1.2 -1.06 2.08 -0.71 0.73 -0.02 -0.0899999999999999 -0.967315021494843 -0.252268870701301 -1.36312676717754 -0.1082 -0.0624 -0.35
-0.5 -0.44 0.49 -2.37 -1.95 1.16 2.35 2.02 1.8 -1.06 -0.92 0.29 -1.27 -2.02 -2.09 0.615050701135215 0.561648807670166 1.78011247573225 -1.1782 0.8176 0.65
-0.5 -0.44 -0.51 -2.37 -0.95 0.16 -0.65 -0.98 -2.2 -2.06 -1.92 -0.71 -1.27 -1.02 -2.09 1.02727969136564 0.678078761744341 1.5012491085826 0.9118 0.3776 0.65
-0.5 -0.44 0.49 0.63 -1.95 2.16 0.35 0.02 0.8 1.94 -1.92 -1.71 -0.27 0.98 -0.0899999999999999 0.704226354283712 1.72740415739182 1.59573322662602 -0.1982 -0.5024 0.15
-0.5 0.56 0.49 1.63 2.05 -0.84 -1.65 0.02 1.8 1.94 -1.92 2.29 1.73 1.98 0.91 1.54163201765817 1.43729531498858 2.71437224443532 0.2918 1.0376 -0.85
-0.5 0.56 -0.51 -2.37 -1.95 0.16 -1.65 -1.98 -2.2 -1.06 1.08 -1.71 -2.27 -0.02 -0.0899999999999999 -1.00985597109651 0.236415846930731 0.32299696329198 -0.1082 -0.0824 1.15
0.5 0.56 -0.51 -1.37 2.05 1.16 -1.65 2.02 -1.2 -1.06 0.0800000000000001 0.29 -2.27 1.98 -1.09 0.991616336020015 2.64859554172863 2.16518233438826 0.4018 1.0376 -1.12
-0.5 -0.44 0.49 -2.37 0.05 1.16 -1.65 1.02 -2.2 -1.06 0.0800000000000001 -1.71 0.73 -0.02 0.91 0.37767590219756 1.5440949608384 1.68374712730238 0.2918 -0.0624 -0.35
0.5 -0.44 0.49 1.63 -0.95 -1.84 1.35 0.02 -2.2 -2.06 -1.92 0.29 -0.27 -1.02 -0.0899999999999999 -0.104225448096104 -0.767817359539847 -0.670079412625752 -0.1982 0.3776 -0.12
0.5 -0.44 0.49 1.63 0.05 -1.84 -1.65 -1.98 -1.2 -0.0600000000000001 2.08 0.29 1.73 -1.02 1.91 1.09568471557801 1.15788086267331 1.63118263626887 0.7818 0.3776 0.88
-0.5 0.56 0.49 1.63 2.05 0.16 2.35 1.02 1.8 -0.0600000000000001 -0.92 0.29 1.73 1.98 1.91 2.50942694872818 2.53466791172052 4.07055647743619 0.7818 1.0376 -0.85
0.5 0.56 0.49 1.63 -1.95 -0.84 1.35 2.02 1.8 1.94 -0.92 2.29 1.73 -1.02 1.91 1.42953820817458 1.91109166928887 1.54093861737706 0.7818 -0.6424 0.88
0.5 0.56 -0.51 -2.37 -1.95 -1.84 -0.65 -1.98 -0.2 -1.06 2.08 -1.71 0.73 1.98 1.91 0.0293631810635476 0.102578049747826 0.952514207091469 -1.1282 1.0376 0.38
-0.5 0.56 -0.51 0.63 -0.95 1.16 -1.65 1.02 0.8 1.94 1.08 1.29 1.73 -0.02 0.91 0.90610602886397 0.391822263641577 1.45375659109945 -0.6182 -0.0824 -0.85
0.5 0.56 0.49 1.63 -0.95 -1.84 0.35 -0.98 1.8 1.94 0.0800000000000001 0.29 -1.27 -2.02 1.91 1.09635693706777 1.73835475808533 1.4720590937348 0.7818 -1.2024 -0.62
-0.5 -0.44 -0.51 0.63 0.05 0.16 -1.65 2.02 -2.2 0.94 -0.92 -1.71 0.73 -2.02 1.91 0.506816923432667 0.346671046501407 2.09816306485662 -1.1282 0.8176 -0.35
0.5 -0.44 0.49 -0.37 1.05 1.16 0.35 2.02 -1.2 -0.0600000000000001 -1.92 0.29 0.73 1.98 -1.09 1.22776882041755 2.34295014419411 2.48359808714872 -0.6882 -0.9424 0.38
-0.5 0.56 0.49 -2.37 -1.95 -1.84 0.35 1.02 0.8 1.94 -0.92 -1.71 1.73 -2.02 -0.0899999999999999 0.45166571820715 0.982159564528028 0.743602280393559 -0.1982 -1.2024 -0.85
-0.5 -0.44 -0.51 -1.37 2.05 0.16 -1.65 1.02 1.8 -1.06 1.08 1.29 1.73 1.98 -1.09 0.753187941449889 0.950396210591165 0.293588381069219 0.4018 -0.9424 -0.85
-0.5 -0.44 -0.51 0.63 -1.95 -1.84 0.35 1.02 -2.2 -2.06 -0.92 -0.71 0.73 -0.02 -1.09 1.04696280410689 0.2904374879189 0.537652235031349 0.4018 -0.0624 -0.35
-0.5 -0.44 -0.51 -2.37 1.05 -1.84 -1.65 2.02 0.8 -2.06 -0.92 -0.71 -1.27 -2.02 -2.09 -0.375113091938552 1.24787246955597 -0.0864466799179132 0.9118 0.8176 0.65
-0.5 -0.44 -0.51 1.63 -1.95 2.16 -0.65 2.02 1.8 -0.0600000000000001 1.08 1.29 1.73 0.98 1.91 -0.147327481758948 0.0800978517981553 0.226322112117045 -1.1282 -0.5024 -0.85
-0.5 -0.44 -0.51 -2.37 -1.95 -0.84 -1.65 -1.98 -2.2 1.94 -0.92 0.29 1.73 -0.02 -0.0899999999999999 0.749613345240372 -0.151127986539872 0.602808987312624 -0.1082 -0.0624 -0.85
0.5 -0.44 -0.51 0.63 2.05 1.16 -0.65 0.02 1.8 -2.06 0.0800000000000001 -0.71 -2.27 -2.02 -1.09 1.35491622045915 1.75032047054667 1.6330272072237 0.4018 0.8176 -1.12
0.5 0.56 0.49 0.63 1.05 2.16 -1.65 1.02 -2.2 0.94 -0.92 1.29 -2.27 0.98 0.91 -0.224039583084664 -0.308102938125502 -1.03980938776944 0.2918 0.4776 -1.12
0.5 -0.44 0.49 1.63 -1.95 -1.84 -1.65 1.02 1.8 -2.06 -1.92 2.29 0.73 1.98 1.91 0.230515075521208 0.976937346032916 0.73640713484541 0.7818 -0.9424 0.38
0.5 0.56 0.49 0.63 2.05 2.16 -1.65 -1.98 0.8 -2.06 -0.92 1.29 -0.27 -0.02 1.91 0.984471341834699 1.39807732669204 1.33460381193735 0.7818 -0.0824 -0.12
0.5 0.56 0.49 -0.37 2.05 -0.84 -1.65 -1.98 1.8 0.94 1.08 -1.71 -0.27 -1.02 -0.0899999999999999 1.03480794353005 1.46307422854173 1.76381268515584 -0.1982 -0.6424 -0.12
0.5 0.56 0.49 -0.37 -1.95 -1.84 -1.65 -1.98 -2.2 -2.06 -0.92 0.29 -2.27 -1.02 -1.09 0.868800412689111 1.622578247399 1.92269967704539 -0.6882 -0.6424 -1.12
0.5 0.56 0.49 0.63 1.05 1.16 2.35 0.02 0.8 1.94 2.08 1.29 1.73 1.98 0.91 0.112906183858805 0.322855840638575 0.805289764685724 0.2918 1.0376 0.88
0.5 -0.44 0.49 -2.37 2.05 1.16 0.35 -1.98 0.8 -2.06 2.08 1.29 0.73 0.98 0.91 1.24228077890823 1.6022939846202 2.7085551601102 0.2918 -0.5024 0.38
0.5 -0.44 -0.51 1.63 2.05 2.16 1.35 0.02 -2.2 -0.0600000000000001 1.08 0.29 0.73 1.98 0.91 1.24124438651904 2.25188714617478 2.13430344677777 -0.6182 -0.9424 0.38
0.5 0.56 0.49 -2.37 -1.95 -1.84 -1.65 -0.98 -2.2 -2.06 -1.92 0.29 -1.27 -2.02 -2.09 0.155022273002679 0.707872929999483 1.75684360098281 -1.1782 -1.2024 -0.62
-0.5 -0.44 -0.51 1.63 -1.95 2.16 -0.65 -0.98 0.8 -2.06 0.0800000000000001 -0.71 -2.27 -2.02 -1.09 0.268406359177966 1.5130462397658 1.14004574048488 0.4018 0.8176 1.15
-0.5 -0.44 -0.51 0.63 0.05 -1.84 1.35 1.02 1.8 -2.06 0.0800000000000001 -1.71 0.73 -2.02 0.91 0.120132841906732 0.0640847375855683 -0.189963043693491 -0.6182 0.8176 -0.35
0.5 0.56 -0.51 -2.37 2.05 -1.84 -0.65 0.02 -0.2 0.94 2.08 2.29 1.73 1.98 0.91 0.611826897523843 0.650966091780086 0.353360000278705 -0.6182 1.0376 0.88
