0.51 0.45 -0.49 -0.77 -1.8 -2.01 0.93 1.03 0.77 -0.74 -0.73 0.92 -1.91 1.94 -0.96 0.441854791660528 0.400116749007768 0.99203198950446 0.3408 0.776 -1.0882
-0.49 -0.55 -0.49 -0.77 -0.8 -2.01 -2.07 -0.97 -2.23 -1.74 -1.73 -2.08 -1.91 -2.06 -1.96 0.0120778209834213 -0.798596375704951 1.30379460669035 0.8308 1.036 0.8218
-0.49 -0.55 -0.49 2.23 0.2 -1.01 1.93 2.03 -2.23 -1.74 -1.73 -2.08 -1.91 -0.0600000000000001 -1.96 0.864041876066778 -0.476478081236698 0.0260567846183251 0.8308 -0.064 0.8218
0.51 -0.55 -0.49 1.23 -1.8 0.99 -2.07 0.03 -1.23 -0.74 -1.73 0.92 -1.91 -1.06 0.04 1.11540300159518 1.312947752509 0.976418485656033 -0.1492 0.486 -1.0882
0.51 -0.55 0.51 -1.77 1.2 1.99 -0.0699999999999998 2.03 -1.23 -1.74 -1.73 -1.08 -1.91 -2.06 -1.96 0.7501872233529 0.692764284521253 1.67937339504524 -1.1292 1.036 -1.0882
-0.49 -0.55 -0.49 2.23 -0.8 1.99 1.93 -1.97 0.77 -1.74 2.27 1.92 -1.91 0.94 1.04 -0.703035308344955 0.457812531407181 0.553868222261802 -0.6392 -0.614 0.8218
-0.49 -0.55 -0.49 -1.77 2.2 -2.01 1.93 1.03 1.77 0.26 -1.73 -1.08 -0.91 -1.06 -1.96 1.29118895682519 0.143251278631927 0.221370996594734 0.8308 0.486 0.3318
-0.49 0.45 -0.49 -1.77 0.2 -0.00999999999999979 -1.07 -1.97 -2.23 1.26 0.27 -0.0800000000000001 -1.91 -1.06 -0.96 0.21853955185055 1.08180033502554 0.659054449079251 0.3408 -0.574 0.8218
-0.49 0.45 -0.49 2.23 -1.8 -1.01 1.93 -1.97 1.77 -0.74 2.27 1.92 2.09 1.94 2.04 2.50252620226613 0.874071921024622 0.754163835603793 -1.1292 0.776 -1.1382
0.51 0.45 0.51 -0.77 -1.8 -0.00999999999999979 1.93 2.03 1.77 2.26 2.27 1.92 2.09 1.94 2.04 1.52316519649349 1.13382264702952 0.872666775521931 0.9108 0.776 0.9518
-0.49 -0.55 0.51 0.23 0.2 -1.01 1.93 -1.97 1.77 -0.74 1.27 -0.0800000000000001 2.09 -0.0600000000000001 2.04 1.31335066649776 1.4829274416586 1.47315212697808 0.9108 -0.064 -1.1382
-0.49 -0.55 -0.49 0.23 1.2 1.99 -2.07 2.03 0.77 -1.74 1.27 0.92 1.09 -0.0600000000000001 -1.96 -0.0615801696361533 0.799227419635512 1.39721554081708 0.8308 -0.064 -0.6482
0.51 0.45 0.51 2.23 -0.8 1.99 0.93 1.03 1.77 2.26 2.27 -0.0800000000000001 2.09 -0.0600000000000001 1.04 0.159866600164878 1.38892925810637 -0.422323375340911 0.4008 -0.124 0.9518
-0.49 0.45 -0.49 -1.77 -1.8 -2.01 -1.07 -1.97 -0.23 -0.74 -1.73 -0.0800000000000001 -1.91 -2.06 -1.96 -1.32954867591835 -0.735282523537382 1.40711549899463 0.8308 -1.024 0.8218
-0.49 -0.55 -0.49 2.23 2.2 0.99 -2.07 -1.97 0.77 -1.74 2.27 -1.08 -0.91 -0.0600000000000001 -1.96 -0.676343076619765 -1.56027484236711 0.0450541441082066 0.8308 -0.064 0.3318
-0.49 0.45 -0.49 2.23 2.2 1.99 0.93 -1.97 -2.23 2.26 -1.73 1.92 2.09 0.94 2.04 1.74734062113788 3.67256601982683 2.6071530252787 -1.1292 0.326 -1.1382
-0.49 0.45 0.51 -0.77 -1.8 -2.01 0.93 2.03 -0.23 1.26 0.27 1.92 0.0900000000000001 1.94 1.04 0.0791134196099214 1.42875057299947 3.25305676196569 0.4008 0.776 -0.1582
-0.49 0.45 -0.49 -0.77 1.2 -0.00999999999999979 0.93 2.03 1.77 0.26 -0.73 -1.08 -0.91 1.94 -1.96 1.31235145344534 0.225303076796266 2.41509285154268 0.8308 0.776 0.3318
-0.49 -0.55 -0.49 2.23 -1.8 -2.01 0.93 1.03 -0.23 -1.74 2.27 -0.0800000000000001 0.0900000000000001 -1.06 0.04 2.13552251748123 1.14834932665356 1.99208491304285 -0.1492 0.486 -0.1582
0.51 -0.55 0.51 2.23 -0.8 1.99 1.93 1.03 -2.23 -1.74 -0.73 0.92 -1.91 -0.0600000000000001 -1.96 1.17290999599659 1.01188740462213 1.25341706934259 -1.1292 -0.064 -1.0882
-0.49 0.45 0.51 -0.77 -1.8 -2.01 -2.07 2.03 -1.23 -0.74 -0.73 -2.08 1.09 -2.06 -0.96 0.246268577173288 0.321485603328133 0.852298498642672 -0.6192 -1.024 -0.6482
0.51 -0.55 -0.49 2.23 0.2 -2.01 1.93 1.03 -0.23 -0.74 1.27 1.92 2.09 1.94 2.04 1.93304005436277 1.31959073774881 -0.721550046024254 -1.1292 -1.164 0.9518
-0.49 -0.55 -0.49 1.23 -0.8 1.99 -2.07 -1.97 0.77 -1.74 0.27 1.92 2.09 -1.06 -1.96 1.45180642776139 1.01666519862688 1.9638315823755 0.8308 0.486 -1.1382
-0.49 -0.55 -0.49 -0.77 1.2 -2.01 -2.07 0.03 -1.23 1.26 -0.73 1.92 -0.91 0.94 -0.96 0.214455409973512 -0.342266785745816 -1.18071335598857 0.3408 -0.614 0.3318
-0.49 -0.55 -0.49 1.23 -1.8 1.99 1.93 2.03 -0.23 0.26 -1.73 -2.08 -0.91 -1.06 -1.96 1.65385359884196 1.38138514692991 1.52383468018599 0.8308 0.486 0.3318
0.51 0.45 -0.49 1.23 1.2 -1.01 -1.07 -0.97 -0.23 -0.74 0.27 -0.0800000000000001 1.09 -0.0600000000000001 0.04 0.529729453890301 1.3686931928485 -0.0794620878059094 -0.1492 -0.124 0.4418
0.51 0.45 0.51 -1.77 -1.8 1.99 -1.07 -1.97 1.77 -1.74 -0.73 -0.0800000000000001 -1.91 -2.06 -0.96 -0.0399438393698929 2.59293986748675 2.0492318325622 -0.6192 -1.024 -1.0882
0.51 0.45 -0.49 -1.77 1.2 -1.01 -2.07 -1.97 0.77 2.26 2.27 0.92 1.09 1.94 -0.96 1.35466930326066 1.73986589376311 2.16565747250888 0.3408 0.776 0.4418
-0.49 -0.55 -0.49 -0.77 2.2 1.99 -1.07 2.03 -2.23 -1.74 2.27 -2.08 -1.91 -0.0600000000000001 0.04 -0.0915441361207211 2.03447280056304 1.97266201658815 -0.1492 -0.064 0.8218
0.51 0.45 0.51 0.23 -0.8 -1.01 -1.07 -1.97 -1.23 1.26 -0.73 -2.08 1.09 1.94 0.04 -0.280777145402693 2.94325012035181 2.30755563635797 -0.1092 0.776 0.4418
0.51 0.45 0.51 -1.77 -1.8 -0.00999999999999979 -0.0699999999999998 1.03 -0.23 2.26 -1.73 -1.08 -0.91 1.94 1.04 0.918485734597872 2.0843442809047 3.47478385382393 0.4008 0.776 -0.5782
0.51 0.45 0.51 2.23 -0.8 1.99 1.93 -0.97 -0.23 2.26 -0.73 1.92 2.09 1.94 -1.96 -1.48742132550911 -0.185006861121095 -0.272888048282058 -1.1292 0.776 0.9518
-0.49 -0.55 -0.49 -1.77 1.2 1.99 1.93 2.03 1.77 -1.74 -1.73 -0.0800000000000001 -1.91 -1.06 -1.96 -0.733038216359015 -0.328126939993687 0.430548032379676 0.8308 0.486 0.8218
0.51 0.45 -0.49 0.23 -0.8 -2.01 0.93 -1.97 -2.23 1.26 -1.73 1.92 -1.91 -2.06 2.04 1.2651920858244 0.24043089511493 1.3699209270001 -1.1292 -1.024 -1.0882
0.51 -0.55 -0.49 -1.77 1.2 -0.00999999999999979 -2.07 1.03 -0.23 2.26 2.27 1.92 -1.91 -1.06 1.04 0.429130218136382 1.08197710166655 0.856996007645749 -0.6392 0.486 -1.0882
0.51 0.45 0.51 -1.77 0.2 -0.00999999999999979 -0.0699999999999998 -1.97 -2.23 2.26 -1.73 -0.0800000000000001 -1.91 -0.0600000000000001 -0.96 -0.893436998649533 -0.499746311422471 -0.284406122166964 -0.6192 -0.124 -1.0882
-0.49 -0.55 -0.49 -1.77 -1.8 1.99 1.93 -1.97 -2.23 -0.74 -0.73 -1.08 0.0900000000000001 -2.06 -1.96 0.209827776452937 1.1112124491347 0.999202428169407 0.8308 1.036 -0.1582
-0.49 0.45 0.51 -0.77 -0.8 -1.01 1.93 -0.97 0.77 -0.74 -0.73 1.92 -0.91 1.94 0.04 0.684576542758439 1.76455772013126 -0.131195400445929 -0.1092 0.776 0.3318
-0.49 -0.55 0.51 -1.77 -0.8 1.99 0.93 1.03 0.77 -0.74 1.27 0.92 2.09 1.94 0.04 1.04815905411616 1.54906643632799 2.54225300338214 -0.1092 -1.164 -1.1382
0.51 0.45 0.51 -1.77 2.2 -2.01 1.93 2.03 1.77 1.26 -1.73 1.92 1.09 1.94 2.04 0.759902750313543 2.96346329044518 1.29310573369341 0.9108 0.776 0.4418
-0.49 0.45 -0.49 2.23 1.2 0.99 1.93 0.03 1.77 0.26 2.27 0.92 2.09 0.94 1.04 1.4839537968831 1.0976149320066 1.86174379877168 -0.6392 0.326 -1.1382
0.51 0.45 0.51 1.23 -1.8 -0.00999999999999979 1.93 -0.97 -2.23 -1.74 -1.73 -2.08 0.0900000000000001 -0.0600000000000001 -1.96 1.38986563849531 0.547464658094489 3.14110234929413 -1.1292 -0.124 -0.0682
0.51 -0.55 -0.49 2.23 2.2 1.99 -2.07 2.03 1.77 0.26 2.27 -0.0800000000000001 2.09 1.94 2.04 1.34812852172852 2.52313080255874 1.6990480810519 -1.1292 -1.164 0.9518
0.51 -0.55 -0.49 -1.77 2.2 1.99 1.93 0.03 1.77 0.26 1.27 1.92 2.09 -0.0600000000000001 2.04 1.22857789970174 3.07120786848812 1.54004652612527 -1.1292 -0.064 0.9518
-0.49 -0.55 -0.49 0.23 -0.8 1.99 -2.07 -0.97 1.77 0.26 1.27 -1.08 -0.91 0.94 -0.96 0.340878143717162 -0.13400315039043 -0.214532611797962 0.3408 -0.614 0.3318
0.51 -0.55 -0.49 2.23 2.2 1.99 1.93 2.03 -2.23 0.26 1.27 -1.08 2.09 1.94 2.04 -0.389278548351172 0.230279512291798 -0.00645121832205198 -1.1292 -1.164 0.9518
-0.49 -0.55 -0.49 1.23 -0.8 -1.01 1.93 -1.97 0.77 -1.74 1.27 -2.08 -0.91 -1.06 0.04 -1.37057445400374 -0.5796874377006 0.0613584954183715 -0.1492 0.486 0.3318
0.51 -0.55 0.51 -1.77 0.2 -1.01 -0.0699999999999998 -1.97 1.77 -1.74 -0.73 -2.08 -0.91 -1.06 -1.96 1.33292928411518 0.99660713731222 1.92117179391493 -1.1292 0.486 -0.5782
-0.49 0.45 0.51 -1.77 0.2 -1.01 1.93 -1.97 -2.23 0.26 -0.73 -2.08 -1.91 -0.0600000000000001 0.04 0.893202012260555 1.17203245870333 1.85678775986788 -0.1092 -0.124 0.8218
0.51 -0.55 0.51 2.23 2.2 1.99 1.93 -1.97 1.77 1.26 2.27 1.92 -0.91 1.94 0.04 2.00513445690373 4.11611330753834 1.51414511626444 -0.1092 -1.164 -0.5782
-0.49 -0.55 0.51 -1.77 -0.8 1.99 -1.07 1.03 -2.23 1.26 2.27 -2.08 0.0900000000000001 -1.06 0.04 1.1887771584252 0.399404684406301 0.994962258449614 -0.1092 0.486 -0.1582
-0.49 0.45 -0.49 -1.77 1.2 -2.01 -2.07 -0.97 -1.23 0.26 1.27 1.92 0.0900000000000001 -0.0600000000000001 -0.96 1.6350833674834 0.339169826717382 0.448280537801099 0.3408 -0.124 -0.1582
0.51 0.45 0.51 -0.77 -1.8 -2.01 1.93 -0.97 1.77 -0.74 1.27 1.92 2.09 -0.0600000000000001 2.04 0.813854567271206 0.311753356454217 2.57383407613564 0.9108 -0.124 0.9518
-0.49 -0.55 -0.49 -1.77 1.2 -0.00999999999999979 1.93 0.03 0.77 2.26 -1.73 -1.08 0.0900000000000001 -1.06 2.04 0.185332876634984 -0.0904954212906057 -0.419189779001458 -1.1292 0.486 -0.1582
0.51 0.45 0.51 -1.77 -0.8 1.99 -2.07 1.03 0.77 0.26 -1.73 -1.08 -0.91 -0.0600000000000001 1.04 1.6623663847629 0.894851343026466 2.65573402334995 0.4008 -0.124 -0.5782
0.51 0.45 -0.49 2.23 2.2 -0.00999999999999979 1.93 -1.97 0.77 1.26 1.27 1.92 -0.91 -2.06 0.04 0.684818624274794 1.26704512124221 1.27400535919899 -0.1492 -1.024 -0.5782
0.51 0.45 0.51 2.23 0.2 1.99 -0.0699999999999998 1.03 1.77 -0.74 1.27 1.92 2.09 -0.0600000000000001 2.04 0.431395661255026 1.0308058124839 1.38555609365707 0.9108 -0.124 0.9518
-0.49 -0.55 -0.49 0.23 -1.8 -2.01 -2.07 -0.97 0.77 -1.74 1.27 -0.0800000000000001 2.09 0.94 -0.96 0.714085391928334 0.640404609332592 -0.476351679490735 0.3408 -0.614 -1.1382
0.51 0.45 0.51 -1.77 -1.8 -2.01 0.93 2.03 1.77 1.26 -1.73 -1.08 2.09 1.94 2.04 0.800974935090719 0.770297678947014 1.56737057767531 0.9108 0.776 0.9518
-0.49 -0.55 0.51 -1.77 -1.8 -2.01 -2.07 2.03 -2.23 -1.74 -0.73 -2.08 -1.91 -0.0600000000000001 -1.96 -1.63463724866696 0.0324659098804012 1.9433221823828 -1.1292 -0.064 0.8218
-0.49 0.45 0.51 2.23 2.2 -0.00999999999999979 0.93 0.03 1.77 -0.74 0.27 -2.08 2.09 0.94 2.04 -0.46628879309768 -1.00150448077684 -0.651564048870207 0.9108 0.326 -1.1382
0.51 0.45 0.51 -0.77 2.2 -2.01 -2.07 2.03 -2.23 -0.74 2.27 0.92 -0.91 1.94 0.04 0.0140922487406521 1.60381091256681 2.79968358064949 -0.1092 0.776 -0.5782
-0.49 -0.55 -0.49 2.23 -0.8 -2.01 0.93 2.03 0.77 2.26 0.27 0.92 2.09 -0.0600000000000001 0.04 0.0967368837428308 -0.171501468106358 -1.36429128597962 -0.1492 -0.064 -1.1382
0.51 0.45 0.51 0.23 -1.8 1.99 -2.07 -0.97 -1.23 2.26 -1.73 -2.08 2.09 -2.06 -0.96 0.922961277598885 0.260933518610983 1.26802547568077 -0.6192 -1.024 0.9518
-0.49 0.45 0.51 -1.77 0.2 -0.00999999999999979 -2.07 2.03 1.77 -0.74 1.27 -1.08 2.09 -0.0600000000000001 2.04 1.22026464904855 1.30907670842578 2.43423753794063 0.9108 -0.124 -1.1382
-0.49 -0.55 -0.49 -1.77 1.2 -0.00999999999999979 -2.07 2.03 1.77 -1.74 -1.73 0.92 -1.91 0.94 1.04 -0.472409878549315 -1.08666012984152 0.641843971459241 -0.6392 -0.614 0.8218
-0.49 -0.55 0.51 1.23 2.2 -0.00999999999999979 1.93 2.03 1.77 -0.74 -1.73 -1.08 -0.91 -0.0600000000000001 2.04 1.67442233973317 2.16905336152061 2.20131925293525 0.9108 -0.064 0.3318
-0.49 -0.55 -0.49 2.23 -1.8 1.99 -0.0699999999999998 -1.97 -1.23 0.26 -1.73 -2.08 -1.91 0.94 -1.96 0.173525253978597 -0.350526217498561 -0.0751209001938767 0.8308 -0.614 0.8218
0.51 -0.55 -0.49 2.23 2.2 -2.01 0.93 -1.97 -0.23 0.26 -1.73 -2.08 -0.91 -2.06 -0.96 -0.106447856026827 -0.321454437676073 -0.362092520918947 0.3408 1.036 -0.5782
0.51 -0.55 -0.49 2.23 2.2 0.99 -1.07 -0.97 1.77 -1.74 -1.73 -2.08 1.09 -1.06 -0.96 0.428365357751219 0.3574279304094 0.760624116073022 0.3408 0.486 0.4418
0.51 0.45 0.51 -0.77 0.2 -2.01 -1.07 -1.97 0.77 1.26 -1.73 -1.08 -0.91 -1.06 0.04 0.541690066900459 1.84564490389963 2.49196673719266 -0.1092 -0.574 -0.5782
0.51 0.45 0.51 2.23 -0.8 1.99 1.93 1.03 -1.23 -0.74 -1.73 0.92 2.09 -1.06 0.04 1.10044905183379 1.0873870686666 2.14386476567165 -0.1092 -0.574 0.9518
0.51 -0.55 0.51 0.23 2.2 1.99 0.93 1.03 -2.23 1.26 1.27 1.92 2.09 1.94 1.04 0.848768536307808 1.05374126705592 1.94473367611521 0.4008 -1.164 0.9518
-0.49 -0.55 0.51 -1.77 -1.8 -2.01 0.93 -0.97 0.77 -1.74 -1.73 -2.08 -1.91 -2.06 1.04 0.195182965573315 0.725805389440039 1.05323568593456 0.4008 1.036 0.8218
0.51 0.45 -0.49 -1.77 2.2 -2.01 -2.07 2.03 0.77 2.26 1.27 -0.0800000000000001 -0.91 -0.0600000000000001 1.04 0.688711188830149 1.52504907039196 0.96251895715571 -0.6392 -0.124 -0.5782
0.51 -0.55 0.51 2.23 2.2 -2.01 -1.07 2.03 1.77 -0.74 2.27 1.92 0.0900000000000001 -1.06 -1.96 0.756202932990844 0.915884312394427 2.42200054111315 -1.1292 0.486 -0.0682
-0.49 0.45 -0.49 0.23 -0.8 -1.01 -0.0699999999999998 -1.97 -2.23 -1.74 -0.73 0.92 -1.91 -2.06 -1.96 0.841895485206075 0.258659478042402 1.96386868191527 0.8308 -1.024 0.8218
-0.49 -0.55 -0.49 -1.77 1.2 1.99 -2.07 2.03 1.77 -0.74 -1.73 1.92 -0.91 -0.0600000000000001 1.04 -0.0977925800083123 0.431255487100195 0.0332127816633893 -0.6392 -0.064 0.3318
0.51 0.45 -0.49 2.23 1.2 1.99 1.93 0.03 -1.23 -0.74 2.27 -0.0800000000000001 -1.91 -0.0600000000000001 0.04 0.687305754066172 -0.23282245360098 -0.104852968624057 -0.1492 -0.124 -1.0882
-0.49 0.45 -0.49 -1.77 1.2 -0.00999999999999979 -2.07 0.03 0.77 -1.74 2.27 1.92 2.09 1.94 2.04 1.1123755515335 1.92341284815176 1.82072792071317 -1.1292 0.776 -1.1382
-0.49 -0.55 -0.49 -1.77 -1.8 -0.00999999999999979 1.93 2.03 1.77 2.26 -1.73 0.92 0.0900000000000001 -0.0600000000000001 2.04 0.516568745729636 0.8623644399748 0.955290670151725 -1.1292 -0.064 -0.1582
0.51 0.45 -0.49 -1.77 2.2 -1.01 -1.07 -1.97 0.77 -1.74 -1.73 -2.08 1.09 -1.06 -0.96 0.429888154250779 1.71249690377106 2.24203951929132 0.3408 -0.574 0.4418
0.51 0.45 0.51 -1.77 -1.8 0.99 -0.0699999999999998 -0.97 0.77 0.26 -1.73 -0.0800000000000001 2.09 -1.06 0.04 0.924651733271099 1.51961500092953 2.70847430560264 -0.1092 -0.574 0.9518
-0.49 0.45 -0.49 -1.77 -0.8 1.99 -2.07 -0.97 -0.23 1.26 1.27 0.92 -0.91 0.94 -1.96 0.0520843984313703 -0.261371915284472 0.0721766911303416 0.8308 0.326 0.3318
0.51 0.45 0.51 -0.77 -0.8 1.99 1.93 2.03 0.77 0.26 -1.73 -0.0800000000000001 -1.91 0.94 2.04 0.512173318496303 0.507365159734556 0.813935168682073 0.9108 0.326 -1.0882
0.51 0.45 0.51 0.23 -0.8 0.99 1.93 -0.97 -1.23 2.26 -1.73 1.92 2.09 -1.06 0.04 0.353230090539828 -0.159118885800222 0.490494006388352 -0.1092 -0.574 0.9518
-0.49 0.45 0.51 0.23 -1.8 -2.01 -1.07 0.03 -1.23 -1.74 -1.73 -1.08 -0.91 -2.06 -1.96 0.500266932851567 0.642518670917035 -0.39382116212392 -1.1292 -1.024 0.3318
0.51 0.45 0.51 2.23 2.2 -1.01 -2.07 0.03 -1.23 1.26 1.27 0.92 -0.91 0.94 2.04 0.316875342603525 1.09549702082781 0.806087336852235 0.9108 0.326 -0.5782
0.51 0.45 0.51 2.23 1.2 -2.01 0.93 -0.97 -0.23 -0.74 1.27 1.92 0.0900000000000001 1.94 -1.96 1.03844224173054 1.24235561442973 0.80172472387336 -1.1292 0.776 -0.0682
-0.49 -0.55 -0.49 0.23 0.2 -2.01 0.93 2.03 1.77 0.26 1.27 -2.08 -1.91 -2.06 -0.96 0.410816269034643 1.53595218435642 1.75034622527807 0.3408 1.036 0.8218
-0.49 0.45 0.51 2.23 -0.8 0.99 -2.07 1.03 -2.23 0.26 -0.73 -1.08 2.09 -0.0600000000000001 2.04 0.802515221546268 0.535967006636836 1.35419662577114 0.9108 -0.124 -1.1382
-0.49 0.45 0.51 1.23 0.2 -0.00999999999999979 -0.0699999999999998 0.03 -1.23 1.26 2.27 1.92 0.0900000000000001 0.94 2.04 1.2317302405748 1.41046669312861 2.94238982322545 0.9108 0.326 -0.1582
-0.49 0.45 0.51 -1.77 -0.8 1.99 -1.07 -1.97 -2.23 -0.74 -1.73 -2.08 -0.91 1.94 -0.96 0.778824803017929 -0.43500380234536 0.915721582666623 -0.6192 0.776 0.3318
-0.49 -0.55 -0.49 2.23 -1.8 -1.01 -2.07 -0.97 -2.23 -1.74 -0.73 -2.08 -1.91 -2.06 -1.96 0.649029412098739 1.19695978051333 1.78088388565569 0.8308 1.036 0.8218
-0.49 0.45 0.51 -0.77 -1.8 -2.01 -2.07 -1.97 1.77 1.26 2.27 -0.0800000000000001 1.09 -1.06 0.04 1.13135622643012 0.980332362351433 1.25883878391089 -0.1092 -0.574 -0.6482
0.51 0.45 0.51 -0.77 -1.8 -0.00999999999999979 -1.07 1.03 -1.23 0.26 -1.73 0.92 0.0900000000000001 -2.06 1.04 1.69285178460252 1.95824758075646 2.49362412903455 0.4008 -1.024 -0.0682
0.51 0.45 0.51 -1.77 -0.8 -2.01 -1.07 -1.97 0.77 2.26 -0.73 -2.08 0.0900000000000001 -1.06 -1.96 1.50834803047816 0.702195614116548 1.52921415581687 -1.1292 -0.574 -0.0682
0.51 0.45 0.51 -1.77 0.2 -2.01 0.93 -0.97 0.77 0.26 0.27 -2.08 1.09 -1.06 1.04 1.44455205865106 1.87938545580138 1.2092217542889 0.4008 -0.574 0.4418
0.51 0.45 -0.49 0.23 1.2 1.99 0.93 -0.97 0.77 0.26 2.27 1.92 0.0900000000000001 0.94 0.04 0.535968953911686 0.697040741715641 1.43475859229389 -0.1492 0.326 -0.0682
0.51 -0.55 0.51 -1.77 -1.8 1.99 -2.07 2.03 -2.23 1.26 0.27 1.92 0.0900000000000001 1.94 2.04 0.867814564817524 1.63403558667685 2.42074890291655 0.9108 -1.164 -0.0682
