-0.47 0.51 0.51 2.18 1.86 1.95 1.85 2.06 1.89 -0.69 1.04 1.99 2.11 1.92 1.99 -0.578777357418221 0.0118829228903372 1.94803733137354 0.8698 0.7484 -1.0234
0.53 0.51 0.51 -1.82 0.86 1.95 -1.15 -1.94 -2.11 -1.69 -0.96 -0.00999999999999979 -1.89 -2.08 0.99 0.827707319097616 1.55080481058268 1.69285754218537 0.3598 -1.2916 -1.0334
0.53 0.51 0.51 -1.82 -2.14 1.95 -0.15 -1.94 0.89 1.31 -1.96 -1.01 0.11 -0.0800000000000001 0.99 3.75719564170836 1.82543016032319 2.72888987422384 0.3598 -0.2716 0.0266
-0.47 -0.49 -0.49 -0.82 -1.14 -2.05 0.85 -1.94 -2.11 -0.69 -0.96 -1.01 0.11 -0.0800000000000001 -2.01 -0.146133362020586 -1.45695424070315 -0.791817980702555 0.8398 -0.1916 -0.0834
-0.47 -0.49 -0.49 -1.82 1.86 0.95 1.85 -0.94 0.89 -1.69 -1.96 -2.01 2.11 -1.08 -1.01 0.914308312998462 0.593413881074749 1.92381039199122 0.3498 0.2984 -1.0234
-0.47 -0.49 -0.49 0.18 -1.14 1.95 1.85 2.06 1.89 -1.69 -0.96 1.99 -1.89 -0.0800000000000001 1.99 0.809568613325724 0.55187966998603 -0.290706674725245 -1.1202 -0.1916 0.8566
0.53 -0.49 0.51 1.18 1.86 -2.05 1.85 -0.94 -1.11 -0.69 2.04 -0.00999999999999979 0.11 -0.0800000000000001 1.99 1.77812874778631 2.3899606584417 1.26332463252898 0.8698 -0.1916 0.0266
0.53 0.51 0.51 1.18 1.86 -2.05 -0.15 -1.94 -2.11 -0.69 1.04 0.99 -1.89 -2.08 -1.01 0.575715689653669 1.90720664087293 3.57856696469548 -0.6602 -1.2916 -1.0334
-0.47 -0.49 -0.49 0.18 1.86 0.95 -1.15 -1.94 -1.11 -0.69 -1.96 -2.01 0.11 -1.08 -2.01 -1.01384911133261 0.0482516141523071 -0.894808542178602 0.8398 0.2984 -0.0834
0.53 0.51 0.51 -1.82 -0.14 -0.0499999999999998 1.85 0.0600000000000001 -1.11 2.31 2.04 0.99 0.11 0.92 1.99 1.12676412776053 -0.242905173039821 -0.438431848610764 0.8698 0.2384 0.0266
-0.47 -0.49 -0.49 2.18 -1.14 1.95 0.85 1.06 -1.11 -1.69 -1.96 -1.01 -1.89 -1.08 -0.00999999999999979 -0.694083847335262 -1.47511385970145 -0.52994774021272 -0.1402 0.2984 0.8566
0.53 0.51 -0.49 -0.82 0.86 -2.05 1.85 -0.94 1.89 2.31 -1.96 -0.00999999999999979 0.11 1.92 0.99 -0.433104278847868 1.55841973301057 0.760060019114366 -0.6302 0.7484 0.0266
-0.47 -0.49 -0.49 0.18 -2.14 1.95 1.85 0.0600000000000001 -0.11 -1.69 0.04 -1.01 2.11 -0.0800000000000001 1.99 1.85176124413757 0.790296362949104 -0.612965024274653 -1.1202 -0.1916 -1.0234
0.53 0.51 0.51 2.18 -1.14 1.95 -2.15 0.0600000000000001 -2.11 -0.69 -0.96 -2.01 -1.89 -0.0800000000000001 -1.01 1.78874193344197 2.94015956689099 1.25966521819662 -0.6602 -0.2716 -1.0334
0.53 0.51 0.51 -1.82 -1.14 -1.05 -0.15 0.0600000000000001 -0.11 0.31 0.04 -1.01 0.11 0.92 0.99 1.1252184035643 2.29933178656465 1.34757559174339 0.3598 0.2384 0.0266
-0.47 -0.49 -0.49 -1.82 -2.14 -2.05 1.85 -1.94 -0.11 2.31 0.04 -0.00999999999999979 -1.89 -2.08 -1.01 1.10305301549465 -0.38376914038041 1.02469882874599 0.3498 0.7884 0.8566
0.53 0.51 0.51 2.18 -2.14 1.95 -0.15 -1.94 -1.11 -1.69 -1.96 -2.01 1.11 1.92 -2.01 1.14278586999735 2.46757289165206 2.95683564277415 -1.1702 0.7484 0.5566
0.53 0.51 -0.49 2.18 -2.14 0.95 -0.15 -0.94 1.89 0.31 1.04 1.99 1.11 0.92 -0.00999999999999979 -0.875355021978662 1.11496043310303 1.92748033746566 -0.1402 0.2384 0.5566
0.53 0.51 0.51 -1.82 -0.14 -2.05 -2.15 2.06 1.89 2.31 1.04 1.99 0.11 1.92 -0.00999999999999979 -1.25148266543666 0.472181233642685 -0.108463814705301 -0.1502 0.7484 0.0266
-0.47 -0.49 -0.49 1.18 1.86 -0.0499999999999998 -1.15 -0.94 -1.11 -1.69 -1.96 1.99 1.11 -2.08 0.99 0.465466559561205 0.952401025329869 0.618552863309192 -0.6302 0.7884 -0.5534
-0.47 -0.49 -0.49 2.18 -0.14 -2.05 -0.15 0.0600000000000001 1.89 1.31 -1.96 -2.01 -1.89 -2.08 -2.01 0.260133235093649 -1.26863684743099 -0.112070520278795 0.8398 0.7884 0.8566
-0.47 0.51 0.51 -1.82 1.86 -1.05 -2.15 1.06 1.89 2.31 2.04 -1.01 2.11 1.92 1.99 0.755519616331773 2.54499083316517 1.74060396116041 0.8698 0.7484 -1.0234
0.53 -0.49 0.51 -1.82 -2.14 1.95 -2.15 1.06 -0.11 0.31 -0.96 -0.00999999999999979 1.11 -1.08 1.99 1.23473166876104 1.36228512463816 1.21994891990955 0.8698 0.2984 0.5566
-0.47 0.51 -0.49 -1.82 1.86 1.95 -1.15 -0.94 0.89 -0.69 2.04 -2.01 -1.89 -2.08 0.99 0.975099734474402 1.48635601901896 0.499732856502719 -0.6302 -1.2916 0.8566
0.53 0.51 0.51 -1.82 1.86 -2.05 -2.15 2.06 1.89 -1.69 0.04 0.99 -1.89 -2.08 0.99 0.198798278362057 -0.822108820927488 0.820693309486638 0.3598 -1.2916 -1.0334
-0.47 -0.49 -0.49 -1.82 1.86 -0.0499999999999998 -0.15 0.0600000000000001 -2.11 -1.69 2.04 -2.01 0.11 -0.0800000000000001 -1.01 2.00886617141292 2.79428268113211 2.43368790872749 0.3498 -0.1916 -0.0834
0.53 0.51 -0.49 -0.82 0.86 1.95 1.85 2.06 0.89 1.31 2.04 1.99 1.11 1.92 1.99 1.09752790924209 -0.0856120975486789 0.502340397084189 -1.1202 0.7484 0.5566
-0.47 -0.49 -0.49 -1.82 0.86 -1.05 -2.15 0.0600000000000001 -1.11 -0.69 0.04 -2.01 2.11 -2.08 1.99 -0.498587863232124 0.453169230994598 1.43039672696222 -1.1202 0.7884 -1.0234
0.53 0.51 0.51 2.18 -2.14 1.95 -1.15 0.0600000000000001 1.89 0.31 2.04 -0.00999999999999979 2.11 1.92 0.99 0.895413512021305 2.2963828488083 2.31211289529748 0.3598 0.7484 1.0866
-0.47 0.51 0.51 -0.82 -2.14 -2.05 1.85 2.06 1.89 2.31 -1.96 0.99 0.11 1.92 1.99 0.421380086720221 2.00438766928989 -0.280738019025292 0.8698 0.7484 -0.0834
-0.47 -0.49 0.51 -0.82 -2.14 -2.05 1.85 1.06 -2.11 -1.69 -1.96 -1.01 0.11 -1.08 -0.00999999999999979 -0.215498563537545 1.91604402796489 1.30060280235333 -0.1502 0.2984 -0.0834
0.53 0.51 0.51 2.18 0.86 -2.05 1.85 1.06 -1.11 2.31 2.04 -0.00999999999999979 -0.89 0.92 -0.00999999999999979 0.659241367568127 1.28438237602851 0.783469624099003 -0.1502 0.2384 -0.5034
0.53 0.51 0.51 2.18 0.86 -2.05 1.85 0.0600000000000001 1.89 0.31 2.04 1.99 1.11 0.92 -1.01 0.747578477491392 0.339882094405675 0.853722950958373 -0.6602 0.2384 0.5566
-0.47 0.51 -0.49 -1.82 -0.14 0.95 1.85 -1.94 1.89 0.31 -1.96 -1.01 0.11 1.92 -1.01 1.41504300539806 1.33136602592669 1.77368763379455 0.3498 0.7484 -0.0834
0.53 0.51 -0.49 -1.82 -0.14 -1.05 -2.15 1.06 -2.11 0.31 -0.96 -0.00999999999999979 2.11 1.92 1.99 1.01589169669145 0.620360787278057 -0.174160126724255 -1.1202 0.7484 1.0866
0.53 0.51 0.51 2.18 1.86 -0.0499999999999998 -2.15 1.06 -0.11 2.31 -0.96 1.99 2.11 1.92 1.99 1.54887310164442 1.29916958565995 0.418400366575851 0.8698 0.7484 1.0866
0.53 -0.49 0.51 -1.82 1.86 -2.05 -0.15 -1.94 -1.11 1.31 -0.96 1.99 -1.89 0.92 -1.01 -0.0960526431768511 1.21328781166061 1.33503181344288 -0.6602 -0.6816 -1.0334
0.53 0.51 0.51 -0.82 -1.14 1.95 -1.15 -1.94 1.89 -0.69 0.04 1.99 0.11 0.92 -2.01 2.31209008623789 1.77193037696593 2.84438201396444 -1.1702 0.2384 0.0266
-0.47 -0.49 0.51 2.18 -0.14 -0.0499999999999998 0.85 2.06 -0.11 1.31 -1.96 0.99 -1.89 -0.0800000000000001 0.99 1.38965172096699 1.35251366034481 2.43076970820043 0.3598 -0.1916 0.8566
0.53 -0.49 0.51 -1.82 -0.14 1.95 1.85 1.06 0.89 -1.69 -1.96 -0.00999999999999979 -1.89 -2.08 -0.00999999999999979 1.27719311694942 1.47998051185235 0.82785724098341 -0.1502 0.7884 -1.0334
-0.47 -0.49 0.51 2.18 1.86 1.95 1.85 2.06 1.89 1.31 1.04 0.99 2.11 0.92 1.99 0.261503765289513 1.06650727054104 1.96243535800118 0.8698 -0.6816 -1.0234
-0.47 -0.49 -0.49 0.18 -1.14 -2.05 1.85 1.06 1.89 0.31 -1.96 -1.01 -1.89 -0.0800000000000001 -2.01 0.133164953609889 -0.366895232024851 -0.0828024857669369 0.8398 -0.1916 0.8566
-0.47 0.51 -0.49 2.18 -2.14 -2.05 -1.15 1.06 -2.11 2.31 0.04 0.99 2.11 1.92 0.99 0.44146486156673 1.18744187623623 0.533676871286635 -0.6302 0.7484 -1.0234
0.53 0.51 0.51 2.18 1.86 0.95 1.85 2.06 1.89 -1.69 1.04 -1.01 -1.89 1.92 1.99 0.292196622661675 0.336047775487989 0.463078117143573 0.8698 0.7484 -1.0334
-0.47 0.51 0.51 0.18 0.86 1.95 -2.15 2.06 -0.11 -1.69 1.04 1.99 2.11 1.92 -0.00999999999999979 1.20074627284025 0.5874872861564 2.37769376969736 -0.1502 0.7484 -1.0234
-0.47 -0.49 -0.49 -1.82 -1.14 -2.05 -2.15 0.0600000000000001 -2.11 0.31 -1.96 -0.00999999999999979 -0.89 -2.08 0.99 0.109235755364118 -0.902104430599082 -0.0534407039058299 -0.6302 0.7884 0.3866
0.53 -0.49 -0.49 -0.82 0.86 1.95 1.85 1.06 1.89 2.31 2.04 1.99 2.11 -0.0800000000000001 -0.00999999999999979 1.91030584105551 2.25066305378918 1.72668674390111 -0.1402 -0.1916 1.0866
-0.47 -0.49 -0.49 2.18 1.86 -1.05 1.85 1.06 1.89 -1.69 2.04 -2.01 0.11 -2.08 -2.01 -1.86365175300563 -0.124529253862042 -1.1666848844803 0.8398 0.7884 -0.0834
0.53 -0.49 -0.49 -1.82 -1.14 1.95 -2.15 -1.94 -2.11 -1.69 -1.96 0.99 2.11 1.92 -0.00999999999999979 1.39198973460973 1.14917657477311 1.55268362784157 -0.1402 -1.1716 1.0866
0.53 -0.49 0.51 2.18 1.86 -2.05 -1.15 0.0600000000000001 -1.11 -1.69 -1.96 -2.01 0.11 0.92 -1.01 0.112698295767717 0.4182141605734 -0.0552339352263371 -0.6602 -0.6816 0.0266
0.53 0.51 -0.49 2.18 -0.14 -2.05 -1.15 0.0600000000000001 -2.11 -1.69 -1.96 -2.01 0.11 -1.08 -1.01 0.0485684326022237 0.302477901845357 0.813893474634727 0.3498 -0.7816 0.0266
0.53 0.51 0.51 2.18 0.86 1.95 1.85 -1.94 -2.11 -1.69 -1.96 0.99 -1.89 -1.08 -2.01 1.60649550353615 -0.408351754874808 0.939251616923691 -1.1702 -0.7816 -1.0334
0.53 -0.49 -0.49 -1.82 -1.14 -2.05 -1.15 -1.94 0.89 -0.69 0.04 -2.01 -1.89 -2.08 -2.01 1.00197486826355 -0.1634733120518 0.39234760233709 0.8398 0.7884 -1.0334
0.53 -0.49 0.51 0.18 -1.14 -2.05 -1.15 -1.94 1.89 2.31 -1.96 -1.01 -1.89 -2.08 -2.01 0.460799482199571 0.0369822287655551 1.02583024326534 -1.1702 0.7884 -1.0334
0.53 0.51 0.51 -1.82 -1.14 1.95 -2.15 2.06 -2.11 -0.69 2.04 1.99 1.11 -1.08 -2.01 -0.241145541262042 0.40253579043022 0.747217830627916 -1.1702 -0.7816 0.5566
0.53 -0.49 -0.49 -1.82 1.86 -2.05 -2.15 -1.94 1.89 -1.69 -0.96 -2.01 -1.89 -2.08 -0.00999999999999979 0.0242762214031775 1.08329801913671 0.366384151390914 -0.1402 0.7884 -1.0334
-0.47 0.51 0.51 1.18 1.86 0.95 1.85 2.06 1.89 2.31 1.04 -0.00999999999999979 2.11 1.92 1.99 1.21866056922136 1.54809785495244 0.453248069195688 0.8698 0.7484 -1.0234
-0.47 -0.49 -0.49 -1.82 -2.14 -2.05 -2.15 1.06 -2.11 -0.69 -0.96 -2.01 -1.89 -2.08 -2.01 -0.0296597163841538 1.81218948814266 -1.29601262085186 0.8398 0.7884 0.8566
-0.47 -0.49 -0.49 -1.82 -0.14 1.95 -2.15 -1.94 1.89 -1.69 2.04 1.99 -1.89 -2.08 -0.00999999999999979 1.4990827048556 0.844201516731316 1.90157836642239 -0.1402 0.7884 0.8566
-0.47 -0.49 -0.49 -1.82 1.86 -2.05 1.85 -1.94 -2.11 -0.69 0.04 -2.01 -1.89 1.92 -2.01 1.08111996291721 2.63769822574669 1.73556863473915 0.8398 -1.1716 0.8566
0.53 -0.49 -0.49 0.18 -1.14 1.95 1.85 2.06 -0.11 2.31 -1.96 1.99 1.11 0.92 1.99 -0.969586488940073 -0.44703260771476 -0.836106917312511 -1.1202 -0.6816 0.5566
-0.47 -0.49 -0.49 2.18 -1.14 0.95 1.85 2.06 0.89 -0.69 1.04 1.99 0.11 1.92 1.99 0.861666845429332 2.04865494690392 0.788873202268836 -1.1202 -1.1716 -0.0834
0.53 -0.49 0.51 0.18 -0.14 -2.05 1.85 -1.94 0.89 -0.69 -0.96 -1.01 -0.89 -0.0800000000000001 -0.00999999999999979 -0.31336374433557 -0.0544237155253232 0.876166468532128 -0.1502 -0.1916 -0.5034
-0.47 0.51 0.51 -0.82 1.86 1.95 0.85 0.0600000000000001 -2.11 -1.69 2.04 -1.01 -0.89 1.92 -1.01 -0.873555316751463 -0.456382401583599 -0.310645304818317 -0.6602 0.7484 0.3866
0.53 0.51 0.51 -1.82 1.86 -1.05 0.85 0.0600000000000001 1.89 1.31 0.04 1.99 2.11 -0.0800000000000001 -0.00999999999999979 2.0733111801441 2.99665947470526 3.47881324395227 -0.1502 -0.2716 1.0866
-0.47 -0.49 -0.49 2.18 -0.14 1.95 0.85 2.06 -2.11 1.31 2.04 0.99 0.11 -0.0800000000000001 -1.01 2.63209897194661 1.50852911899505 2.21920800276679 0.3498 -0.1916 -0.0834
0.53 0.51 0.51 1.18 -1.14 -0.0499999999999998 -2.15 -0.94 0.89 0.31 2.04 -2.01 0.11 1.92 -2.01 0.247201259970946 0.453378446219111 1.57641636010727 -1.1702 0.7484 0.0266
-0.47 -0.49 -0.49 2.18 -0.14 1.95 -1.15 0.0600000000000001 1.89 0.31 -1.96 -2.01 -0.89 -1.08 -0.00999999999999979 -0.0376552293801758 0.0666667930589748 0.578764010170354 -0.1402 0.2984 0.3866
-0.47 0.51 -0.49 -1.82 1.86 1.95 1.85 -1.94 -2.11 1.31 -1.96 1.99 0.11 -0.0800000000000001 0.99 0.100321403021834 0.728568529897982 0.648885476645879 -0.6302 -0.2716 -0.0834
-0.47 -0.49 -0.49 1.18 -2.14 -0.0499999999999998 -2.15 -1.94 0.89 1.31 -1.96 0.99 0.11 1.92 -1.01 0.628937886253851 0.0569271006117499 -0.0836739086784256 0.3498 -1.1716 -0.0834
-0.47 -0.49 -0.49 1.18 -2.14 -2.05 0.85 1.06 0.89 -1.69 1.04 0.99 -1.89 1.92 -2.01 0.00241156658882433 -1.12251035299572 -0.688706602405668 0.8398 -1.1716 0.8566
0.53 0.51 0.51 2.18 -0.14 1.95 -1.15 2.06 1.89 2.31 2.04 0.99 2.11 -1.08 -1.01 0.949685174533906 1.00052911588154 1.32787374861644 -0.6602 -0.7816 1.0866
0.53 -0.49 -0.49 -0.82 1.86 -2.05 -1.15 -1.94 1.89 -1.69 0.04 -0.00999999999999979 -1.89 -0.0800000000000001 -2.01 -0.0278390811851462 0.753828985983813 1.26572703829558 0.8398 -0.1916 -1.0334
-0.47 -0.49 -0.49 -1.82 0.86 1.95 -2.15 0.0600000000000001 -2.11 0.31 -1.96 -2.01 -1.89 0.92 -1.01 1.54136864430596 0.705108423679292 1.64689109504473 0.3498 -0.6816 0.8566
0.53 0.51 0.51 1.18 -2.14 -2.05 -2.15 1.06 1.89 -1.69 0.04 -1.01 -0.89 -1.08 1.99 2.04726445423573 1.11371045556889 0.386002722030049 0.8698 -0.7816 -0.5034
-0.47 -0.49 -0.49 -1.82 -1.14 -2.05 -2.15 -1.94 -0.11 -1.69 0.04 -0.00999999999999979 -1.89 -1.08 -2.01 0.224593834002735 0.251571865595301 0.270594399933899 0.8398 0.2984 0.8566
0.53 0.51 0.51 -0.82 -1.14 -0.0499999999999998 -2.15 2.06 -0.11 -1.69 0.04 -1.01 -0.89 -1.08 -2.01 0.634055970522082 0.964776172154999 1.44763668988781 -1.1702 -0.7816 -0.5034
-0.47 -0.49 0.51 0.18 -0.14 0.95 1.85 0.0600000000000001 -2.11 1.31 2.04 -0.00999999999999979 0.11 -0.0800000000000001 -0.00999999999999979 0.651460286491221 1.07036636617183 1.47700842688966 -0.1502 -0.1916 -0.0834
0.53 0.51 -0.49 1.18 1.86 0.95 -0.15 2.06 -0.11 -1.69 2.04 1.99 1.11 -2.08 -0.00999999999999979 0.816894811727157 1.409544067128 2.01064984082636 -0.1402 -1.2916 0.5566
0.53 0.51 -0.49 -1.82 1.86 -2.05 -2.15 0.0600000000000001 -2.11 -0.69 -1.96 -1.01 -0.89 -2.08 -2.01 1.36066801975273 1.43678618570032 2.09875154777026 0.8398 -1.2916 -0.5034
0.53 0.51 0.51 -1.82 1.86 -1.05 1.85 -0.94 -0.11 0.31 1.04 1.99 1.11 -2.08 1.99 0.4547364254886 0.504699782033988 1.57219973109061 0.8698 -1.2916 0.5566
-0.47 -0.49 0.51 2.18 -2.14 -2.05 1.85 -1.94 -0.11 0.31 0.04 1.99 1.11 -2.08 -1.01 0.0285010666802832 1.10259592310501 1.51382220676439 -0.6602 0.7884 -0.5534
-0.47 -0.49 -0.49 -1.82 -1.14 -2.05 -2.15 0.0600000000000001 -2.11 2.31 -0.96 -2.01 -1.89 -2.08 -1.01 -0.488407598208158 0.61716014797858 -0.255636664901936 0.3498 0.7884 0.8566
-0.47 -0.49 -0.49 -0.82 0.86 -0.0499999999999998 1.85 -1.94 -1.11 0.31 2.04 -1.01 -0.89 -0.0800000000000001 -2.01 0.391836147482487 0.322424050655348 0.560262277355527 0.8398 -0.1916 0.3866
-0.47 -0.49 -0.49 -1.82 -2.14 0.95 -2.15 -0.94 -1.11 -1.69 -0.96 -1.01 0.11 -0.0800000000000001 -1.01 1.30432591324882 0.526876596606773 1.1728189054675 0.3498 -0.1916 -0.0834
-0.47 0.51 -0.49 -1.82 1.86 0.95 -1.15 -0.94 -2.11 1.31 1.04 1.99 -1.89 1.92 1.99 1.75694104275446 3.02648216031105 3.27524195443295 -1.1202 0.7484 0.8566
-0.47 -0.49 -0.49 2.18 -1.14 0.95 -1.15 -1.94 1.89 -1.69 1.04 1.99 0.11 -1.08 -1.01 -0.522699492425824 -0.227548983428739 -0.521148130959762 0.3498 0.2984 -0.0834
0.53 0.51 0.51 1.18 0.86 1.95 1.85 2.06 -2.11 2.31 1.04 -0.00999999999999979 -0.89 -2.08 0.99 0.752856697286467 1.6348868135098 1.77569977146802 0.3598 -1.2916 -0.5034
0.53 0.51 -0.49 2.18 0.86 1.95 -0.15 -1.94 -0.11 -0.69 0.04 0.99 2.11 1.92 1.99 0.150199734474988 1.08422048867773 1.31548155475783 -1.1202 0.7484 1.0866
-0.47 0.51 -0.49 -1.82 0.86 -2.05 0.85 -0.94 -0.11 -1.69 1.04 -2.01 -0.89 0.92 0.99 1.04184101945884 1.25188804185809 1.52689354745083 -0.6302 0.2384 0.3866
-0.47 -0.49 -0.49 1.18 -0.14 -1.05 -1.15 1.06 -0.11 2.31 -1.96 0.99 2.11 0.92 -1.01 1.48689370016537 1.44134069320464 2.68202817838971 0.3498 -0.6816 -1.0234
0.53 0.51 0.51 2.18 -1.14 -1.05 -0.15 1.06 -1.11 -0.69 0.04 -0.00999999999999979 1.11 0.92 -0.00999999999999979 0.736509084549416 1.31043982293021 1.1708725163719 -0.1502 0.2384 0.5566
-0.47 -0.49 -0.49 -1.82 -2.14 -0.0499999999999998 -2.15 -1.94 -2.11 0.31 -1.96 -2.01 -0.89 -2.08 -2.01 0.0410226606486543 0.419549997617333 -0.426580112733397 0.8398 0.7884 0.3866
0.53 0.51 0.51 2.18 -0.14 0.95 -0.15 1.06 -0.11 2.31 2.04 0.99 2.11 0.92 1.99 2.21297541073011 2.31174305817168 3.64389707399816 0.8698 0.2384 1.0866
-0.47 -0.49 -0.49 2.18 -2.14 -0.0499999999999998 1.85 2.06 1.89 0.31 2.04 -2.01 1.11 -1.08 0.99 0.98787717705079 1.27759611561774 1.52142226513867 -0.6302 0.2984 -0.5534
-0.47 0.51 0.51 0.18 -2.14 -0.0499999999999998 1.85 2.06 0.89 0.31 2.04 -2.01 0.11 0.92 -0.00999999999999979 0.190494781848978 0.515439025986484 2.12104233467205 -0.1502 0.2384 -0.0834
-0.47 -0.49 0.51 -0.82 -0.14 -1.05 -0.15 -1.94 0.89 0.31 -0.96 -2.01 -1.89 1.92 -1.01 0.377868186672579 1.34800593853937 0.962331112394684 -0.6602 -1.1716 0.8566
-0.47 0.51 0.51 1.18 -0.14 1.95 1.85 -1.94 -1.11 -0.69 1.04 1.99 2.11 -1.08 0.99 1.35391181449964 1.01081125810181 0.886843588176017 0.3598 -0.7816 -1.0234
-0.47 -0.49 0.51 -1.82 1.86 1.95 1.85 1.06 1.89 -0.69 2.04 1.99 2.11 1.92 1.99 -0.169301726812396 1.27609775069875 0.996386584797017 0.8698 -1.1716 -1.0234
-0.47 0.51 0.51 0.18 1.86 1.95 1.85 2.06 1.89 1.31 2.04 0.99 2.11 1.92 1.99 1.15303980606261 0.730879317571265 1.57418788881426 0.8698 0.7484 -1.0234
