0.48 0.53 0.5 1.15 0.88 0.82 0.1 -1.95 -2.16 0.24 0.0900000000000001 -0.98 -1.88 -1.01 -0.92 -0.737517645001677 -0.533517614817425 0.801312989334954 -0.5 -0.5906 -0.8948
-0.52 -0.47 -0.5 -0.85 -2.12 -2.18 -1.9 -0.95 0.84 0.24 0.0900000000000001 -1.98 0.12 -0.00999999999999979 -0.92 -0.143157096381932 0.0346966006041786 -1.91186924496838 0.42 -0.0506 -0.0548
0.48 -0.47 -0.5 0.15 1.88 1.82 2.1 -1.95 -1.16 2.24 2.09 2.02 2.12 1.99 2.08 1.36728072201729 1.02098466389103 1.44917347713117 -1.08 -0.9906 1.0252
-0.52 0.53 0.5 -1.85 1.88 1.82 -0.9 -0.95 1.84 -1.76 -1.91 0.02 -0.88 -1.01 -1.92 0.193857215757833 0.486523802772187 0.720575633891133 -1 -0.5906 0.4652
0.48 -0.47 0.5 1.15 0.88 -1.18 -1.9 -1.95 0.84 0.24 -1.91 -1.98 -1.88 -2.01 1.08 0.698481803274093 0.206330133342743 0.169564394686567 0.5 0.8894 -0.8948
0.48 0.53 0.5 -0.85 1.88 -2.18 0.1 -0.95 1.84 -0.76 -0.91 2.02 2.12 -0.00999999999999979 2.08 2.29924360242801 1.87971167070009 -0.643992188288781 1 -0.0606 1.0252
0.48 0.53 0.5 -1.85 1.88 0.82 -1.9 1.05 1.84 -0.76 0.0900000000000001 0.02 -1.88 1.99 -1.92 1.03636448946064 1.36231775718787 0.388168593030135 -1 0.9994 -0.8948
-0.52 -0.47 0.5 2.15 -2.12 -2.18 1.1 0.05 1.84 -1.76 -0.91 0.02 0.12 0.99 -0.92 1.2231723880557 2.30645973941562 0.289148844343592 -0.5 -0.5206 -0.0548
0.48 0.53 0.5 0.15 -1.12 -1.18 1.1 -0.95 1.84 0.24 2.09 -0.98 -1.88 -2.01 0.0800000000000001 -0.261094217578577 2.38590438882506 0.269873836407815 0 -1.1206 -0.8948
-0.52 -0.47 -0.5 2.15 -0.12 1.82 1.1 2.05 0.84 -1.76 -0.91 -0.98 -0.88 -1.01 1.08 1.36568556875603 2.07822362073019 2.49861014927549 -0.58 0.4194 0.4652
-0.52 -0.47 -0.5 0.15 -1.12 0.82 2.1 2.05 -1.16 -0.76 2.09 0.02 0.12 -0.00999999999999979 -1.92 0.716940075285636 2.70920416403543 1.23880392388252 0.92 -0.0506 -0.0548
-0.52 -0.47 -0.5 -0.85 1.88 -2.18 -0.9 -1.95 1.84 2.24 -0.91 2.02 0.12 0.99 0.0800000000000001 -0.0198272798170382 0.813441151585464 2.96558508508345 -0.08 -0.5206 -0.0548
-0.52 0.53 0.5 2.15 -1.12 -1.18 -0.9 0.05 -0.16 -1.76 -1.91 2.02 2.12 0.99 0.0800000000000001 0.522671867228648 1.41650687940044 0.614267241630117 0 0.4694 -1.0948
0.48 0.53 0.5 -1.85 1.88 -2.18 -1.9 0.05 -0.16 2.24 -1.91 -0.98 1.12 -1.01 -0.92 1.22872880149772 -0.0333550034574499 0.30530688305524 -0.5 -0.5906 0.5452
0.48 -0.47 0.5 0.15 -2.12 1.82 2.1 -1.95 1.84 -0.76 0.0900000000000001 1.02 -0.88 0.99 1.08 0.429547330470594 0.187321353357919 1.01013829712051 0.5 -0.5206 -0.4148
0.48 0.53 0.5 -1.85 0.88 -0.18 -1.9 1.05 1.84 -1.76 0.0900000000000001 1.02 -0.88 0.99 1.08 3.08634369718951 0.735891483337127 2.42693892417582 0.5 0.4694 -0.4148
0.48 -0.47 -0.5 2.15 0.88 0.82 2.1 -1.95 -0.16 -1.76 1.09 2.02 -1.88 0.99 2.08 -0.575344410919291 0.31129391221024 1.43204451715113 -1.08 -0.5206 -0.8948
0.48 0.53 -0.5 -1.85 0.88 -0.18 -1.9 -1.95 1.84 -1.76 -1.91 0.02 -1.88 -0.00999999999999979 0.0800000000000001 0.929970249010855 2.11809524127533 2.42398879289433 -0.08 -0.0606 -0.8948
0.48 0.53 0.5 2.15 0.88 1.82 2.1 1.05 0.84 -1.76 2.09 2.02 -0.88 1.99 0.0800000000000001 0.681952466504747 -0.18015097726238 -0.0741153932589715 0 0.9994 -0.4148
0.48 -0.47 0.5 0.15 0.88 1.82 -1.9 2.05 -2.16 0.24 0.0900000000000001 -1.98 -1.88 -2.01 -1.92 1.21091364047918 1.27148909310766 3.93413329950039 -1 0.8894 -0.8948
0.48 -0.47 -0.5 0.15 0.88 -2.18 2.1 -0.95 0.84 2.24 0.0900000000000001 2.02 2.12 -2.01 0.0800000000000001 0.324500430412429 0.527438455075679 1.88932739890035 -0.08 0.8894 1.0252
-0.52 -0.47 -0.5 2.15 1.88 -1.18 -0.9 2.05 -1.16 0.24 -0.91 2.02 -0.88 0.99 -0.92 0.525665784217502 -0.38001046356303 0.982349096806725 0.42 -0.5206 0.4652
-0.52 -0.47 -0.5 2.15 -1.12 -0.18 -1.9 2.05 -1.16 2.24 -1.91 2.02 2.12 -0.00999999999999979 2.08 -0.500040946691719 0.0476236536414313 -0.362214361222366 -1.08 -0.0506 -1.0948
-0.52 -0.47 -0.5 2.15 -2.12 -0.18 2.1 2.05 -0.16 1.24 -1.91 1.02 -1.88 1.99 -1.92 0.534219217507617 1.03563649573011 0.746300452784035 0.92 -0.9906 0.9852
-0.52 -0.47 -0.5 0.15 -2.12 -2.18 -0.9 -0.95 -0.16 -1.76 -1.91 -0.98 1.12 -2.01 -1.92 -0.284292016786138 0.812368187071889 1.75973415457429 0.92 0.8894 -0.5748
0.48 0.53 0.5 2.15 -1.12 0.82 -0.9 2.05 0.84 -0.76 0.0900000000000001 2.02 2.12 -2.01 -0.92 0.322401519018401 0.850679197804711 1.12976405327536 -0.5 -1.1206 1.0252
-0.52 -0.47 -0.5 -1.85 -2.12 0.82 2.1 -1.95 -0.16 2.24 -1.91 -1.98 2.12 -2.01 -0.92 1.85566623556217 2.17531152703106 0.653932933815567 0.42 0.8894 -1.0948
0.48 -0.47 -0.5 1.15 -1.12 1.82 2.1 2.05 1.84 -1.76 -1.91 0.02 2.12 -0.00999999999999979 1.08 1.54179834577915 1.02549910101571 -1.02692786327364 -0.58 -0.0506 1.0252
0.48 0.53 0.5 -0.85 1.88 -0.18 2.1 2.05 1.84 -0.76 1.09 2.02 -0.88 1.99 2.08 2.14008194575268 1.39155189826273 0.609329682490448 1 0.9994 -0.4148
-0.52 -0.47 -0.5 -1.85 -2.12 -0.18 -1.9 -0.95 1.84 -1.76 -1.91 -1.98 1.12 -2.01 -1.92 0.823330389152374 1.04417943507251 0.189273595121932 0.92 0.8894 -0.5748
-0.52 0.53 -0.5 2.15 -2.12 0.82 -0.9 -0.95 -0.16 2.24 -0.91 0.02 -1.88 -0.00999999999999979 1.08 1.36646492485399 1.86617624875855 2.65255193578246 -0.58 -0.0606 0.9852
0.48 -0.47 -0.5 0.15 0.88 1.82 -1.9 1.05 1.84 1.24 2.09 0.02 -1.88 -2.01 -1.92 1.2383807335729 -0.335886544596631 0.90357946462784 0.92 0.8894 -0.8948
0.48 0.53 0.5 -1.85 -2.12 0.82 1.1 -1.95 -2.16 0.24 0.0900000000000001 -1.98 -1.88 -1.01 -0.92 -0.0636907486638052 1.42879807282726 -0.886798590096757 -0.5 -0.5906 -0.8948
-0.52 0.53 0.5 -1.85 0.88 1.82 -0.9 -1.95 -2.16 -1.76 -1.91 2.02 -1.88 -0.00999999999999979 -0.92 0.764394573749364 1.2181943542316 1.87879134671295 -0.5 -0.0606 0.9852
0.48 0.53 0.5 2.15 -2.12 -2.18 1.1 2.05 1.84 1.24 0.0900000000000001 2.02 2.12 0.99 2.08 0.563328907871209 2.26247291204642 2.63938263551397 1 0.4694 1.0252
-0.52 -0.47 -0.5 1.15 -2.12 -0.18 0.1 -1.95 -0.16 -1.76 -0.91 -0.98 -1.88 -0.00999999999999979 -1.92 0.529387641443147 1.08779592449253 0.678347652496673 0.92 -0.0506 0.9852
-0.52 -0.47 -0.5 -1.85 1.88 0.82 1.1 2.05 -1.16 1.24 2.09 0.02 1.12 1.99 0.0800000000000001 -0.322526413730966 0.672173042457316 -0.211471046227388 -0.08 -0.9906 -0.5748
0.48 -0.47 -0.5 -1.85 1.88 -2.18 -0.9 -1.95 -1.16 -1.76 -0.91 -1.98 0.12 -2.01 -1.92 0.4706562476795 0.00301522124528086 2.31855505191348 0.92 0.8894 0.0652
0.48 0.53 0.5 -1.85 1.88 -2.18 2.1 0.05 1.84 1.24 0.0900000000000001 1.02 0.12 -1.01 1.08 1.51418170028958 2.02430992087824 3.894391373226 0.5 -0.5906 0.0652
-0.52 -0.47 0.5 -1.85 -2.12 1.82 2.1 -0.95 -2.16 2.24 -0.91 2.02 -0.88 1.99 0.0800000000000001 1.68055894700171 1.64681568319068 2.39471325463657 0 -0.9906 0.4652
-0.52 -0.47 -0.5 0.15 -0.12 -1.18 -1.9 2.05 1.84 2.24 2.09 2.02 2.12 1.99 2.08 0.997415648562037 0.95684425869141 0.528510246238495 -1.08 -0.9906 -1.0948
0.48 0.53 -0.5 1.15 0.88 -2.18 2.1 2.05 0.84 2.24 1.09 -0.98 1.12 1.99 1.08 0.0838495307399698 1.37460337706171 2.5146917952863 -0.58 0.9994 0.5452
0.48 0.53 -0.5 1.15 0.88 -2.18 1.1 0.05 -0.16 -1.76 -0.91 -1.98 -1.88 0.99 0.0800000000000001 -0.139737146093815 0.165770274060438 1.52340262083002 -0.08 0.4694 -0.8948
0.48 0.53 0.5 1.15 1.88 1.82 -0.9 -1.95 0.84 -0.76 2.09 0.02 2.12 0.99 -0.92 -1.09335826683485 -0.337566894302812 -1.12039872743282 -0.5 0.4694 1.0252
0.48 -0.47 0.5 2.15 0.88 -1.18 -0.9 0.05 0.84 0.24 -0.91 -1.98 0.12 -1.01 1.08 0.34269324745622 0.85430202369241 2.05569528410607 0.5 0.4194 0.0652
-0.52 -0.47 -0.5 -1.85 0.88 0.82 -1.9 -1.95 0.84 0.24 -0.91 -1.98 -0.88 -1.01 1.08 0.760121726300507 1.40806126731073 2.39369916390969 -0.58 0.4194 0.4652
-0.52 -0.47 -0.5 -1.85 1.88 -0.18 -1.9 -0.95 -2.16 0.24 1.09 0.02 -1.88 -1.01 1.08 -0.483323353913807 1.14776754393602 0.515727498436898 -0.58 0.4194 0.9852
0.48 0.53 0.5 2.15 1.88 0.82 2.1 0.05 1.84 -0.76 -1.91 -1.98 -0.88 1.99 1.08 2.16599446283187 0.856596089560697 1.37289251378701 0.5 0.9994 -0.4148
0.48 -0.47 0.5 1.15 1.88 -0.18 -0.9 0.05 0.84 1.24 -0.91 -1.98 -1.88 -0.00999999999999979 0.0800000000000001 -0.298287227036599 0.300075863304779 0.856451606200092 0 -0.0506 -0.8948
0.48 0.53 0.5 2.15 -2.12 1.82 0.1 2.05 -1.16 2.24 0.0900000000000001 -0.98 1.12 0.99 -0.92 1.08880530870669 0.0913116846055726 0.913539501943837 -0.5 0.4694 0.5452
0.48 0.53 0.5 0.15 1.88 1.82 -1.9 -1.95 1.84 2.24 0.0900000000000001 0.02 2.12 0.99 2.08 1.1521226004562 2.19405287812569 3.37353020540259 1 0.4694 1.0252
0.48 0.53 0.5 -0.85 -1.12 1.82 -0.9 -1.95 -2.16 -1.76 -0.91 -1.98 -1.88 -1.01 -0.92 -0.0563075202333878 1.94270626683212 1.94067806180425 -0.5 -0.5906 -0.8948
0.48 0.53 0.5 -0.85 1.88 1.82 0.1 2.05 1.84 2.24 2.09 2.02 2.12 -1.01 2.08 1.49685342819634 3.14328999125318 2.97867967616681 1 -0.5906 1.0252
-0.52 0.53 -0.5 2.15 1.88 0.82 -1.9 2.05 -2.16 0.24 2.09 2.02 1.12 -0.00999999999999979 -1.92 0.686945979979881 1.75901037245952 2.0106370385369 0.92 -0.0606 -0.5748
0.48 -0.47 0.5 0.15 1.88 1.82 2.1 -0.95 -2.16 2.24 0.0900000000000001 2.02 2.12 1.99 2.08 1.72345136356452 1.33125252212717 1.25213832979446 1 -0.9906 1.0252
-0.52 -0.47 -0.5 -1.85 -2.12 -1.18 -0.9 -0.95 -0.16 -1.76 0.0900000000000001 2.02 -1.88 -2.01 -1.92 -0.591195186052345 0.433443755492044 -1.2556148182498 0.92 0.8894 0.9852
0.48 0.53 0.5 -0.85 0.88 0.82 -1.9 -1.95 0.84 2.24 2.09 2.02 1.12 0.99 2.08 2.09729997916237 1.48873064220671 1.05349071725797 1 0.4694 0.5452
-0.52 -0.47 0.5 0.15 1.88 -0.18 -1.9 -1.95 -1.16 -0.76 -1.91 0.02 1.12 -1.01 -1.92 1.620700765751 0.827862024709239 1.29726810003333 -1 0.4194 -0.5748
0.48 -0.47 0.5 1.15 -2.12 -0.18 -0.9 2.05 1.84 2.24 2.09 2.02 1.12 -0.00999999999999979 1.08 -0.328173863858396 -0.364435452914158 0.261685304595561 0.5 -0.0506 0.5452
0.48 0.53 -0.5 -1.85 1.88 0.82 1.1 -1.95 -0.16 -1.76 1.09 -1.98 -1.88 -1.01 1.08 0.10345055057239 0.139578695821528 0.841649700424761 -0.58 -0.5906 -0.8948
0.48 0.53 0.5 0.15 1.88 1.82 0.1 1.05 -1.16 -1.76 -1.91 -1.98 -1.88 -2.01 -1.92 0.735301455686062 0.523090514640961 1.05696678874044 -1 -1.1206 -0.8948
-0.52 -0.47 -0.5 1.15 -2.12 0.82 -1.9 1.05 -2.16 -1.76 -0.91 -0.98 -1.88 -1.01 -1.92 -0.510448003369071 0.515745708086477 1.36169043240453 0.92 0.4194 0.9852
0.48 0.53 0.5 -1.85 -2.12 -1.18 1.1 0.05 -1.16 2.24 0.0900000000000001 -0.98 -0.88 0.99 1.08 0.578610178560304 0.633652081174496 0.423611874350876 0.5 0.4694 -0.4148
0.48 0.53 0.5 1.15 -0.12 0.82 0.1 2.05 1.84 -0.76 -1.91 2.02 2.12 -0.00999999999999979 0.0800000000000001 1.56071053304005 1.69701840938731 2.77406098753603 0 -0.0606 1.0252
-0.52 -0.47 0.5 -1.85 -2.12 -2.18 2.1 -1.95 -1.16 -1.76 0.0900000000000001 -1.98 -1.88 -1.01 -0.92 1.24933099534669 1.18596432003614 0.196432015701275 -0.5 0.4194 0.9852
-0.52 0.53 -0.5 2.15 -2.12 1.82 1.1 -0.95 0.84 -1.76 2.09 2.02 2.12 0.99 2.08 0.176970949681377 -0.454534777339289 0.391945733807876 -1.08 0.4694 -1.0948
-0.52 -0.47 0.5 0.15 1.88 -2.18 2.1 -1.95 -0.16 2.24 2.09 2.02 2.12 -0.00999999999999979 0.0800000000000001 1.02111095668892 1.7672043738872 1.12879496096816 0 -0.0506 -1.0948
-0.52 0.53 0.5 2.15 -1.12 -1.18 -1.9 2.05 -1.16 2.24 0.0900000000000001 0.02 2.12 0.99 0.0800000000000001 0.366119675081075 0.205201298971315 0.121932870288859 0 0.4694 -1.0948
-0.52 0.53 0.5 -0.85 0.88 1.82 -1.9 2.05 0.84 0.24 1.09 -1.98 -1.88 -0.00999999999999979 0.0800000000000001 1.27862065529505 1.71193596338678 2.95079936930177 0 -0.0606 0.9852
-0.52 -0.47 -0.5 1.15 1.88 -0.18 -0.9 1.05 -2.16 -0.76 1.09 0.02 -0.88 1.99 2.08 0.286604533050693 0.845477723561681 0.507598112567047 -1.08 -0.9906 0.4652
-0.52 0.53 0.5 2.15 -1.12 1.82 -1.9 -1.95 -2.16 -1.76 2.09 0.02 2.12 -1.01 0.0800000000000001 0.462675112616449 1.22229661905036 0.0753616814002236 0 -0.5906 -1.0948
-0.52 -0.47 -0.5 -1.85 -1.12 -2.18 1.1 -0.95 0.84 0.24 -1.91 -1.98 0.12 -2.01 -0.92 -0.533286399028343 0.386915433637954 0.106145368927538 0.42 0.8894 -0.0548
0.48 0.53 0.5 0.15 -2.12 -2.18 1.1 -1.95 0.84 -1.76 -1.91 -1.98 0.12 -2.01 -1.92 1.19967403525296 1.0153490313084 0.576619115357781 -1 -1.1206 0.0652
0.48 0.53 -0.5 -0.85 1.88 -2.18 0.1 2.05 -0.16 -1.76 0.0900000000000001 0.02 -1.88 -2.01 -0.92 1.48172884527564 0.867276963255386 1.33167249314033 0.42 -1.1206 -0.8948
0.48 0.53 0.5 -1.85 -2.12 -2.18 2.1 -1.95 -1.16 1.24 1.09 1.02 -1.88 -2.01 1.08 0.262538505892175 0.538776668582266 0.493593128383758 0.5 -1.1206 -0.8948
-0.52 -0.47 -0.5 -0.85 1.88 -2.18 0.1 1.05 0.84 0.24 2.09 0.02 2.12 1.99 0.0800000000000001 -0.419560579304994 0.237656154762917 -0.0222349346203856 -0.08 -0.9906 -1.0948
-0.52 -0.47 -0.5 2.15 1.88 1.82 -0.9 2.05 1.84 1.24 1.09 2.02 2.12 -0.00999999999999979 2.08 0.315850374633066 0.417365426669495 1.08781250964688 -1.08 -0.0506 -1.0948
-0.52 -0.47 -0.5 -1.85 -2.12 -1.18 1.1 2.05 0.84 2.24 -0.91 0.02 2.12 -1.01 2.08 0.848147847185659 1.00642425667734 1.62261571077079 -1.08 0.4194 -1.0948
-0.52 0.53 -0.5 0.15 -2.12 -0.18 -1.9 0.05 -2.16 -0.76 2.09 -1.98 -1.88 0.99 -0.92 0.777980999979603 0.585618224898622 0.742372220269178 0.42 0.4694 0.9852
0.48 0.53 0.5 -1.85 1.88 -0.18 2.1 2.05 0.84 0.24 2.09 0.02 2.12 1.99 2.08 1.11083429537715 1.78835736994248 1.20393250391807 1 0.9994 1.0252
-0.52 -0.47 -0.5 0.15 -2.12 -2.18 2.1 1.05 -1.16 2.24 2.09 0.02 -1.88 1.99 -0.92 0.365590952419964 1.60010951920248 1.18224431183703 0.42 -0.9906 0.9852
0.48 -0.47 -0.5 1.15 -0.12 1.82 -1.9 2.05 -2.16 1.24 -0.91 -1.98 -1.88 0.99 -1.92 0.522218507009733 -0.654027812761329 0.503244782733487 0.92 -0.5206 -0.8948
-0.52 -0.47 -0.5 -1.85 -0.12 -1.18 1.1 -1.95 -1.16 -0.76 -0.91 -1.98 -0.88 -2.01 -1.92 -0.403581643579542 -0.569484867005704 -0.565550367689269 0.92 0.8894 0.4652
-0.52 0.53 -0.5 2.15 -2.12 1.82 1.1 2.05 1.84 0.24 2.09 2.02 -1.88 1.99 2.08 1.44211080118602 0.75578750282334 1.96351051157788 -1.08 0.9994 0.9852
-0.52 -0.47 0.5 -1.85 1.88 0.82 -1.9 -1.95 -1.16 -1.76 -0.91 -1.98 1.12 -2.01 2.08 0.99260689129721 1.19615226818734 1.74344341134233 1 0.8894 -0.5748
-0.52 -0.47 -0.5 -1.85 -1.12 -2.18 -0.9 -1.95 1.84 2.24 1.09 2.02 2.12 1.99 0.0800000000000001 0.19543522310361 0.616366444083725 1.80614915236422 -0.08 -0.9906 -1.0948
-0.52 -0.47 -0.5 2.15 -2.12 -2.18 -1.9 -0.95 -2.16 -0.76 -1.91 -1.98 -0.88 -2.01 -1.92 0.849753770782168 0.755515816889857 1.26554972785512 0.92 0.8894 0.4652
-0.52 -0.47 -0.5 -1.85 0.88 0.82 0.1 -1.95 -0.16 -1.76 -1.91 1.02 0.12 -0.00999999999999979 -0.92 -0.661075619040855 -0.53005377690774 -0.765334348075095 0.42 -0.0506 -0.0548
0.48 0.53 0.5 0.15 -2.12 -2.18 -1.9 2.05 -2.16 2.24 -0.91 -1.98 1.12 -0.00999999999999979 -1.92 0.202033150370813 2.00939573330458 1.44557518993432 -1 -0.0606 0.5452
-0.52 -0.47 0.5 0.15 -1.12 -0.18 -0.9 -0.95 -2.16 -1.76 -1.91 -1.98 -1.88 -2.01 -1.92 -0.533542822424551 -0.410612477596848 -0.456072112027422 -1 0.8894 0.9852
0.48 0.53 -0.5 2.15 1.88 0.82 -1.9 0.05 -0.16 0.24 2.09 0.02 -1.88 -1.01 0.0800000000000001 0.489268457766764 1.61254992895334 1.96211973270403 -0.08 -0.5906 -0.8948
0.48 0.53 0.5 -1.85 1.88 1.82 -0.9 2.05 -2.16 -1.76 -1.91 2.02 1.12 1.99 -0.92 -0.392490805281087 0.305401264579899 -0.0545379569866532 -0.5 0.9994 0.5452
0.48 -0.47 -0.5 -0.85 0.88 1.82 2.1 2.05 -0.16 0.24 2.09 2.02 2.12 0.99 2.08 0.695840482989977 1.28384173445138 0.783272526626667 -1.08 -0.5206 1.0252
-0.52 -0.47 -0.5 -1.85 -2.12 -2.18 0.1 -1.95 0.84 -1.76 -0.91 -0.98 -1.88 -0.00999999999999979 -1.92 0.721417720863049 1.95494389407572 1.15668310803003 0.92 -0.0506 0.9852
0.48 -0.47 -0.5 -1.85 0.88 -1.18 2.1 1.05 0.84 -1.76 1.09 0.02 1.12 1.99 1.08 -1.18920732296144 0.283512658456211 0.368626637597733 -0.58 -0.9906 0.5452
0.48 -0.47 0.5 0.15 1.88 0.82 -1.9 -1.95 -1.16 -0.76 -0.91 2.02 2.12 -0.00999999999999979 -0.92 -0.357022744886402 -0.248896811391793 0.759599569856494 -0.5 -0.0506 1.0252
0.48 0.53 0.5 -1.85 -1.12 1.82 2.1 -0.95 -1.16 -0.76 1.09 -1.98 -1.88 -1.01 0.0800000000000001 1.36003385116908 2.04452096053373 2.13457851390988 0 -0.5906 -0.8948
0.48 0.53 0.5 1.15 1.88 1.82 2.1 1.05 1.84 2.24 2.09 -0.98 1.12 -0.00999999999999979 1.08 1.57346112455242 2.19926023914346 1.94712414311078 0.5 -0.0606 0.5452
-0.52 0.53 -0.5 -1.85 -2.12 1.82 2.1 2.05 -1.16 -1.76 -1.91 -0.98 0.12 0.99 0.0800000000000001 -0.788378518711672 0.405017963764715 -0.280938034498635 -0.08 0.4694 -0.0548
-0.52 -0.47 -0.5 2.15 -2.12 1.82 1.1 1.05 -0.16 -0.76 1.09 -0.98 1.12 1.99 0.0800000000000001 -0.536092108601994 -1.51719467749858 -1.05278501417111 -0.08 -0.9906 -0.5748
