-0.504 0.456 0.508 -1.996 1.932 -1 1.02 -0.0760000000000001 -0.0640000000000001 0.952 0.796 0.124 1.968 0.00800000000000001 -0.024 -1.02051650954875 0.0603453981947437 0.0478042339327479 -0.072384 -0.100704 -0.987744
0.496 0.456 0.508 2.004 0.932 -1 -1.98 1.924 -0.0640000000000001 -2.048 -2.204 0.124 0.968 -1.992 -0.024 1.25204211827595 0.801792549007582 1.95610944737175 -0.072384 -1.012704 0.484256
-0.504 0.456 0.508 2.004 -1.068 -2 0.02 -2.076 1.936 1.952 1.796 2.124 -2.032 -0.992 1.976 0.569764558259851 1.3745317247921 1.24451740566889 0.943616 -0.556704 1.028256
-0.504 -0.544 -0.492 -1.996 -1.068 -2 -1.98 1.924 -2.064 1.952 -2.204 1.124 -2.032 0.00800000000000001 -2.024 1.28607605661299 0.442803849333751 0.476071247201591 0.935616 -0.108704 1.028256
-0.504 -0.544 0.508 -1.996 -1.068 1 0.02 -2.076 -2.064 -2.048 -1.204 -1.876 -0.032 -1.992 -1.024 1.61527781858367 -1.27234366610367 -1.22939459052556 -0.580384 0.979296 0.020256
-0.504 0.456 0.508 -0.996 1.932 0 2.02 -0.0760000000000001 1.936 -2.048 1.796 -0.876 -2.032 -1.992 -1.024 1.45445901493427 0.793252838027864 1.10765474480434 -0.580384 -1.012704 1.028256
-0.504 -0.544 -0.492 0.004 -0.0680000000000001 0 -1.98 -2.076 -2.064 -1.048 -2.204 1.124 -2.032 2.008 -2.024 1.33784687339311 1.93280049002762 -0.284061957546934 0.935616 -1.196704 1.028256
0.496 0.456 0.508 -0.996 1.932 2 1.02 -0.0760000000000001 1.936 1.952 1.796 0.124 1.968 -0.992 0.976 2.26155381584087 2.00420394685591 1.45403504794198 0.435616 -0.556704 0.980256
-0.504 -0.544 -0.492 -1.996 1.932 0 2.02 -2.076 1.936 -1.048 1.796 -1.876 1.968 2.008 1.976 1.73390758256829 1.85487924282751 2.95825393261897 -1.032384 -1.196704 -0.987744
0.496 0.456 0.508 -1.996 -2.068 0 -1.98 -1.076 -2.064 -2.048 0.796 2.124 0.968 -1.992 -0.024 -0.955334538960793 0.0714189542743302 0.886945875637528 -0.072384 -1.012704 0.484256
-0.504 -0.544 -0.492 0.004 1.932 -1 -0.98 1.924 -2.064 0.952 -2.204 2.124 1.968 -1.992 0.976 0.760359391047681 0.863565503193451 1.29387983978936 -0.540384 0.979296 -0.987744
-0.504 -0.544 -0.492 2.004 -1.068 -2 -1.98 -0.0760000000000001 -0.0640000000000001 1.952 1.796 2.124 -1.032 1.008 -0.024 1.56168923016678 -0.349872191826985 0.903186788047652 -0.048384 -0.652704 0.524256
0.496 0.456 0.508 -1.996 -2.068 -1 2.02 -2.076 -2.064 -0.048 -2.204 0.124 -2.032 -1.992 -2.024 0.648247541060307 0.3215306629591 2.29221470503203 -1.088384 -1.012704 -1.003744
-0.504 0.456 0.508 -0.996 -2.068 1 2.02 -0.0760000000000001 -0.0640000000000001 1.952 1.796 2.124 1.968 2.008 -1.024 -0.334348242573458 1.17368916373287 0.396868754415767 -0.580384 0.811296 -0.987744
-0.504 0.456 0.508 2.004 -1.068 1 -0.98 -0.0760000000000001 1.936 1.952 1.796 0.124 1.968 0.00800000000000001 -2.024 0.568094163795447 1.78676997049266 1.90403976239165 -1.088384 -0.100704 -0.987744
-0.504 0.456 -0.492 -1.996 1.932 -2 -1.98 1.924 -2.064 -0.048 -0.204 1.124 -0.032 0.00800000000000001 -2.024 0.726793649397789 -0.317240731603369 0.831209726738106 0.935616 -0.100704 0.020256
-0.504 -0.544 0.508 2.004 1.932 0 -1.98 -1.076 0.936 -1.048 1.796 2.124 1.968 1.008 0.976 1.2224341308189 1.11380856454447 0.274132755271892 0.435616 -0.652704 -0.987744
-0.504 0.456 0.508 0.004 -2.068 -1 0.02 0.924 -2.064 0.952 0.796 -1.876 -1.032 1.008 -2.024 -0.32513717349191 -0.638365075058418 -2.05684802547191 -1.088384 0.355296 0.524256
-0.504 0.456 0.508 0.004 1.932 -2 -1.98 -2.076 -1.064 -0.048 0.796 0.124 1.968 2.008 -1.024 -0.554278085623904 -0.849456562497863 -0.129914154639501 -0.580384 0.811296 -0.987744
-0.504 -0.544 -0.492 1.004 -1.068 2 2.02 -0.0760000000000001 -1.064 -0.048 -1.204 -1.876 -0.032 -0.992 1.976 1.19010853631856 0.515763654283295 0.167238439722892 -1.032384 0.435296 0.020256
-0.504 -0.544 -0.492 2.004 1.932 2 -1.98 -0.0760000000000001 -1.064 1.952 0.796 2.124 -0.032 2.008 1.976 0.407974725156365 2.17232638872004 1.68415554005927 -1.032384 -1.196704 0.020256
-0.504 -0.544 -0.492 -0.996 -2.068 0 -1.98 1.924 1.936 -1.048 1.796 2.124 1.968 -1.992 1.976 3.02123213100266 1.82423022266094 2.21594253125649 -1.032384 0.979296 -0.987744
0.496 0.456 -0.492 2.004 -2.068 2 2.02 1.924 0.936 -2.048 1.796 2.124 1.968 1.008 1.976 -2.14862437901596 0.952010477578186 0.452123626591982 -1.032384 0.355296 0.980256
-0.504 0.456 0.508 0.004 -2.068 -1 1.02 -2.076 1.936 1.952 0.796 -1.876 -0.032 2.008 -0.024 -0.554679913414616 -0.861203231276315 1.45530708864033 -0.072384 0.811296 0.020256
0.496 0.456 -0.492 -1.996 -0.0680000000000001 -1 0.02 -1.076 1.936 -1.048 1.796 -0.876 1.968 1.008 -1.024 2.15667822742509 1.01275814184558 1.76217368366432 0.443616 0.355296 0.980256
0.496 -0.544 -0.492 2.004 -0.0680000000000001 -2 0.02 -0.0760000000000001 -0.0640000000000001 1.952 -2.204 -1.876 -2.032 -0.992 0.976 2.68369597309506 1.42183294733698 1.58312919413833 -0.540384 0.435296 -1.003744
-0.504 -0.544 0.508 2.004 -2.068 0 -1.98 1.924 -1.064 0.952 0.796 2.124 -2.032 -0.992 -1.024 0.255408964592985 1.03477104214871 1.87641491363455 -0.580384 0.435296 1.028256
0.496 0.456 0.508 2.004 1.932 0 2.02 1.924 -2.064 -0.048 -2.204 -0.876 -0.032 -0.992 -0.024 -0.115367180646891 1.76750019228794 1.07782115111706 -0.072384 -0.556704 -0.011744
0.496 0.456 0.508 -1.996 -1.068 2 1.02 1.924 -1.064 -1.048 -0.204 -0.876 1.968 2.008 1.976 0.898841945272334 1.7153535471532 2.95178941559103 0.943616 0.811296 0.980256
0.496 0.456 -0.492 0.004 -2.068 1 -1.98 -2.076 1.936 -2.048 -2.204 0.124 -1.032 0.00800000000000001 -0.024 -0.37599869818136 2.58225757744859 -0.596229478492971 -0.048384 -0.100704 -0.507744
0.496 0.456 0.508 2.004 1.932 2 0.02 -0.0760000000000001 1.936 1.952 1.796 2.124 0.968 2.008 1.976 -0.207789686163055 0.31394368026865 2.00343453847938 0.943616 0.811296 0.484256
-0.504 -0.544 -0.492 0.004 -1.068 -2 1.02 -0.0760000000000001 -1.064 -0.048 1.796 -1.876 -0.032 2.008 1.976 1.26027665975341 0.617835720267678 1.42223390666681 -1.032384 -1.196704 0.020256
0.496 0.456 0.508 -1.996 -2.068 -2 -0.98 -2.076 1.936 1.952 1.796 -1.876 1.968 0.00800000000000001 -1.024 -0.183151110855094 0.793035335442087 0.291462179098788 -0.580384 -0.100704 0.980256
-0.504 -0.544 -0.492 2.004 -1.068 2 -0.98 -2.076 -1.064 -0.048 1.796 1.124 1.968 -1.992 -1.024 -0.0378804719580238 1.62216226918619 1.31461921358692 0.443616 0.979296 -0.987744
-0.504 -0.544 -0.492 -0.996 0.932 1 -1.98 0.924 -2.064 1.952 -2.204 -1.876 1.968 -0.992 -2.024 2.85311496076592 0.0931619212212154 0.206326743185595 0.935616 0.435296 -0.987744
-0.504 -0.544 -0.492 -1.996 1.932 -1 1.02 1.924 -2.064 1.952 0.796 -1.876 1.968 2.008 1.976 2.00082620459797 0.68827767097237 0.911914179421366 -1.032384 -1.196704 -0.987744
0.496 -0.544 0.508 0.004 -0.0680000000000001 -2 0.02 -2.076 1.936 -2.048 -2.204 -1.876 1.968 1.008 -2.024 1.24865391715501 0.543214211326648 0.928161417905232 -1.088384 -0.652704 0.980256
-0.504 -0.544 -0.492 -1.996 1.932 2 -1.98 1.924 -1.064 -2.048 1.796 1.124 -2.032 1.008 -1.024 1.95642882126945 0.858655432447797 0.268747239270054 0.443616 -0.652704 1.028256
-0.504 0.456 0.508 -1.996 -0.0680000000000001 -2 2.02 -2.076 1.936 -2.048 -2.204 -1.876 -2.032 -1.992 -2.024 0.256185232351615 3.35370840564538 2.22877250049171 -1.088384 -1.012704 1.028256
0.496 0.456 0.508 2.004 0.932 -2 -0.98 -0.0760000000000001 0.936 -1.048 -0.204 -0.876 1.968 0.00800000000000001 0.976 1.27123602033762 1.17253356164985 2.80600852909637 0.435616 -0.100704 0.980256
-0.504 0.456 -0.492 2.004 -1.068 2 2.02 1.924 1.936 -2.048 0.796 0.124 -1.032 1.008 -1.024 1.53091816188993 1.515948719741 0.261382295416889 0.443616 0.355296 0.524256
0.496 -0.544 -0.492 -0.996 -0.0680000000000001 -1 -1.98 -2.076 -2.064 -2.048 -2.204 -1.876 -2.032 1.008 -2.024 -1.32626670446674 0.609638103703731 1.73850289849147 0.935616 -0.652704 -1.003744
0.496 -0.544 -0.492 -1.996 -2.068 1 -1.98 1.924 -2.064 -2.048 -2.204 -1.876 -2.032 1.008 -0.024 0.276005580801165 1.30784504151842 0.769419185861564 -0.048384 -0.652704 -1.003744
0.496 -0.544 0.508 -1.996 -1.068 2 0.02 -1.076 -2.064 0.952 0.796 -1.876 -2.032 -1.992 -1.024 1.23099296653822 0.927049661718532 2.9121039793422 -0.580384 0.979296 -1.003744
-0.504 -0.544 0.508 -0.996 1.932 -2 -1.98 -1.076 -0.0640000000000001 1.952 -2.204 2.124 0.968 -1.992 1.976 0.724391718438572 2.94488491930591 3.0944125720607 0.943616 0.979296 -0.483744
-0.504 -0.544 -0.492 -1.996 -0.0680000000000001 -2 -0.98 -0.0760000000000001 -1.064 -2.048 0.796 -0.876 -0.032 2.008 0.976 1.27834686111228 1.69615411634173 1.0249126998141 -0.540384 -1.196704 0.020256
0.496 0.456 0.508 1.004 -0.0680000000000001 2 -1.98 -1.076 -0.0640000000000001 -2.048 0.796 2.124 1.968 1.008 0.976 0.581196001087711 0.877123966037618 1.25731054056895 0.435616 0.355296 0.980256
0.496 -0.544 0.508 1.004 1.932 -2 -0.98 -2.076 1.936 -2.048 -0.204 -0.876 -2.032 0.00800000000000001 0.976 -1.01303914152422 0.44789275510874 0.237101762226873 0.435616 -0.108704 -1.003744
0.496 -0.544 0.508 2.004 -0.0680000000000001 -1 2.02 -2.076 0.936 -2.048 0.796 -1.876 -1.032 -1.992 -2.024 -0.303008756091154 0.0985001769430855 1.00531260974601 -1.088384 0.979296 -0.507744
0.496 0.456 -0.492 2.004 -2.068 -1 1.02 1.924 -2.064 1.952 -1.204 2.124 1.968 2.008 -0.024 0.0762108494839929 1.51872698734987 1.55266438985826 -0.048384 0.811296 0.980256
0.496 -0.544 -0.492 0.004 1.932 2 2.02 1.924 1.936 1.952 1.796 2.124 1.968 1.008 -0.024 -0.0624158219331267 0.518580894952937 0.562116228308691 -0.048384 -0.652704 0.980256
0.496 0.456 0.508 2.004 -2.068 2 2.02 1.924 1.936 1.952 0.796 2.124 1.968 2.008 1.976 -0.414527926487484 1.01380173650922 1.4715239413972 0.943616 0.811296 0.980256
0.496 -0.544 -0.492 2.004 -2.068 0 -1.98 -2.076 -2.064 -2.048 -2.204 -1.876 -2.032 -1.992 -1.024 -0.447062309226678 1.0289586296325 0.780805753710604 0.443616 0.979296 -1.003744
0.496 -0.544 0.508 -1.996 1.932 -2 -1.98 0.924 -0.0640000000000001 0.952 0.796 -1.876 -0.032 1.008 -1.024 0.965310729335691 1.71893129282753 3.22934977547014 -0.580384 -0.652704 -0.011744
-0.504 -0.544 -0.492 -1.996 -2.068 -2 -1.98 -2.076 -1.064 -2.048 0.796 -1.876 -1.032 -0.992 -2.024 0.403620775175873 1.37101708414513 1.4659673447562 0.935616 0.435296 0.524256
0.496 0.456 -0.492 2.004 0.932 -2 -1.98 1.924 1.936 0.952 -2.204 2.124 -2.032 -1.992 0.976 0.839730965887863 0.64687882144858 -0.443158589762706 -0.540384 -1.012704 -1.003744
-0.504 -0.544 -0.492 1.004 -2.068 0 2.02 0.924 1.936 1.952 0.796 0.124 -2.032 2.008 -1.024 -0.100907854841719 1.71653807849943 1.68626902114831 0.443616 -1.196704 1.028256
-0.504 -0.544 -0.492 -0.996 -2.068 2 -1.98 -2.076 -2.064 1.952 -1.204 -1.876 -1.032 1.008 -1.024 -1.28998638277303 -0.0909366154467334 0.458320086309003 0.443616 -0.652704 0.524256
0.496 0.456 0.508 -0.996 1.932 0 0.02 1.924 0.936 1.952 1.796 -0.876 0.968 0.00800000000000001 -0.024 0.855603081375403 -0.0654135525380255 1.66454601544883 -0.072384 -0.100704 0.484256
-0.504 0.456 0.508 1.004 -1.068 2 0.02 1.924 -0.0640000000000001 -2.048 1.796 -1.876 1.968 0.00800000000000001 -0.024 0.805480031188423 1.89519325453691 1.25512556991568 -0.072384 -0.100704 -0.987744
0.496 -0.544 -0.492 1.004 0.932 -1 -1.98 -0.0760000000000001 -2.064 1.952 -1.204 0.124 -1.032 -1.992 -1.024 0.329936212235734 -0.290152408467632 1.10285665630215 0.443616 0.979296 -0.507744
0.496 -0.544 -0.492 -1.996 1.932 2 0.02 -2.076 -2.064 -1.048 -2.204 0.124 -2.032 -1.992 -2.024 -0.425459964984848 0.707032691848922 0.486781040618293 0.935616 0.979296 -1.003744
0.496 0.456 0.508 2.004 1.932 2 2.02 0.924 1.936 -1.048 -0.204 0.124 -2.032 0.00800000000000001 -0.024 0.192745325871991 0.844796706635145 1.05308556784337 -0.072384 -0.100704 -1.003744
0.496 0.456 -0.492 2.004 1.932 1 -1.98 1.924 -2.064 -2.048 -2.204 1.124 -0.032 -1.992 -0.024 -0.0219440308106231 0.191795536149206 0.938304413583357 -0.048384 -1.012704 -0.011744
-0.504 -0.544 -0.492 -1.996 -0.0680000000000001 -2 -1.98 0.924 -2.064 -2.048 0.796 -1.876 -2.032 -1.992 -2.024 0.374689233206566 1.56873084810212 0.582560942333102 0.935616 0.979296 1.028256
-0.504 0.456 -0.492 -1.996 -1.068 2 -1.98 1.924 0.936 -0.048 -0.204 -1.876 -1.032 -1.992 -0.024 1.9330660191119 0.271388137935121 1.28588435645308 -0.048384 -1.012704 0.524256
0.496 0.456 0.508 2.004 -0.0680000000000001 -2 -1.98 1.924 0.936 0.952 1.796 2.124 0.968 0.00800000000000001 1.976 1.65577374810279 1.68979737712699 0.730264947047526 0.943616 -0.100704 0.484256
-0.504 0.456 0.508 -1.996 -0.0680000000000001 1 0.02 -0.0760000000000001 -2.064 -2.048 0.796 2.124 -0.032 0.00800000000000001 -2.024 1.10555333139169 0.54275202262702 0.956683227943045 -1.088384 -0.100704 0.020256
-0.504 -0.544 -0.492 2.004 1.932 -2 2.02 1.924 1.936 -2.048 0.796 -1.876 -0.032 0.00800000000000001 -2.024 2.03289059401813 2.81356064774451 1.7933896495683 0.935616 -0.108704 0.020256
0.496 -0.544 -0.492 2.004 1.932 1 1.02 -0.0760000000000001 1.936 1.952 1.796 -1.876 0.968 -1.992 1.976 0.897166445662274 2.4471250338778 1.59964918557466 -1.032384 0.979296 0.484256
0.496 0.456 0.508 -1.996 1.932 -1 0.02 1.924 -2.064 -0.048 -0.204 -1.876 0.968 -0.992 -1.024 -1.33910534419083 -0.131180483396989 -0.240912800692355 -0.580384 -0.556704 0.484256
-0.504 -0.544 -0.492 1.004 -2.068 0 0.02 1.924 -2.064 -1.048 -2.204 2.124 -2.032 0.00800000000000001 0.976 1.39654876321866 0.260097946080197 0.351481541111934 -0.540384 -0.108704 1.028256
-0.504 0.456 0.508 2.004 -2.068 -2 2.02 -2.076 1.936 0.952 -2.204 0.124 1.968 2.008 1.976 0.356164706380648 0.495200026614832 2.35852517129903 0.943616 0.811296 -0.987744
-0.504 -0.544 -0.492 -0.996 -2.068 1 -1.98 0.924 -2.064 0.952 -1.204 0.124 -2.032 -1.992 -1.024 0.100001159076354 1.43865268453015 1.5918724094451 0.443616 0.979296 1.028256
0.496 0.456 0.508 -1.996 -2.068 -1 2.02 -2.076 0.936 0.952 -0.204 0.124 -1.032 -1.992 0.976 0.771804405687699 1.73669408318845 0.527538729427528 0.435616 -1.012704 -0.507744
0.496 0.456 0.508 -1.996 1.932 -2 1.02 -0.0760000000000001 1.936 -0.048 -2.204 1.124 -2.032 2.008 0.976 2.21070813102946 1.47053293679457 1.22102621794683 0.435616 0.811296 -1.003744
-0.504 0.456 -0.492 -1.996 -1.068 -2 -1.98 1.924 0.936 0.952 -1.204 0.124 1.968 -1.992 -2.024 -0.822890616478245 0.572750384375146 0.383686133593224 0.935616 -1.012704 -0.987744
0.496 -0.544 0.508 -1.996 -2.068 -2 1.02 -0.0760000000000001 -2.064 -0.048 -1.204 -0.876 -2.032 -1.992 -2.024 0.976304439158101 -0.889504713605482 -1.20784529633164 -1.088384 0.979296 -1.003744
0.496 -0.544 0.508 0.004 -1.068 1 2.02 -2.076 -2.064 -1.048 -2.204 -1.876 -2.032 -0.992 -2.024 0.425371052468924 -0.122324966164183 2.82189722412614 -1.088384 0.435296 -1.003744
0.496 0.456 -0.492 1.004 -1.068 -1 0.02 -2.076 -0.0640000000000001 1.952 -2.204 -0.876 0.968 0.00800000000000001 -1.024 1.60902545892407 0.679022933221455 3.46740091073203 0.443616 -0.100704 0.484256
0.496 0.456 0.508 2.004 -0.0680000000000001 -1 0.02 1.924 1.936 -0.048 0.796 2.124 0.968 0.00800000000000001 0.976 -0.32542917568844 0.641115968589049 3.18088656723192 0.435616 -0.100704 0.484256
0.496 -0.544 0.508 0.004 -2.068 -2 0.02 -2.076 -2.064 -1.048 -1.204 -0.876 0.968 -1.992 0.976 1.08739143780509 1.95072876172421 0.963227682566713 0.435616 0.979296 0.484256
0.496 0.456 0.508 2.004 -0.0680000000000001 -2 0.02 -0.0760000000000001 -2.064 -2.048 1.796 1.124 1.968 -0.992 0.976 -1.78538570859898 1.02776793054887 0.664878982082047 0.435616 -0.556704 0.980256
0.496 0.456 0.508 -1.996 1.932 2 1.02 1.924 0.936 0.952 -0.204 0.124 1.968 -0.992 -0.024 0.956333264634772 2.08356181915432 2.34641444244335 -0.072384 -0.556704 0.980256
0.496 0.456 0.508 0.004 -1.068 2 -1.98 -2.076 -2.064 1.952 -1.204 -1.876 -2.032 -1.992 -1.024 1.99941235173766 1.91496398045818 0.186492122274327 -0.580384 -1.012704 -1.003744
-0.504 0.456 0.508 2.004 0.932 2 2.02 -0.0760000000000001 1.936 -0.048 0.796 0.124 -0.032 2.008 -0.024 0.0972231387466989 0.0203706305170537 0.0348190743073453 -0.072384 0.811296 0.020256
0.496 0.456 -0.492 2.004 0.932 -2 2.02 -1.076 -0.0640000000000001 1.952 0.796 1.124 -2.032 0.00800000000000001 1.976 1.07103322259199 0.836658358327176 1.67975841790224 -1.032384 -0.100704 -1.003744
0.496 -0.544 -0.492 -0.996 -1.068 2 -1.98 -1.076 -0.0640000000000001 -0.048 -2.204 -0.876 -2.032 0.00800000000000001 -0.024 0.401273966282918 0.856825860968936 2.6007929929988 -0.048384 -0.108704 -1.003744
0.496 0.456 0.508 1.004 1.932 1 -1.98 1.924 1.936 1.952 1.796 -1.876 0.968 -0.992 -0.024 1.93469363275371 2.7000685320504 2.45033975377325 -0.072384 -0.556704 0.484256
-0.504 -0.544 -0.492 1.004 -2.068 -2 1.02 -0.0760000000000001 1.936 1.952 -0.204 1.124 -1.032 0.00800000000000001 -0.024 0.6826677792121 1.92675848595511 1.18369160095703 -0.048384 -0.108704 0.524256
0.496 -0.544 -0.492 0.004 0.932 -1 1.02 -1.076 -2.064 1.952 1.796 1.124 0.968 -0.992 -1.024 0.272614842646506 0.596064419915515 1.33587870962108 0.443616 0.435296 0.484256
0.496 -0.544 0.508 -1.996 -1.068 -1 2.02 -2.076 0.936 -1.048 -0.204 -1.876 -2.032 -1.992 -2.024 -0.00921512985231399 -2.02947006654962 -0.426072066329947 -1.088384 0.979296 -1.003744
-0.504 0.456 0.508 -0.996 -1.068 -2 -0.98 0.924 1.936 1.952 0.796 -1.876 0.968 -1.992 -1.024 -0.114693901090037 0.0771516064084899 1.22713236909554 -0.580384 -1.012704 -0.483744
0.496 0.456 0.508 0.004 0.932 0 -0.98 1.924 1.936 0.952 -0.204 2.124 0.968 2.008 1.976 0.0661007860007563 1.74632728311982 2.32167967287382 0.943616 0.811296 0.484256
0.496 0.456 0.508 1.004 0.932 -2 -1.98 0.924 -2.064 -2.048 1.796 -1.876 1.968 -1.992 -1.024 1.65233718136942 0.683023640524339 0.473541413613027 -0.580384 -1.012704 0.980256
0.496 0.456 0.508 -1.996 -1.068 2 2.02 1.924 1.936 0.952 1.796 1.124 -2.032 1.008 0.976 0.165333765334015 1.80984835701517 2.72094908798582 0.435616 0.355296 -1.003744
0.496 0.456 0.508 -1.996 1.932 -2 -0.98 -0.0760000000000001 1.936 1.952 -2.204 -0.876 -2.032 0.00800000000000001 -0.024 1.26694324269327 1.7029575959934 3.14603540825385 -0.072384 -0.100704 -1.003744
-0.504 -0.544 -0.492 1.004 -2.068 2 0.02 -0.0760000000000001 1.936 -2.048 -0.204 0.124 -0.032 2.008 1.976 0.875842552308285 1.61820716364253 1.7658489426496 -1.032384 -1.196704 0.020256
0.496 0.456 0.508 -1.996 -2.068 0 0.02 -2.076 0.936 -1.048 1.796 1.124 -1.032 1.008 -2.024 -0.0264259782626913 1.96491963913219 1.83402773126091 -1.088384 0.355296 -0.507744
0.496 0.456 0.508 -1.996 -1.068 -1 1.02 0.924 0.936 -2.048 1.796 0.124 -0.032 2.008 -1.024 2.01138634345257 2.02701158617803 2.67027321693299 -0.580384 0.811296 -0.011744
-0.504 -0.544 0.508 0.004 1.932 2 1.02 -1.076 -1.064 0.952 1.796 1.124 -0.032 2.008 1.976 1.0472652367163 0.0190725512895493 1.2906308624327 0.943616 -1.196704 0.020256
-0.504 -0.544 -0.492 2.004 -2.068 -2 -1.98 0.924 -2.064 -2.048 -0.204 0.124 -2.032 -1.992 -2.024 0.212106225394909 0.756020793858506 -0.155546103182988 0.935616 0.979296 1.028256
-0.504 0.456 0.508 2.004 -0.0680000000000001 2 -0.98 0.924 1.936 -2.048 -2.204 -1.876 -1.032 -1.992 -2.024 1.09956908273038 1.40688956464334 0.715352944191099 -1.088384 -1.012704 0.524256
-0.504 0.456 0.508 1.004 -2.068 -2 -1.98 -2.076 0.936 -1.048 0.796 -1.876 -2.032 -1.992 -2.024 -0.380605416195838 -1.22585566123543 -0.491613157802444 -1.088384 -1.012704 1.028256
-0.504 0.456 -0.492 1.004 0.932 2 -1.98 -0.0760000000000001 1.936 1.952 1.796 0.124 1.968 2.008 1.976 -1.14347004087603 -0.310909766769063 -0.593380582917023 -1.032384 0.811296 -0.987744
-0.504 0.456 0.508 1.004 -0.0680000000000001 2 2.02 -0.0760000000000001 1.936 1.952 -0.204 2.124 0.968 2.008 1.976 1.34525221272886 1.32584324416112 3.17302418911957 0.943616 0.811296 -0.483744
0.496 -0.544 -0.492 0.004 -1.068 2 2.02 -1.076 0.936 1.952 1.796 0.124 1.968 2.008 0.976 -0.514104650692516 -1.26418280238439 0.817159999413018 -0.540384 -1.196704 0.980256
-0.504 0.456 -0.492 2.004 -2.068 -2 1.02 0.924 -2.064 -2.048 -2.204 -0.876 1.968 2.008 0.976 0.241072331597655 0.430813823048294 -0.494069895463433 -0.540384 0.811296 -0.987744
0.496 -0.544 -0.492 -1.996 1.932 -2 -1.98 1.924 -2.064 -2.048 -0.204 -1.876 -2.032 -1.992 -2.024 0.054431928386529 0.198481816084928 -0.846550097138815 0.935616 0.979296 -1.003744
-0.504 -0.544 -0.492 -1.996 0.932 -2 -1.98 -1.076 -2.064 -2.048 -2.204 -1.876 -2.032 -1.992 -2.024 1.95306265768895 0.857180569587082 1.0287559244848 0.935616 0.979296 1.028256
0.496 0.456 0.508 -1.996 1.932 2 -1.98 -1.076 0.936 -2.048 -0.204 -0.876 1.968 2.008 0.976 1.67468565285586 0.813051835096362 1.37178904711906 0.435616 0.811296 0.980256
0.496 0.456 0.508 2.004 -0.0680000000000001 0 -1.98 1.924 1.936 1.952 0.796 2.124 -0.032 1.008 1.976 2.53127630857676 3.10390575903179 3.69973196654158 0.943616 0.355296 -0.011744
-0.504 0.456 -0.492 -0.996 -1.068 -1 -0.98 1.924 -0.0640000000000001 -0.048 -0.204 -1.876 1.968 1.008 -0.024 -0.836380054338345 0.486896361763386 -0.565618181556807 -0.048384 0.355296 -0.987744
-0.504 -0.544 -0.492 2.004 -0.0680000000000001 1 2.02 1.924 1.936 -2.048 1.796 -0.876 0.968 2.008 -0.024 1.15836058290246 -0.104753674294667 1.25013875686468 -0.048384 -1.196704 -0.483744
0.496 0.456 -0.492 -1.996 -2.068 2 -1.98 -2.076 -1.064 -1.048 1.796 -1.876 -1.032 2.008 0.976 -0.498300544067339 1.29886541551298 1.61042755525497 -0.540384 0.811296 -0.507744
-0.504 -0.544 -0.492 2.004 1.932 0 2.02 0.924 1.936 1.952 1.796 2.124 1.968 2.008 1.976 1.72782920562144 2.44161592943242 2.35543732069465 -1.032384 -1.196704 -0.987744
-0.504 -0.544 -0.492 -0.996 -2.068 -1 2.02 -1.076 -0.0640000000000001 0.952 -2.204 -1.876 -2.032 2.008 -0.024 -1.14233746394721 -1.02527006467303 -0.977749263452263 -0.048384 -1.196704 1.028256
-0.504 -0.544 -0.492 -1.996 -2.068 2 -1.98 0.924 -0.0640000000000001 -0.048 1.796 2.124 1.968 -0.992 0.976 0.548349135072069 1.65608698229102 1.86235269646091 -0.540384 0.435296 -0.987744
0.496 0.456 0.508 1.004 1.932 -2 -1.98 1.924 0.936 -2.048 0.796 -1.876 -1.032 1.008 -0.024 0.065492588230708 1.78833595520002 1.38454893947521 -0.072384 0.355296 -0.507744
0.496 0.456 -0.492 0.004 1.932 0 -0.98 -0.0760000000000001 -1.064 1.952 -1.204 2.124 -1.032 1.008 -0.024 0.772845432470008 1.95014053832501 0.69636977022917 -0.048384 0.355296 -0.507744
0.496 0.456 0.508 2.004 -1.068 2 -1.98 1.924 -1.064 -1.048 -0.204 2.124 1.968 0.00800000000000001 0.976 1.64740262769313 1.2799581503984 2.89476488269025 0.435616 -0.100704 0.980256
-0.504 0.456 -0.492 2.004 1.932 2 -1.98 -1.076 1.936 0.952 1.796 2.124 -0.032 1.008 1.976 1.1137311950164 -0.00308760966424626 1.8408327514905 -1.032384 0.355296 0.020256
0.496 0.456 0.508 1.004 -0.0680000000000001 -1 -0.98 -2.076 -1.064 0.952 -2.204 -1.876 0.968 -1.992 -0.024 0.171079027407037 0.780119750542942 1.18890433433446 -0.072384 -1.012704 0.484256
-0.504 0.456 -0.492 -0.996 1.932 1 2.02 -2.076 1.936 -0.048 -0.204 2.124 1.968 1.008 1.976 0.401112105764866 0.825718319518146 -0.294559620898533 -1.032384 0.355296 -0.987744
0.496 0.456 0.508 0.004 -0.0680000000000001 2 -1.98 -1.076 -2.064 -2.048 -2.204 -1.876 -2.032 -1.992 -1.024 1.80293601643978 0.47939925711087 2.30225002246826 -0.580384 -1.012704 -1.003744
0.496 0.456 -0.492 1.004 1.932 -2 -1.98 1.924 -2.064 -1.048 0.796 -1.876 -2.032 1.008 -1.024 0.37910141158197 0.950498242819472 -0.367664352753902 0.443616 0.355296 -1.003744
-0.504 0.456 -0.492 2.004 1.932 2 2.02 -1.076 -1.064 0.952 0.796 1.124 -0.032 -0.992 -0.024 0.0463884752381866 -1.23050198930808 -0.292924403728546 -0.048384 -0.556704 0.020256
0.496 -0.544 0.508 2.004 -0.0680000000000001 2 0.02 -2.076 -2.064 0.952 -0.204 1.124 0.968 -1.992 -2.024 1.43081394946372 0.558794436497742 -0.0337499398220441 -1.088384 0.979296 0.484256
-0.504 -0.544 -0.492 -1.996 -2.068 2 0.02 -0.0760000000000001 0.936 0.952 -2.204 0.124 -2.032 -1.992 0.976 0.554940406979643 0.493419130707864 1.49279661833293 -0.540384 0.979296 1.028256
-0.504 -0.544 -0.492 1.004 -0.0680000000000001 2 -1.98 -2.076 -2.064 -0.048 1.796 -1.876 -1.032 1.008 -0.024 0.693834734167346 0.370279025036915 -0.0719623234116666 -0.048384 -0.652704 0.524256
0.496 -0.544 0.508 1.004 -2.068 2 0.02 -2.076 1.936 -2.048 1.796 -1.876 1.968 -1.992 1.976 1.41128227644345 2.66127663104202 1.21572449167596 0.943616 0.979296 0.980256
0.496 -0.544 0.508 1.004 0.932 0 -0.98 -2.076 -0.0640000000000001 -1.048 1.796 2.124 -0.032 1.008 -0.024 0.911803735480717 1.73686121813733 1.77540092704258 -0.072384 -0.652704 -0.011744
-0.504 -0.544 -0.492 0.004 1.932 2 2.02 0.924 0.936 1.952 1.796 1.124 -2.032 1.008 0.976 2.32680858337288 0.422096461042605 2.31256326636731 -0.540384 -0.652704 1.028256
-0.504 0.456 -0.492 2.004 -2.068 0 -1.98 0.924 1.936 -1.048 0.796 -1.876 -1.032 1.008 -2.024 0.884141468733737 0.435051995734084 1.43389349227161 0.935616 0.355296 0.524256
0.496 -0.544 0.508 2.004 0.932 2 2.02 -2.076 1.936 1.952 1.796 2.124 0.968 2.008 -0.024 1.16111848797735 1.80720978832339 1.67695094172214 -0.072384 -1.196704 0.484256
0.496 -0.544 0.508 -1.996 1.932 -2 2.02 -1.076 -2.064 -2.048 1.796 2.124 1.968 2.008 0.976 1.52939915706767 1.06768585482298 2.26228574615772 0.435616 -1.196704 0.980256
-0.504 0.456 0.508 -1.996 -2.068 1 -1.98 -1.076 -0.0640000000000001 0.952 -2.204 1.124 0.968 2.008 -0.024 -0.748107996127149 0.702075926204622 -0.413203622808489 -0.072384 0.811296 -0.483744
0.496 0.456 0.508 2.004 1.932 -2 0.02 1.924 1.936 1.952 1.796 2.124 0.968 2.008 1.976 1.46948908890657 2.64052668792723 3.57704177763454 0.943616 0.811296 0.484256
-0.504 -0.544 -0.492 -1.996 -2.068 2 -1.98 -1.076 -2.064 -1.048 0.796 -1.876 -2.032 -1.992 -2.024 -0.244266760873515 0.937925771825565 0.270105142819504 0.935616 0.979296 1.028256
0.496 0.456 -0.492 -1.996 0.932 0 1.02 -0.0760000000000001 -2.064 1.952 0.796 2.124 0.968 0.00800000000000001 -2.024 0.331065592856258 2.1796488693821 1.86787633135558 0.935616 -0.100704 0.484256
-0.504 -0.544 -0.492 1.004 -0.0680000000000001 -1 1.02 -2.076 -2.064 -0.048 1.796 -1.876 -1.032 0.00800000000000001 -1.024 1.43283112153239 -0.266747284064754 1.47211297697018 0.443616 -0.108704 0.524256
-0.504 0.456 0.508 2.004 1.932 -2 1.02 -0.0760000000000001 1.936 1.952 0.796 0.124 1.968 2.008 0.976 0.217906734270491 2.00502457504745 1.85687035914538 0.435616 0.811296 -0.987744
-0.504 -0.544 -0.492 1.004 1.932 -2 2.02 0.924 0.936 1.952 1.796 0.124 -0.032 -1.992 -0.024 0.116012658697586 1.29796851589414 1.14120191688736 -0.048384 0.979296 0.020256
0.496 0.456 0.508 2.004 -2.068 2 1.02 -1.076 -2.064 0.952 1.796 2.124 1.968 2.008 1.976 1.77475219705743 3.30677042239883 3.81614576683602 0.943616 0.811296 0.980256
0.496 0.456 0.508 0.004 -2.068 0 2.02 -0.0760000000000001 -0.0640000000000001 0.952 1.796 -1.876 1.968 1.008 -0.024 -0.864916905914473 0.883534628363618 1.28989244636598 -0.072384 0.355296 0.980256
-0.504 0.456 -0.492 0.004 -1.068 0 -1.98 -0.0760000000000001 0.936 -2.048 -0.204 1.124 -1.032 0.00800000000000001 -0.024 -0.423486023628585 0.457930720863603 -1.10419686561373 -0.048384 -0.100704 0.524256
0.496 0.456 0.508 -0.996 -2.068 -2 2.02 -2.076 0.936 -0.048 -2.204 -0.876 -1.032 -1.992 -1.024 1.55124014003402 1.53737174308052 -1.25905727385915 -0.580384 -1.012704 -0.507744
-0.504 -0.544 -0.492 -1.996 1.932 -1 0.02 0.924 -1.064 0.952 1.796 1.124 1.968 2.008 -0.024 1.63676656936443 -0.745309043587528 1.37993968544755 -0.048384 -1.196704 -0.987744
-0.504 -0.544 -0.492 2.004 1.932 -2 2.02 1.924 1.936 -0.048 1.796 2.124 1.968 0.00800000000000001 1.976 1.31594486174313 0.90361929860703 3.21206833370039 -1.032384 -0.108704 -0.987744
0.496 0.456 -0.492 0.004 -0.0680000000000001 2 -1.98 -2.076 -0.0640000000000001 -2.048 -1.204 -1.876 -0.032 -1.992 -1.024 -0.0969608553765685 2.42065675090748 -0.39560340610312 0.443616 -1.012704 -0.011744
0.496 0.456 0.508 -1.996 -1.068 2 1.02 -0.0760000000000001 -0.0640000000000001 1.952 -2.204 1.124 1.968 2.008 0.976 2.31964803244748 2.5841133363596 3.45174196420071 0.435616 0.811296 0.980256
0.496 -0.544 0.508 2.004 1.932 0 -0.98 0.924 -0.0640000000000001 -0.048 1.796 -0.876 0.968 1.008 0.976 1.74227763693941 1.49806771910833 1.70352794322462 0.435616 -0.652704 0.484256
-0.504 0.456 -0.492 -1.996 -2.068 -1 0.02 0.924 0.936 1.952 -0.204 0.124 1.968 0.00800000000000001 -0.024 0.253911755187831 2.05572522835227 2.50795078828129 -0.048384 -0.100704 -0.987744
0.496 0.456 0.508 2.004 -2.068 2 -0.98 -0.0760000000000001 1.936 1.952 1.796 1.124 -2.032 1.008 0.976 0.247165043815114 0.355412019268318 1.74980432411014 0.435616 0.355296 -1.003744
-0.504 -0.544 -0.492 1.004 -2.068 1 -1.98 -2.076 -0.0640000000000001 -2.048 0.796 -0.876 1.968 0.00800000000000001 -2.024 -0.707518037323739 -1.91175585817276 -1.88926771274638 0.935616 -0.108704 -0.987744
0.496 0.456 -0.492 -1.996 1.932 -2 -1.98 -2.076 1.936 -2.048 -2.204 -0.876 -1.032 -0.992 -1.024 0.4576956416139 -0.47434203831881 1.31628131380828 0.443616 -0.556704 -0.507744
-0.504 0.456 0.508 2.004 1.932 2 2.02 1.924 -0.0640000000000001 0.952 1.796 2.124 1.968 1.008 0.976 0.911541634044166 0.905379808520317 2.65368125093547 0.435616 0.355296 -0.987744
-0.504 -0.544 -0.492 -1.996 1.932 -2 1.02 1.924 -2.064 1.952 1.796 -1.876 -0.032 0.00800000000000001 -0.024 0.207358685051744 -0.00225651464141496 0.210302113368655 -0.048384 -0.108704 0.020256
0.496 0.456 -0.492 -1.996 1.932 2 1.02 -1.076 1.936 -2.048 1.796 -0.876 -0.032 0.00800000000000001 0.976 -0.121099749629523 1.74674828233406 1.20507472516217 -0.540384 -0.100704 -0.011744
0.496 -0.544 -0.492 -1.996 1.932 -1 1.02 0.924 0.936 0.952 -2.204 0.124 -2.032 -0.992 -2.024 -0.883172344708905 0.403134559606492 0.412590981905627 0.935616 0.435296 -1.003744
0.496 0.456 0.508 2.004 1.932 -2 1.02 -2.076 -0.0640000000000001 -2.048 0.796 -0.876 -1.032 2.008 1.976 1.24383994569745 0.717134895210862 1.08602500413767 0.943616 0.811296 -0.507744
-0.504 -0.544 -0.492 -1.996 1.932 -1 -1.98 0.924 1.936 -2.048 0.796 1.124 -2.032 -1.992 0.976 0.248364687111575 0.383632815417737 0.0285892679110182 -0.540384 0.979296 1.028256
0.496 -0.544 -0.492 -1.996 1.932 0 2.02 -2.076 -0.0640000000000001 0.952 0.796 0.124 1.968 0.00800000000000001 1.976 1.21384477377829 1.39815593311813 0.990910185771473 -1.032384 -0.108704 0.980256
0.496 0.456 0.508 -1.996 1.932 2 2.02 -0.0760000000000001 1.936 0.952 -2.204 2.124 1.968 1.008 -0.024 0.194567432321645 0.245876694061773 0.868922677086965 -0.072384 0.355296 0.980256
-0.504 -0.544 -0.492 2.004 0.932 -2 -0.98 1.924 -0.0640000000000001 1.952 -2.204 0.124 -0.032 0.00800000000000001 0.976 -1.54918967126812 -2.03885337918154 -0.912927476045206 -0.540384 -0.108704 0.020256
0.496 -0.544 0.508 0.004 1.932 2 2.02 1.924 1.936 0.952 1.796 2.124 1.968 2.008 1.976 1.35269315953521 2.69177043588047 2.00615338389645 0.943616 -1.196704 0.980256
0.496 0.456 -0.492 2.004 -0.0680000000000001 1 2.02 1.924 1.936 -2.048 -1.204 -1.876 -0.032 0.00800000000000001 -0.024 0.0633282133188953 -0.292480328990688 0.574995528272029 -0.048384 -0.100704 -0.011744
0.496 0.456 0.508 -1.996 1.932 -2 -0.98 -1.076 1.936 -0.048 -1.204 1.124 -0.032 -1.992 -2.024 0.363772327159543 0.482048000942696 0.822231399433496 -1.088384 -1.012704 -0.011744
-0.504 -0.544 -0.492 1.004 -0.0680000000000001 0 1.02 0.924 1.936 1.952 -1.204 -0.876 -2.032 2.008 0.976 -0.317701507906233 -0.55760560651977 0.0184136784027833 -0.540384 -1.196704 1.028256
-0.504 0.456 0.508 0.004 -0.0680000000000001 1 -1.98 -2.076 -2.064 -2.048 0.796 1.124 -2.032 1.008 -1.024 0.595958401882373 0.888038697049945 1.24501058331293 -0.580384 0.355296 1.028256
-0.504 -0.544 -0.492 1.004 1.932 -2 0.02 -2.076 -2.064 0.952 -1.204 0.124 -1.032 -1.992 -0.024 0.439255925572312 0.401089808772969 0.590556674486401 -0.048384 0.979296 0.524256
0.496 0.456 0.508 0.004 1.932 -2 2.02 0.924 -0.0640000000000001 -1.048 -0.204 -0.876 0.968 -0.992 0.976 1.00602746448987 0.640359238227254 -0.0795720298984309 0.435616 -0.556704 0.484256
0.496 0.456 0.508 2.004 0.932 1 2.02 0.924 -2.064 -0.048 1.796 1.124 0.968 2.008 1.976 1.1703400557843 1.18221806911711 1.75092504857778 0.943616 0.811296 0.484256
-0.504 -0.544 -0.492 0.004 -1.068 -1 2.02 -1.076 -1.064 -0.048 -1.204 2.124 -0.032 2.008 1.976 1.256830954631 0.427983300294574 0.466554058070737 -1.032384 -1.196704 0.020256
0.496 0.456 -0.492 0.004 1.932 0 -1.98 -2.076 -0.0640000000000001 -1.048 -2.204 2.124 -2.032 -1.992 -2.024 1.25467175574718 0.534438554308633 1.50991047702399 0.935616 -1.012704 -1.003744
-0.504 0.456 0.508 1.004 -0.0680000000000001 2 0.02 -0.0760000000000001 -2.064 -0.048 -0.204 -0.876 0.968 -1.992 -2.024 0.35640398161958 0.542276701293604 0.226538285170726 -1.088384 -1.012704 -0.483744
0.496 -0.544 -0.492 2.004 -2.068 -2 -0.98 -0.0760000000000001 -0.0640000000000001 -2.048 -2.204 -0.876 -2.032 -1.992 -1.024 -0.347592869595377 -0.36364514588757 0.119190355580533 0.443616 0.979296 -1.003744
-0.504 -0.544 -0.492 2.004 1.932 2 2.02 -0.0760000000000001 1.936 1.952 1.796 -0.876 -2.032 2.008 0.976 1.10385830427871 1.88572786496756 2.27646751677413 -0.540384 -1.196704 1.028256
0.496 0.456 0.508 2.004 1.932 2 2.02 -2.076 -1.064 0.952 -2.204 2.124 0.968 1.008 1.976 1.8292707815122 1.30532551784566 2.0599410889002 0.943616 0.355296 0.484256
0.496 0.456 -0.492 2.004 -2.068 0 -0.98 1.924 1.936 1.952 0.796 0.124 -1.032 1.008 -1.024 0.324653809029954 0.885902227043352 1.15725264858707 0.443616 0.355296 -0.507744
-0.504 -0.544 0.508 -1.996 1.932 0 1.02 1.924 -2.064 1.952 0.796 2.124 1.968 2.008 -0.024 0.288917561833287 1.83786964233219 2.43897400540428 -0.072384 -1.196704 -0.987744
0.496 0.456 -0.492 -1.996 -2.068 1 0.02 1.924 0.936 -2.048 0.796 -1.876 0.968 1.008 -0.024 1.09028549670573 1.34009387298874 1.45473287544151 -0.048384 0.355296 0.484256
-0.504 0.456 -0.492 -0.996 -2.068 0 -0.98 -2.076 -2.064 -0.048 -0.204 0.124 -2.032 0.00800000000000001 1.976 0.213549226578174 0.177962533148166 1.08725875946253 -1.032384 -0.100704 1.028256
-0.504 -0.544 -0.492 2.004 -0.0680000000000001 -1 2.02 -1.076 -1.064 1.952 -0.204 2.124 1.968 1.008 0.976 -0.149815172095323 1.12626202717871 1.357616818794 -0.540384 -0.652704 -0.987744
0.496 0.456 0.508 0.004 -2.068 -2 2.02 -2.076 -2.064 -1.048 -2.204 0.124 -0.032 -1.992 -0.024 0.932148439430527 1.10671378510881 0.970506705059493 -0.072384 -1.012704 -0.011744
0.496 0.456 -0.492 2.004 1.932 0 1.02 1.924 1.936 -2.048 0.796 2.124 -0.032 0.00800000000000001 -0.024 1.01529976850443 1.09967767765443 1.18132878432977 -0.048384 -0.100704 -0.011744
-0.504 0.456 0.508 -1.996 0.932 0 -1.98 -0.0760000000000001 -0.0640000000000001 0.952 1.796 0.124 0.968 -1.992 -1.024 0.715243867059542 -0.101879494281703 0.42128428629165 -0.580384 -1.012704 -0.483744
-0.504 -0.544 -0.492 -1.996 -2.068 1 0.02 -2.076 -2.064 -1.048 -1.204 -1.876 -1.032 -1.992 -2.024 0.661236478692602 1.13046392806796 0.946890309113647 0.935616 0.979296 0.524256
0.496 -0.544 -0.492 2.004 1.932 -1 1.02 1.924 0.936 1.952 1.796 -1.876 1.968 1.008 -0.024 0.556047854506512 0.637936083421293 0.91373055984885 -0.048384 -0.652704 0.980256
0.496 -0.544 0.508 2.004 1.932 2 1.02 0.924 1.936 -1.048 -1.204 -0.876 -1.032 -0.992 1.976 0.312723990098723 1.32417629514389 0.535303986088146 0.943616 0.435296 -0.507744
0.496 -0.544 0.508 -1.996 1.932 1 1.02 -2.076 -0.0640000000000001 -1.048 0.796 1.124 -1.032 2.008 1.976 0.747728654048986 -0.655110568248436 1.03971277665749 0.943616 -1.196704 -0.507744
-0.504 0.456 -0.492 0.004 1.932 0 -1.98 1.924 1.936 -1.048 -0.204 1.124 -0.032 -1.992 0.976 0.949164454213859 0.428461049735662 1.67479344825575 -0.540384 -1.012704 0.020256
-0.504 0.456 0.508 2.004 -1.068 2 -0.98 0.924 -0.0640000000000001 -2.048 1.796 1.124 0.968 1.008 -0.024 0.428477042156512 0.542814817663128 0.932112421586448 -0.072384 0.355296 -0.483744
-0.504 -0.544 0.508 0.004 -2.068 -2 -1.98 1.924 0.936 -1.048 1.796 1.124 1.968 1.008 -0.024 0.834752522225861 1.25685237228816 1.17204515381839 -0.072384 -0.652704 -0.987744
0.496 -0.544 -0.492 -1.996 1.932 -1 -1.98 0.924 -1.064 0.952 -2.204 0.124 -2.032 -1.992 -2.024 -0.701126662395872 -0.225899611640438 0.0126409206786953 0.935616 0.979296 -1.003744
0.496 0.456 0.508 -1.996 -2.068 0 -1.98 -0.0760000000000001 0.936 1.952 -2.204 -1.876 -1.032 0.00800000000000001 -1.024 1.18071745616106 1.57729531430887 1.02689690598175 -0.580384 -0.100704 -0.507744
-0.504 -0.544 -0.492 -0.996 -1.068 2 -1.98 -1.076 -0.0640000000000001 -0.048 -2.204 -1.876 -2.032 0.00800000000000001 -2.024 0.321039485850804 -0.0204894810591529 0.461838287913847 0.935616 -0.108704 1.028256
-0.504 -0.544 -0.492 -1.996 -2.068 -1 -0.98 -2.076 -1.064 0.952 -2.204 0.124 0.968 -1.992 -1.024 0.915015642964079 1.21928809192426 1.5156552682612 0.443616 0.979296 -0.483744
-0.504 -0.544 -0.492 2.004 1.932 -2 2.02 -1.076 0.936 -0.048 -0.204 -1.876 -2.032 -0.992 -1.024 0.308704961356476 1.1768547311027 1.02571175197245 0.443616 0.435296 1.028256
0.496 0.456 0.508 2.004 0.932 -1 0.02 -0.0760000000000001 -1.064 -2.048 -2.204 1.124 -0.032 -1.992 -1.024 0.552980726023668 0.948580657622355 1.67955085873555 -0.580384 -1.012704 -0.011744
-0.504 0.456 0.508 -1.996 1.932 -2 2.02 1.924 -0.0640000000000001 -0.048 -1.204 2.124 -0.032 2.008 1.976 1.45583067791413 2.00345165112719 2.18203263334464 0.943616 0.811296 0.020256
0.496 0.456 -0.492 1.004 -1.068 2 2.02 -1.076 0.936 1.952 -0.204 1.124 1.968 2.008 1.976 0.711471413273787 1.27378428424382 1.79520761012526 -1.032384 0.811296 0.980256
-0.504 -0.544 -0.492 -0.996 1.932 -2 1.02 -2.076 -0.0640000000000001 -0.048 1.796 -0.876 1.968 1.008 -2.024 -0.496594682765249 -0.237926173869805 -0.448200234908487 0.935616 -0.652704 -0.987744
0.496 -0.544 0.508 2.004 -0.0680000000000001 2 0.02 1.924 1.936 1.952 -0.204 2.124 1.968 -1.992 1.976 -0.579734483537864 0.171399307702265 0.0839182123192564 0.943616 0.979296 0.980256
0.496 0.456 0.508 -1.996 -2.068 -2 -1.98 -1.076 -0.0640000000000001 -1.048 -2.204 -1.876 -2.032 -1.992 -1.024 0.0356449595769117 1.09617328535419 0.866749213397802 -0.580384 -1.012704 -1.003744
0.496 0.456 0.508 0.004 -2.068 2 -0.98 -1.076 -1.064 -0.048 -2.204 -1.876 -2.032 -0.992 -1.024 0.0708416314235117 0.964380107859044 0.950201480841169 -0.580384 -0.556704 -1.003744
-0.504 -0.544 -0.492 2.004 -2.068 -2 -0.98 -0.0760000000000001 -2.064 0.952 0.796 -1.876 -0.032 -1.992 1.976 0.3562323433689 0.0715167530150443 -0.472770704350013 -1.032384 0.979296 0.020256
0.496 0.456 0.508 2.004 -1.068 -2 0.02 -1.076 0.936 -1.048 -1.204 2.124 -1.032 -1.992 -1.024 -0.0824674314305356 -0.56674940630146 0.139071540622258 -0.580384 -1.012704 -0.507744
-0.504 -0.544 -0.492 -1.996 0.932 2 1.02 1.924 1.936 1.952 -1.204 2.124 0.968 0.00800000000000001 0.976 0.879757860134298 0.97573541705409 1.70681660467122 -0.540384 -0.108704 -0.483744
-0.504 0.456 0.508 2.004 1.932 2 2.02 1.924 1.936 1.952 1.796 2.124 -0.032 1.008 0.976 1.28969887883199 1.23525905523561 1.56643073480401 0.435616 0.355296 0.020256
-0.504 -0.544 -0.492 -1.996 -2.068 2 2.02 1.924 -2.064 -1.048 -2.204 -0.876 -2.032 -1.992 -0.024 1.37626425110035 0.990571285934024 1.07932210213469 -0.048384 0.979296 1.028256
-0.504 0.456 0.508 2.004 1.932 -2 2.02 1.924 1.936 0.952 1.796 -0.876 0.968 -0.992 -0.024 0.913697799033662 1.2878051522674 1.91105850348473 -0.072384 -0.556704 -0.483744
0.496 0.456 0.508 1.004 -2.068 -1 0.02 -2.076 -1.064 1.952 1.796 0.124 1.968 1.008 1.976 1.83124228054572 1.85716615034956 2.50183579614614 0.943616 0.355296 0.980256
-0.504 0.456 0.508 -1.996 0.932 1 -1.98 1.924 -2.064 -2.048 -0.204 -1.876 1.968 0.00800000000000001 -0.024 1.11995185802766 1.18122038846305 0.774570010234444 -0.072384 -0.100704 -0.987744
-0.504 0.456 0.508 2.004 -2.068 2 1.02 1.924 1.936 -1.048 1.796 -0.876 -0.032 0.00800000000000001 0.976 0.0601757889859046 -0.020921368557525 -0.322854997727367 0.435616 -0.100704 0.020256
0.496 0.456 0.508 -1.996 -0.0680000000000001 -2 0.02 0.924 1.936 0.952 0.796 1.124 -0.032 1.008 -0.024 0.961993628953194 1.81328909481932 1.99794248361453 -0.072384 0.355296 -0.011744
0.496 -0.544 -0.492 2.004 1.932 0 -0.98 -2.076 -2.064 -2.048 1.796 -0.876 -2.032 -1.992 -2.024 0.767040718322684 0.0018620040470439 0.403524195367177 0.935616 0.979296 -1.003744
0.496 0.456 -0.492 -1.996 1.932 1 2.02 1.924 -2.064 -2.048 -2.204 -1.876 -0.032 1.008 0.976 -0.223269217944462 -0.292780167419487 0.413528628164586 -0.540384 0.355296 -0.011744
-0.504 0.456 -0.492 -0.996 -1.068 2 1.02 -0.0760000000000001 1.936 1.952 1.796 1.124 -0.032 2.008 0.976 0.696547814281615 0.801969358773443 2.15394308263794 -0.540384 0.811296 0.020256
0.496 0.456 0.508 -0.996 -2.068 1 2.02 1.924 0.936 0.952 0.796 -1.876 -2.032 1.008 -0.024 0.120323946324949 -0.208187973322082 0.263600013971042 -0.072384 0.355296 -1.003744
0.496 -0.544 -0.492 -1.996 -0.0680000000000001 1 2.02 1.924 -2.064 -2.048 -2.204 -0.876 -0.032 -0.992 -2.024 0.000931264153585021 0.144024189954621 0.365440468293678 0.935616 0.435296 -0.011744
-0.504 -0.544 -0.492 -1.996 1.932 1 -1.98 -2.076 -1.064 1.952 1.796 -1.876 -2.032 -0.992 -2.024 0.234685086650928 0.748239911029434 0.593970248051702 0.935616 0.435296 1.028256
0.496 0.456 0.508 -0.996 -1.068 -2 -1.98 1.924 1.936 1.952 -0.204 2.124 1.968 2.008 1.976 0.819236224389283 1.05079679727665 3.209636610144 0.943616 0.811296 0.980256
-0.504 0.456 -0.492 2.004 -0.0680000000000001 1 -0.98 -2.076 -2.064 -2.048 1.796 1.124 -2.032 0.00800000000000001 -1.024 1.01486749045445 0.402256944152427 0.0449615988113443 0.443616 -0.100704 1.028256
0.496 0.456 0.508 -1.996 1.932 2 1.02 -1.076 -0.0640000000000001 -2.048 -0.204 0.124 -0.032 0.00800000000000001 1.976 0.280301452935932 -0.404619672970048 -0.450323676203332 0.943616 -0.100704 -0.011744
0.496 0.456 0.508 -1.996 -1.068 -2 -1.98 1.924 -1.064 -2.048 -1.204 0.124 0.968 1.008 -0.024 0.673445103353375 0.611503323684034 1.4067406584416 -0.072384 0.355296 0.484256
-0.504 -0.544 -0.492 2.004 -1.068 1 1.02 -1.076 -2.064 -2.048 -0.204 -1.876 0.968 -0.992 -0.024 0.483912182920137 1.21936015184129 2.19160915624093 -0.048384 0.435296 -0.483744
-0.504 0.456 -0.492 0.004 0.932 2 1.02 1.924 -1.064 0.952 -1.204 2.124 1.968 1.008 -0.024 0.597320817628725 0.00478573800578358 0.174145327204702 -0.048384 0.355296 -0.987744
-0.504 0.456 -0.492 -1.996 1.932 -2 2.02 0.924 -0.0640000000000001 -2.048 1.796 -0.876 1.968 0.00800000000000001 -0.024 1.05804986888894 0.786537056304424 0.473456396321483 -0.048384 -0.100704 -0.987744
-0.504 -0.544 -0.492 -1.996 -1.068 -2 2.02 -2.076 -2.064 -2.048 -1.204 -0.876 -1.032 -0.992 -2.024 0.441671596538319 0.300362998213428 0.585076067241672 0.935616 0.435296 0.524256
-0.504 -0.544 -0.492 2.004 1.932 -2 -0.98 0.924 -0.0640000000000001 -2.048 -0.204 -1.876 -0.032 -1.992 -0.024 -0.337867927108886 1.50874898954851 1.05889980788995 -0.048384 0.979296 0.020256
0.496 -0.544 0.508 2.004 1.932 -1 0.02 1.924 1.936 -1.048 -2.204 2.124 -2.032 -0.992 -0.024 0.752645865572655 0.0987364215823096 0.3818908814248 -0.072384 0.435296 -1.003744
-0.504 -0.544 -0.492 -1.996 -2.068 2 2.02 -1.076 -1.064 1.952 0.796 0.124 -1.032 0.00800000000000001 -0.024 1.41645575390329 1.16225149862832 0.921788857897685 -0.048384 -0.108704 0.524256
-0.504 -0.544 -0.492 -1.996 -1.068 -1 1.02 -0.0760000000000001 -2.064 1.952 1.796 -0.876 1.968 2.008 0.976 1.85765014859574 0.920137229569723 0.827375049691505 -0.540384 -1.196704 -0.987744
-0.504 -0.544 0.508 0.004 -0.0680000000000001 1 -1.98 -0.0760000000000001 1.936 0.952 -2.204 0.124 -0.032 1.008 -1.024 0.708901270042731 0.769036722051877 1.12229939301345 -0.580384 -0.652704 0.020256
-0.504 0.456 0.508 1.004 -2.068 2 0.02 -0.0760000000000001 1.936 -1.048 -0.204 0.124 -0.032 1.008 -0.024 2.03749222027962 1.31158999711969 3.22539478948608 -0.072384 0.355296 0.020256
0.496 0.456 0.508 -1.996 -2.068 0 1.02 -1.076 -2.064 -0.048 -2.204 -1.876 -1.032 1.008 -2.024 1.5840252245774 3.05875037197203 2.48882426901725 -1.088384 0.355296 -0.507744
0.496 0.456 0.508 -1.996 -0.0680000000000001 2 2.02 1.924 1.936 -0.048 -1.204 2.124 -0.032 2.008 0.976 0.670721642563218 0.279777637198069 -0.338868280230752 0.435616 0.811296 -0.011744
-0.504 0.456 0.508 -1.996 0.932 1 -1.98 0.924 -1.064 1.952 -2.204 0.124 0.968 -1.992 -2.024 1.55088540651399 0.70140487947773 2.05173405944693 -1.088384 -1.012704 -0.483744
-0.504 0.456 0.508 2.004 -2.068 1 2.02 0.924 0.936 1.952 -0.204 2.124 1.968 0.00800000000000001 1.976 1.21787867809075 0.688255906373412 1.41251095424885 0.943616 -0.100704 -0.987744
0.496 0.456 0.508 0.004 -2.068 2 2.02 1.924 -0.0640000000000001 1.952 1.796 2.124 1.968 2.008 1.976 0.779950972731776 1.85392417795021 1.33846727510106 0.943616 0.811296 0.980256
-0.504 0.456 -0.492 0.004 0.932 -2 -1.98 1.924 -0.0640000000000001 0.952 0.796 -1.876 0.968 0.00800000000000001 1.976 -0.955247690015555 -0.130279068867821 1.03298720065882 -1.032384 -0.100704 -0.483744
0.496 -0.544 0.508 -0.996 -1.068 -2 0.02 -2.076 -1.064 -0.048 -2.204 -1.876 -2.032 -1.992 0.976 1.74574484053065 1.86654902061761 3.45584737335361 0.435616 0.979296 -1.003744
0.496 -0.544 -0.492 0.004 -2.068 -2 1.02 -1.076 -2.064 -2.048 -2.204 -1.876 -2.032 -1.992 -2.024 -0.0629388964145191 -0.546279036777301 -0.664583582971806 0.935616 0.979296 -1.003744
0.496 -0.544 -0.492 2.004 1.932 -1 1.02 -2.076 -2.064 -0.048 1.796 -0.876 -0.032 -0.992 0.976 -1.01260781422929 0.0405004947606706 -0.623395326115991 -0.540384 0.435296 -0.011744
-0.504 -0.544 -0.492 -0.996 -2.068 -2 -1.98 -0.0760000000000001 -2.064 -2.048 -2.204 -0.876 -2.032 -1.992 -2.024 1.21912097661744 0.805638939230244 0.358466602921063 0.935616 0.979296 1.028256
-0.504 -0.544 -0.492 2.004 1.932 0 1.02 0.924 0.936 -0.048 1.796 1.124 -2.032 1.008 0.976 0.116609058876261 0.0206323412026381 -0.837363855630325 -0.540384 -0.652704 1.028256
-0.504 -0.544 -0.492 1.004 -0.0680000000000001 2 -0.98 -2.076 1.936 -2.048 -2.204 -1.876 -2.032 -0.992 -2.024 0.0526034990390551 -0.323820198174205 -0.298724260088768 0.935616 0.435296 1.028256
-0.504 0.456 0.508 0.004 -1.068 2 2.02 -0.0760000000000001 -1.064 -0.048 -1.204 0.124 -1.032 2.008 -1.024 1.36801319500131 2.66729699524768 2.70970552638352 -0.580384 0.811296 0.524256
0.496 -0.544 -0.492 -1.996 -1.068 1 2.02 1.924 1.936 1.952 1.796 2.124 1.968 2.008 1.976 1.22833211070523 1.5268404888527 2.63836194349938 -1.032384 -1.196704 0.980256
