0.44 -0.5 -0.55 0.94 1.02 -2.01 -1.97 -2.05 -1.79 -0.91 -1.04 -1.95 -2.06 -1.06 -1.06 -0.107631090107274 0.989236265030521 1.64800342530293 -1.01 -0.7825 -1.6925 0.471 0.3675 -0.8394
0.44 0.5 0.45 -0.0600000000000001 0.02 0.99 1.03 0.95 -1.79 -1.91 -1.04 2.05 -0.0600000000000001 0.94 0.94 0.155353763536137 0.521269151135646 -0.639629993662543 0.99 0.2175 -0.6925 0.361 0.085 -0.3994
-0.56 0.5 -0.55 -2.06 -0.98 -0.00999999999999979 0.03 1.95 2.21 0.0900000000000001 -1.04 0.05 1.94 -0.0600000000000001 -0.0600000000000001 1.86354818716213 1.85266552659935 1.27178547370692 -0.51 -0.0325 1.0575 0.196 -0.04 -0.6869
0.44 0.5 0.45 1.94 -1.98 -0.00999999999999979 1.03 -1.05 0.21 1.09 -2.04 2.05 1.94 0.94 1.94 1.51965526517021 0.0853155039259177 2.64218121940432 1.74 -1.0325 0.8075 0.6985 -0.54 0.2606
-0.56 -0.5 -0.55 1.94 2.02 1.99 1.03 1.95 -1.79 2.09 1.96 2.05 -1.06 0.94 -0.0600000000000001 2.7653549107365 0.884846767497171 -0.386249920050227 1.24 1.7175 0.3075 -0.7665 -0.8825 -0.2669
-0.56 0.5 0.45 -2.06 2.02 -1.01 -1.97 1.95 -1.79 -1.91 0.96 2.05 1.94 0.94 1.94 1.4840868423034 1.97173997628287 2.18750664191857 -0.0100000000000001 1.4675 -0.6925 -0.0890000000000001 0.71 0.2931
-0.56 0.5 0.45 0.94 -0.98 -2.01 0.03 -2.05 -0.79 2.09 -2.04 -1.95 1.94 -2.06 -1.06 -1.08820770876369 0.70532374318733 0.161862174391013 -0.51 -1.7825 0.3075 -0.314 -0.915 -0.2669
0.44 -0.5 -0.55 1.94 2.02 -0.00999999999999979 -0.97 -1.05 -0.79 2.09 0.96 2.05 -2.06 -0.0600000000000001 1.94 0.559463475915967 -0.425058383636718 -0.315254993745482 1.24 0.4675 -0.1925 -0.7665 -0.2575 -0.1794
0.44 -0.5 0.45 0.94 2.02 -1.01 2.03 1.95 0.21 -1.91 -2.04 0.05 -0.0600000000000001 -2.06 -0.0600000000000001 0.573947995955546 1.45789840210426 2.75055815847683 0.74 -0.0325 -0.6925 0.2485 -0.0075 -0.3994
0.44 -0.5 -0.55 -2.06 -0.98 1.99 0.03 1.95 -1.79 1.09 1.96 0.05 -0.0600000000000001 -0.0600000000000001 0.94 0.109613424274782 2.0539420238167 0.231270328224974 -0.26 0.7175 0.3075 0.0585 -0.3825 0.0406
-0.56 -0.5 -0.55 1.94 2.02 -0.00999999999999979 -1.97 -2.05 2.21 -0.91 -0.04 -1.95 1.94 1.94 -0.0600000000000001 1.11423790920811 1.65413362636543 -0.585470688960486 -0.51 0.4675 0.8075 0.196 -0.2575 -0.5469
-0.56 -0.5 0.45 -2.06 -0.98 -0.00999999999999979 -1.97 -0.0499999999999998 -1.79 0.0900000000000001 -2.04 -1.95 -0.0600000000000001 -1.06 -2.06 0.10973606514234 1.42827915927776 0.972819589708892 -2.01 -1.0325 -0.4425 -0.989 0.4925 0.1531
-0.56 -0.5 -0.55 -2.06 1.02 -1.01 -1.97 -1.05 -1.79 0.0900000000000001 -2.04 -0.95 -2.06 -0.0600000000000001 -2.06 1.19813792825207 1.2336520188887 -0.624663010783803 -1.76 -0.5325 -1.1925 0.8835 0.2425 0.5731
0.44 0.5 0.45 -2.06 -1.98 -0.00999999999999979 2.03 -1.05 -1.79 0.0900000000000001 -0.04 -0.95 -2.06 -0.0600000000000001 -1.06 0.562899468809698 1.42322691770573 -0.343689906271386 -0.51 -0.7825 -0.9425 -0.314 -0.415 -0.5094
0.44 0.5 0.45 -2.06 0.02 0.99 -1.97 -1.05 0.21 1.09 -1.04 2.05 1.94 1.94 1.94 -1.5922130769821 -0.362931045240442 1.46955097675335 -0.0100000000000001 -0.0325 1.0575 -0.0890000000000001 -0.04 0.3706
0.44 0.5 0.45 0.94 2.02 1.99 0.03 0.95 1.21 1.09 1.96 1.05 1.94 0.94 1.94 1.68553711360101 1.29250846305115 2.00005724360275 0.99 1.4675 1.5575 0.361 0.71 0.5906
0.44 -0.5 0.45 -2.06 -0.98 1.99 2.03 -2.05 1.21 2.09 1.96 -1.95 -2.06 -2.06 0.94 1.38455913510274 1.3336365324816 1.97813541404218 -0.26 -0.7825 0.8075 -0.2015 0.3675 0.2606
0.44 -0.5 0.45 1.94 1.02 1.99 -1.97 -1.05 -1.79 2.09 0.96 0.05 0.94 1.94 0.94 1.71286044306118 1.44231250401447 1.65512364972816 0.24 0.7175 0.8075 0.0235 -0.3825 0.2606
0.44 0.5 -0.55 -2.06 -1.98 -2.01 -1.97 1.95 -0.79 2.09 0.96 -0.95 -0.0600000000000001 0.94 1.94 0.931878411732494 0.76268017208978 2.38197135622306 -0.76 0.4675 -0.1925 0.3335 0.21 -0.1794
0.44 -0.5 0.45 1.94 -1.98 0.99 -0.97 -1.05 2.21 2.09 -1.04 2.05 -1.06 0.94 1.94 -0.593248104144594 1.34817712510944 1.19698128682514 1.24 -0.7825 1.0575 0.4735 0.3675 0.3706
0.44 -0.5 0.45 0.94 -1.98 -1.01 -0.97 -2.05 2.21 2.09 1.96 -1.95 -2.06 1.94 -0.0600000000000001 -0.402115057755496 0.361727342299867 1.37515732646674 -0.51 -0.0325 0.3075 -0.314 -0.0075 0.0406
-0.56 -0.5 -0.55 -1.06 0.02 0.99 -1.97 -1.05 2.21 -1.91 -2.04 1.05 -1.06 0.94 -2.06 -0.686616614595077 1.01796006367427 1.1840651466953 -1.01 -0.5325 0.0575000000000001 0.471 0.2425 -0.1269
-0.56 -0.5 -0.55 1.94 -0.98 -1.01 1.03 0.95 2.21 2.09 1.96 2.05 1.94 1.94 1.94 0.885317521126352 1.65737123093551 1.25676518344396 1.74 0.9675 1.3075 -1.0415 -0.5075 -0.8269
-0.56 -0.5 -0.55 1.94 -0.98 1.99 0.03 -2.05 2.21 1.09 -2.04 -0.95 -2.06 -0.0600000000000001 -2.06 1.99470077655212 1.80366895616193 1.25009852064142 -0.26 -1.2825 0.8075 0.0585 0.6175 -0.5469
0.44 -0.5 -0.55 -2.06 -1.98 -0.00999999999999979 0.03 -0.0499999999999998 0.21 -0.91 -2.04 -0.95 -1.06 -2.06 -1.06 -1.41057677468979 -0.733735326315509 -1.2621974228477 -1.01 -1.5325 -0.4425 0.471 0.7425 -0.2894
-0.56 -0.5 -0.55 -1.06 1.02 1.99 -1.97 1.95 -0.79 2.09 -2.04 0.05 -2.06 -1.06 -1.06 0.669712020805106 0.876115142760031 0.770379901504925 -1.01 -0.0325 0.3075 0.471 -0.0075 -0.2669
-0.56 0.5 -0.55 -0.0600000000000001 2.02 -2.01 -0.97 -2.05 -1.79 -1.91 -2.04 1.05 -0.0600000000000001 -2.06 -0.0600000000000001 -0.0722833040949324 2.22974610626994 1.83680469153224 -0.01 -1.0325 -1.4425 -0.079 -0.54 0.7131
-0.56 -0.5 0.45 1.94 -1.98 -2.01 -0.97 -1.05 -0.79 -1.91 0.96 0.05 -1.06 -2.06 -0.0600000000000001 -1.06101742730596 1.21661307695681 1.2844409522314 0.24 -1.0325 -1.4425 0.0235 0.4925 0.7131
0.44 0.5 0.45 -2.06 0.02 -1.01 -1.97 -1.05 0.21 -0.91 -2.04 -0.95 -1.06 -0.0600000000000001 0.94 2.44089729668342 2.19730698279166 2.93014002127577 -1.01 -0.7825 -0.6925 -0.539 -0.415 -0.3994
0.44 0.5 0.45 -0.0600000000000001 2.02 1.99 2.03 1.95 0.21 1.09 1.96 0.05 1.94 1.94 0.94 0.199833153881659 0.189426000222497 0.270192449400712 0.74 1.9675 1.3075 0.2485 0.96 0.4806
-0.56 0.5 0.45 -0.0600000000000001 2.02 -2.01 -1.97 -1.05 -0.79 -1.91 -2.04 0.05 -2.06 -0.0600000000000001 -2.06 0.781354649291284 2.1525600303576 0.717214230063114 -1.01 -0.2825 -1.6925 -0.539 -0.165 0.8531
-0.56 0.5 -0.55 -2.06 0.02 -2.01 -1.97 1.95 2.21 2.09 -2.04 -0.95 -2.06 1.94 0.94 0.247229901242498 2.14294890729071 1.39704157108439 -1.01 0.4675 0.0575 0.471 0.21 -0.1269
-0.56 -0.5 -0.55 0.94 1.02 1.99 1.03 -2.05 2.21 0.0900000000000001 0.96 2.05 1.94 -0.0600000000000001 1.94 1.50785747136839 -0.519354870996526 0.791446452778146 1.49 -0.0325 1.5575 -0.904 -0.0075 -0.9669
-0.56 0.5 0.45 -2.06 2.02 1.99 -1.97 -1.05 0.21 -1.91 -0.04 -0.95 -2.06 -2.06 -2.06 -0.52229484064654 0.912008020712074 0.725274168936369 -1.76 -0.2825 -0.4425 -0.8765 -0.165 0.1531
-0.56 0.5 0.45 -2.06 1.02 1.99 0.03 1.95 0.21 -0.91 1.96 2.05 0.94 -1.06 -0.0600000000000001 0.104425233547832 0.999424893023481 2.9335007605729 -0.0100000000000001 0.9675 0.5575 -0.0890000000000001 0.46 -0.4069
0.44 0.5 -0.55 -0.0600000000000001 1.02 -2.01 2.03 1.95 0.21 1.09 -2.04 -1.95 0.94 -2.06 0.94 0.94833169893018 0.160345353312943 2.29911007171711 0.24 -0.2825 0.0575000000000001 -0.2165 -0.165 -0.0694
0.44 -0.5 0.45 -0.0600000000000001 2.02 1.99 -1.97 1.95 2.21 2.09 -0.04 -1.95 -0.0600000000000001 0.94 1.94 0.83657126200281 0.730092755739678 -0.701262220368887 -0.51 1.2175 1.5575 -0.314 -0.6325 0.5906
0.44 0.5 0.45 0.94 0.02 -0.00999999999999979 0.03 1.95 1.21 1.09 -0.04 0.05 -1.06 -2.06 0.94 -0.54950594404747 0.810876953141865 -0.206371544726513 0.49 -0.0325 0.3075 0.136 -0.04 0.0406
0.44 0.5 0.45 1.94 0.02 0.99 -1.97 1.95 -1.79 -1.91 -1.04 -0.95 -0.0600000000000001 -0.0600000000000001 -2.06 0.0895074815228362 0.611640796680016 0.240803653012432 -0.76 0.2175 -0.6925 -0.4265 0.085 -0.3994
-0.56 -0.5 -0.55 0.94 0.02 -1.01 -1.97 -1.05 -0.79 0.0900000000000001 -2.04 -1.95 -1.06 -0.0600000000000001 -2.06 0.984783545669084 2.23543231083563 1.43473366887029 -1.26 -0.7825 -0.6925 0.6085 0.3675 0.2931
0.44 0.5 0.45 -2.06 2.02 -2.01 2.03 -2.05 2.21 2.09 -0.04 2.05 -0.0600000000000001 -0.0600000000000001 -0.0600000000000001 -0.662551159774808 -0.486680039127925 1.97064641720995 0.49 -0.0325 0.5575 0.136 -0.04 0.1506
0.44 0.5 0.45 1.94 1.02 -0.00999999999999979 -1.97 -2.05 -0.79 -1.91 -2.04 2.05 -1.06 -0.0600000000000001 -2.06 0.849392548988188 -0.441685977504096 2.34530035481791 -0.0100000000000001 -0.7825 -0.9425 -0.0890000000000001 -0.415 -0.5094
0.44 0.5 0.45 1.94 2.02 1.99 1.03 1.95 -1.79 -1.91 -0.04 2.05 1.94 0.94 -0.0600000000000001 1.76881016077571 1.39808716512432 1.67254398386381 1.24 1.2175 0.0575000000000001 0.4735 0.585 -0.0694
0.44 0.5 0.45 -2.06 -0.98 -2.01 2.03 -1.05 2.21 -0.91 -0.04 1.05 0.94 -2.06 -0.0600000000000001 -0.520296264204709 1.05628581629357 0.713723438347412 0.24 -1.0325 0.0575000000000001 0.0235 -0.54 -0.0694
0.44 0.5 -0.55 -2.06 1.02 1.99 -1.97 -2.05 -1.79 0.0900000000000001 -2.04 0.05 0.94 -2.06 -2.06 -0.163194324026665 0.0381869858854021 0.441017663279036 -1.51 -1.2825 0.3075 0.746 -0.665 0.0406
0.44 0.5 0.45 1.94 0.02 -0.00999999999999979 -0.97 1.95 -1.79 -0.91 1.96 0.05 -0.0600000000000001 -0.0600000000000001 -0.0600000000000001 -0.0783647664709494 0.947640301048391 2.64363587890473 0.24 0.9675 -0.6925 0.0235 0.46 -0.3994
-0.56 0.5 -0.55 1.94 0.02 -1.01 1.03 -0.0499999999999998 1.21 -1.91 -0.04 1.05 1.94 -0.0600000000000001 1.94 1.94495160967929 2.09661850187823 2.64005495620671 1.49 -0.0325 0.0575000000000001 -0.904 -0.04 -0.1269
0.44 0.5 -0.55 -2.06 -1.98 1.99 0.03 1.95 0.21 0.0900000000000001 0.96 1.05 0.94 -1.06 1.94 -0.43163606627951 0.826288415343771 0.727928985277505 0.24 -0.0325 0.8075 -0.2165 -0.04 0.2606
0.44 0.5 0.45 1.94 2.02 1.99 2.03 1.95 -0.79 2.09 0.96 2.05 1.94 1.94 0.94 2.03706281200222 1.75418046121198 1.19259743288795 1.74 1.7175 1.3075 0.6985 0.835 0.4806
0.44 -0.5 -0.55 -0.0600000000000001 2.02 -2.01 -1.97 -2.05 -0.79 -0.91 1.96 -0.95 -1.06 -1.06 -0.0600000000000001 0.287682291824044 1.94844295720228 0.897385515496399 -0.76 0.2175 -1.1925 0.3335 -0.1325 -0.6194
-0.56 -0.5 -0.55 -1.06 2.02 -2.01 2.03 0.95 1.21 -1.91 0.96 0.05 -1.06 -2.06 -1.06 -1.70829138121712 1.33043240060684 1.21876800298964 -0.00999999999999995 0.4675 -0.9425 -0.079 -0.2575 0.4331
-0.56 0.5 0.45 -2.06 1.02 0.99 2.03 -1.05 -1.79 2.09 0.96 2.05 1.94 1.94 -0.0600000000000001 0.416116695608664 0.766831999671187 2.07392292952539 0.49 0.7175 0.8075 0.136 0.335 -0.5469
0.44 -0.5 0.45 -0.0600000000000001 -1.98 0.99 -1.97 1.95 0.21 0.0900000000000001 1.96 1.05 1.94 -0.0600000000000001 0.94 0.715000617698326 1.83143677263904 -0.0935951545350612 -0.01 0.4675 0.8075 -0.089 -0.2575 0.2606
-0.56 -0.5 -0.55 -2.06 0.02 -0.00999999999999979 1.03 -2.05 -1.79 0.0900000000000001 1.96 0.05 -2.06 -2.06 -0.0600000000000001 0.800068983037651 -0.117061338212266 0.858799535389692 -0.26 -0.5325 -0.9425 0.0585 0.2425 0.4331
0.44 0.5 0.45 1.94 -1.98 -1.01 1.03 -2.05 -1.79 1.09 -0.04 0.05 0.94 0.94 -2.06 1.07314829893096 1.88756426715415 3.4639410333577 0.24 -0.7825 -0.1925 0.0235 -0.415 -0.1794
0.44 0.5 -0.55 1.94 0.02 -1.01 1.03 -1.05 -1.79 -1.91 1.96 -0.95 -1.06 0.94 1.94 0.579414222338956 0.707618074295527 0.247897966749975 0.99 0.4675 -1.4425 -0.629 0.21 -0.7294
-0.56 -0.5 -0.55 0.94 1.02 -2.01 -0.97 -2.05 -1.79 2.09 -2.04 -0.95 -2.06 -1.06 -2.06 1.95328613486353 1.51933076593439 1.10680553495167 -0.76 -1.0325 -0.9425 0.3335 0.4925 0.4331
-0.56 0.5 -0.55 1.94 -0.98 -2.01 -1.97 1.95 -1.79 0.0900000000000001 -2.04 -1.95 0.94 -2.06 -2.06 -0.461447173855807 -0.605005324119068 -0.77773868497658 -1.01 -0.7825 -0.6925 0.471 -0.415 0.2931
-0.56 -0.5 0.45 1.94 -1.98 1.99 2.03 -2.05 -0.79 -1.91 -1.04 0.05 -2.06 -2.06 -2.06 -1.02081266402265 -0.65377610962035 -1.53602884829457 0.49 -1.7825 -0.6925 0.136 0.8675 0.2931
0.44 0.5 -0.55 1.94 2.02 -2.01 -0.97 -2.05 -1.79 -1.91 1.96 2.05 -0.0600000000000001 -1.06 0.94 1.90096536604394 2.42688510160488 0.756893286120372 0.99 0.2175 -1.4425 -0.629 0.085 -0.7294
0.44 0.5 0.45 -2.06 -1.98 0.99 1.03 -2.05 -0.79 -1.91 0.96 -1.95 0.94 -2.06 -2.06 1.1209425171408 0.317083849071671 0.0899177063627239 -1.26 -1.2825 -0.1925 -0.6515 -0.665 -0.1794
-0.56 0.5 -0.55 -0.0600000000000001 2.02 0.99 2.03 -2.05 -1.79 -0.91 -1.04 -1.95 -1.06 -0.0600000000000001 -0.0600000000000001 -0.560509835483291 -0.857289691572398 -0.235181381441112 -0.00999999999999995 -0.2825 -0.6925 -0.079 -0.165 0.2931
-0.56 0.5 0.45 1.94 1.02 1.99 -1.97 -0.0499999999999998 -0.79 -1.91 0.96 -0.95 -0.0600000000000001 -1.06 0.94 1.57189398313021 1.60675461387607 0.775736537389711 -0.01 0.2175 -0.1925 -0.089 0.085 0.0131
0.44 -0.5 -0.55 -0.0600000000000001 -0.98 1.99 -0.97 -1.05 -0.79 1.09 -2.04 -1.95 -2.06 -0.0600000000000001 -1.06 1.00175621142222 1.02944850133935 -1.22196678321277 -1.01 -1.0325 0.0575000000000001 0.471 0.4925 -0.0694
0.44 -0.5 0.45 -1.06 2.02 -0.00999999999999979 2.03 1.95 2.21 2.09 -0.04 2.05 -2.06 -1.06 0.94 -0.27030377744202 0.580374783222672 -1.14442808107809 0.99 0.7175 0.5575 0.361 -0.3825 0.1506
0.44 0.5 0.45 1.94 -0.98 -0.00999999999999979 2.03 1.95 2.21 2.09 0.96 2.05 -0.0600000000000001 1.94 1.94 1.46101809642229 1.35347669995965 -0.242903853358601 1.99 0.9675 1.0575 0.811 0.46 0.3706
0.44 0.5 0.45 -2.06 2.02 0.99 2.03 1.95 2.21 -1.91 -1.04 -0.95 1.94 1.94 1.94 1.62360874109503 1.67183170304237 2.60150348215038 0.24 1.2175 0.8075 0.0235 0.585 0.2606
0.44 -0.5 -0.55 -2.06 0.02 -2.01 0.03 -2.05 2.21 1.09 -0.04 -1.95 0.94 -1.06 -2.06 0.00580879075809387 0.398029275273695 0.44067305403518 -1.51 -0.7825 0.5575 0.746 0.3675 0.1506
0.44 -0.5 0.45 -2.06 -1.98 -1.01 2.03 -2.05 2.21 1.09 -2.04 0.05 -1.06 0.94 0.94 0.443929374402635 1.22997397282814 1.38100148863787 0.24 -1.2825 0.3075 0.0235 0.6175 0.0406
-0.56 -0.5 0.45 1.94 -1.98 -2.01 -0.97 1.95 0.21 0.0900000000000001 1.96 2.05 1.94 1.94 0.94 0.989305636172612 1.38974310910057 2.33232463018209 0.99 0.9675 0.0575000000000001 0.361 -0.5075 -0.1269
0.44 -0.5 0.45 -2.06 -1.98 1.99 2.03 1.95 -0.79 -0.91 -2.04 2.05 0.94 -0.0600000000000001 -1.06 1.11682605314545 1.2231504910396 1.27389028250206 0.24 -0.5325 0.3075 0.0235 0.2425 0.0406
-0.56 -0.5 0.45 -2.06 2.02 -0.00999999999999979 2.03 -0.0499999999999998 -0.79 -1.91 1.96 0.05 1.94 1.94 0.94 0.045572709179597 0.792658912470643 1.84676546961974 0.24 1.4675 -0.1925 0.0235 -0.7575 0.0131
-0.56 0.5 0.45 1.94 -1.98 -0.00999999999999979 2.03 1.95 -1.79 -1.91 -0.04 -1.95 -1.06 0.94 -0.0600000000000001 1.51583413822995 1.33479810353323 1.22479668891911 0.49 0.2175 -1.1925 0.136 0.085 0.5731
-0.56 -0.5 -0.55 -2.06 2.02 -2.01 -1.97 -2.05 -1.79 1.09 -1.04 0.05 -0.0600000000000001 -1.06 -0.0600000000000001 0.967020721472633 0.380570866945686 1.10477178798299 -1.01 -0.5325 -0.6925 0.471 0.2425 0.2931
0.44 0.5 0.45 -2.06 -0.98 -2.01 1.03 1.95 1.21 0.0900000000000001 -2.04 0.05 1.94 1.94 -1.06 0.943273344573244 1.22533473129059 0.820126647912739 -0.51 0.2175 0.3075 -0.314 0.085 0.0406
0.44 -0.5 -0.55 0.94 -1.98 -2.01 1.03 -2.05 -1.79 -1.91 0.96 -1.95 -2.06 -2.06 -2.06 0.542348488248376 0.0991199080795074 0.58037821557656 -0.51 -1.2825 -1.9425 0.196 0.6175 -0.9494
-0.56 -0.5 -0.55 1.94 -0.98 -2.01 -1.97 1.95 2.21 -1.91 0.96 -0.95 1.94 -1.06 -1.06 0.389039539454047 -0.261113882994615 0.3821381809684 -0.51 0.2175 0.0575000000000001 0.196 -0.1325 -0.1269
0.44 -0.5 -0.55 -1.06 1.02 1.99 2.03 -1.05 -1.79 -0.91 1.96 -0.95 0.94 0.94 -1.06 0.700092239151064 0.14552750402896 1.6021478382089 -0.26 0.7175 0.0575000000000001 0.0585 -0.3825 -0.0694
0.44 0.5 0.45 -2.06 -1.98 -2.01 -1.97 -2.05 0.21 2.09 0.96 1.05 -2.06 1.94 -0.0600000000000001 0.704141898060044 1.74983028542072 1.60523873277179 -0.76 -0.2825 -0.4425 -0.4265 -0.165 -0.2894
-0.56 -0.5 -0.55 0.94 0.02 -1.01 -1.97 -0.0499999999999998 -1.79 0.0900000000000001 -0.04 -1.95 0.94 0.94 -0.0600000000000001 0.263572373431464 1.19558538158578 1.27343947576755 -0.76 0.2175 -0.4425 0.3335 -0.1325 0.1531
0.44 -0.5 0.45 1.94 2.02 -0.00999999999999979 2.03 1.95 2.21 2.09 -0.04 -1.95 1.94 1.94 1.94 0.287256067061529 0.232770092516272 0.81647565282562 0.99 1.4675 1.5575 0.361 -0.7575 0.5906
0.44 0.5 -0.55 1.94 0.02 1.99 -1.97 0.95 1.21 -1.91 1.96 0.05 0.94 1.94 1.94 -0.0721514507620195 -0.974709656238196 0.0145289919888649 0.49 1.2175 0.5575 -0.354 0.585 0.1506
0.44 0.5 0.45 -0.0600000000000001 -0.98 1.99 2.03 -2.05 -1.79 -0.91 1.96 -1.95 0.94 -0.0600000000000001 0.94 1.20438067746377 0.32117485369584 1.867805399625 0.24 -0.2825 0.0575000000000001 0.0235 -0.165 -0.0694
-0.56 0.5 0.45 0.94 -1.98 -2.01 2.03 1.95 0.21 0.0900000000000001 0.96 -1.95 0.94 1.94 1.94 0.63320129482899 1.62392711701084 1.31405513797806 0.74 0.7175 -0.1925 0.2485 0.335 0.0131
-0.56 -0.5 -0.55 0.94 -1.98 -2.01 -0.97 0.95 0.21 -0.91 -1.04 0.05 -1.06 -2.06 0.94 -0.424421834164909 -1.08217047975842 0.21241085925825 0.24 -1.0325 -0.9425 -0.2165 0.4925 0.4331
0.44 0.5 0.45 1.94 1.02 1.99 1.03 1.95 2.21 1.09 -2.04 -0.95 -0.0600000000000001 -1.06 -2.06 0.521540420247978 0.0286797586969952 0.847063704767027 -0.01 -0.0325 1.3075 -0.089 -0.04 0.4806
-0.56 -0.5 -0.55 -2.06 -1.98 -1.01 -1.97 -0.0499999999999998 -1.79 -0.91 -1.04 0.05 -2.06 -2.06 -2.06 0.527179302258769 -0.0623366065787006 -0.602344614358259 -1.51 -1.2825 -1.4425 0.746 0.6175 0.7131
-0.56 0.5 -0.55 1.94 -1.98 1.99 2.03 1.95 0.21 -1.91 1.96 2.05 -2.06 0.94 0.94 1.58674930409803 1.44275663102378 1.98471342591171 1.74 0.7175 -0.4425 -1.0415 0.335 0.1531
0.44 0.5 -0.55 -2.06 -1.98 -0.00999999999999979 1.03 -2.05 -0.79 -0.91 -2.04 -1.95 -2.06 -2.06 -2.06 0.501722738341176 1.35637462141381 0.359037395769916 -1.26 -2.0325 -0.9425 0.6085 -1.04 -0.5094
-0.56 0.5 -0.55 -1.06 0.02 -2.01 -1.97 -0.0499999999999998 0.21 -1.91 0.96 2.05 -1.06 -0.0600000000000001 0.94 -0.115128771835245 1.49877852131013 1.56776403086114 -0.0100000000000001 0.2175 -1.1925 -0.079 0.085 0.5731
-0.56 -0.5 0.45 0.94 -1.98 1.99 2.03 1.95 -1.79 1.09 -0.04 -0.95 1.94 0.94 -2.06 0.73895215710157 1.00815100596591 2.20205721713641 -0.00999999999999995 0.2175 0.8075 -0.089 -0.1325 -0.5469
0.44 -0.5 -0.55 1.94 1.02 1.99 2.03 -2.05 -0.79 0.0900000000000001 1.96 1.05 1.94 -1.06 -1.06 2.12234410224563 1.79910786280053 2.55042424744022 0.99 -0.0325 0.8075 -0.629 -0.0075 0.2606
0.44 -0.5 -0.55 -2.06 1.02 0.99 0.03 -0.0499999999999998 2.21 -1.91 -0.04 1.05 1.94 -2.06 -0.0600000000000001 -0.476067774290201 0.470355977260438 0.250859212547472 -0.26 -0.2825 0.8075 0.0585 0.1175 0.2606
-0.56 0.5 0.45 -2.06 2.02 -2.01 0.03 1.95 0.21 2.09 -2.04 0.05 -2.06 0.94 -0.0600000000000001 0.330946417330647 0.503470299594458 1.33697998835154 -0.51 0.7175 -0.4425 -0.314 0.335 0.1531
-0.56 -0.5 0.45 0.94 -0.98 -2.01 1.03 1.95 -1.79 -1.91 -0.04 1.05 -0.0600000000000001 1.94 -2.06 1.009881334503 1.86982206142876 2.48441382246809 0.24 0.7175 -1.4425 0.0235 -0.3825 0.7131
-0.56 -0.5 -0.55 0.94 -1.98 1.99 2.03 1.95 2.21 2.09 1.96 2.05 -0.0600000000000001 1.94 1.94 1.56086155821559 1.3757399818283 2.05226345365015 1.74 0.9675 1.5575 -1.0415 -0.5075 -0.9669
0.44 -0.5 0.45 1.94 2.02 -0.00999999999999979 1.03 -0.0499999999999998 2.21 2.09 1.96 2.05 1.94 1.94 1.94 0.987887334680092 1.80667276404287 2.14298576838088 1.74 1.4675 1.5575 0.6985 -0.7575 0.5906
-0.56 -0.5 0.45 -0.0600000000000001 -1.98 1.99 -0.97 -1.05 2.21 2.09 0.96 0.05 0.94 1.94 1.94 1.70215754852473 1.25128121630823 0.853125104703606 0.24 -0.0325 1.8075 0.0235 -0.0075 -1.1069
0.44 -0.5 0.45 1.94 1.02 0.99 0.03 1.95 2.21 1.09 1.96 -1.95 -2.06 1.94 -0.0600000000000001 1.15823979021546 1.95997095332 2.32217709224132 -0.01 1.7175 0.5575 -0.089 -0.8825 0.1506
0.44 0.5 0.45 -2.06 -1.98 -2.01 -1.97 -2.05 2.21 -1.91 0.96 -1.95 1.94 -2.06 -1.06 -0.654092403789475 -0.0595741433117592 -0.529728340618704 -1.76 -1.2825 0.0575000000000001 -0.8765 -0.665 -0.0694
