0.5 0.512 0.532 1.956 -2.024 -1.948 -0.936 -0.94 -2.012 -1.844 -0.04 -0.912 0.004 -0.88 -1.04 0.432098590045777 1.7844250943961 2.22011357239863 -0.233 -0.971 -1.45 -0.207912 -0.549304 -0.776
0.5 0.512 0.532 1.956 -1.024 -1.948 -1.936 2.06 -0.012 2.156 -2.04 0.0880000000000001 -0.996 -1.88 -2.04 0.326077013250243 0.726829710915227 2.22631352256835 -0.483 -0.721 -0.2 -0.340912 -0.421304 -0.151
0.5 -0.488 0.532 -0.044 1.976 -0.948 1.064 1.06 1.988 1.156 -2.04 1.088 0.004 1.12 0.96 0.629549646366703 1.7033544651464 2.17604511187835 0.767 0.529 0.55 0.324088 -0.310304 0.224
0.5 -0.488 0.532 1.956 -2.024 0.052 1.064 2.06 -2.012 1.156 1.96 2.088 -1.996 2.12 -0.04 1.04910307335972 -0.501829258219913 1.15992755265871 1.267 1.029 -0.7 0.590088 -0.554304 -0.401
-0.5 -0.488 0.532 -2.044 -2.024 2.052 1.064 -1.94 1.988 2.156 -1.04 1.088 -0.996 1.12 1.96 -0.215995424634819 1.48821962826756 0.99605975129121 0.517 -0.971 1.3 0.191088 0.421696 -0.701
0.5 0.512 0.532 -2.044 0.976 2.052 2.064 1.06 -1.012 2.156 1.96 0.0880000000000001 -0.996 2.12 0.96 2.84207827560055 3.76752333999552 3.1518416296259 0.267 1.529 0.55 0.058088 0.730696 0.224
-0.5 -0.488 -0.468 -0.044 -1.024 2.052 2.064 1.06 -2.012 1.156 1.96 2.088 2.004 2.12 1.96 1.11252809016675 1.57037792391456 0.0929154721193144 1.517 1.029 0.8 -0.793912 -0.554304 -0.451
-0.5 0.512 -0.468 0.956 -2.024 -0.948 1.064 -1.94 -2.012 -1.844 -0.04 -1.912 -0.996 -1.88 -2.04 -0.623451606514738 -0.895897093060892 -0.28756034860938 -0.483 -1.471 -1.45 0.142088 -0.805304 0.674
0.5 0.512 0.532 -0.044 -1.024 1.052 -0.936 2.06 1.988 1.156 0.96 1.088 0.004 1.12 1.96 1.84826929123494 2.3334488569353 3.72350155351209 0.517 0.779 1.05 0.191088 0.346696 0.474
0.5 -0.488 -0.468 1.956 -2.024 0.052 -0.936 1.06 0.988 -0.844 0.96 -1.912 -1.996 -1.88 -2.04 0.978289622450197 -0.953575810898442 -1.66036404336503 -0.733 -0.471 -0.45 0.259088 0.177696 -0.276
0.5 0.512 0.532 -1.044 1.976 2.052 2.064 -1.94 -2.012 -0.844 1.96 2.088 2.004 -0.88 1.96 -0.305947440921766 0.895275394307201 2.89015576428854 1.267 0.279 0.3 0.590088 0.090696 0.099
0.5 0.512 0.532 0.956 0.976 -0.948 -1.936 0.0600000000000001 0.988 -1.844 -0.04 2.088 0.004 -1.88 1.96 -0.810898071479042 1.39911014682307 -0.646437135212059 0.767 -0.221 -0.45 0.324088 -0.165304 -0.276
-0.5 -0.488 0.532 0.956 -1.024 -1.948 2.064 -0.94 1.988 -0.844 -2.04 2.088 1.004 2.12 1.96 0.526311122852579 0.631103543998165 1.01908819638463 1.767 -0.471 0.05 0.856088 0.177696 -0.076
0.5 -0.488 0.532 0.956 -2.024 0.052 0.0640000000000001 2.06 1.988 2.156 -0.04 -1.912 -0.996 0.12 -2.04 0.738056924907897 -0.960183136806415 1.2781063996736 -0.733 0.029 0.8 -0.473912 -0.066304 0.349
0.5 0.512 0.532 -0.044 -1.024 2.052 2.064 1.06 1.988 -0.844 -1.04 -1.912 2.004 1.12 -1.04 0.702664546033058 0.26185694865297 0.0829846393643334 -0.233 0.029 1.3 -0.207912 -0.037304 0.599
-0.5 0.512 0.532 1.956 -2.024 2.052 0.0640000000000001 -1.94 -2.012 -0.844 1.96 0.0880000000000001 2.004 -0.88 -1.04 -0.363571456462766 -0.575924888248869 1.6231394028688 0.267 -0.721 0.3 0.058088 -0.421304 -0.201
-0.5 -0.488 -0.468 1.956 -2.024 -0.948 0.0640000000000001 -1.94 -1.012 -0.844 -1.04 0.0880000000000001 0.004 2.12 1.96 0.379167775763226 -0.313410251670728 -0.480071095844538 1.017 -0.721 -0.7 -0.559912 0.299696 0.299
-0.5 -0.488 -0.468 1.956 0.976 -1.948 -1.936 1.06 -2.012 0.156 -2.04 2.088 0.004 0.12 -0.04 0.151030687782611 0.510684928685982 0.82794026355577 0.517 0.029 -0.95 -0.325912 -0.066304 0.424
-0.5 -0.488 0.532 -2.044 1.976 -0.948 0.0640000000000001 0.0600000000000001 -2.012 0.156 1.96 0.0880000000000001 2.004 -1.88 -2.04 -0.119979067707197 -0.714575184955893 2.70839811071185 -0.983 0.529 -0.2 -0.606912 -0.310304 0.049
-0.5 -0.488 -0.468 -0.044 0.976 2.052 -1.936 -1.94 1.988 1.156 1.96 2.088 -0.996 2.12 1.96 0.797749293184176 1.61289323048787 1.82053869611193 0.517 0.779 1.05 -0.325912 -0.432304 -0.576
0.5 0.512 0.532 1.956 0.976 2.052 0.0640000000000001 1.06 1.988 2.156 1.96 -1.912 1.004 1.12 1.96 1.25688226296459 0.483234374499916 1.6829632982158 0.517 1.279 1.8 0.191088 0.602696 0.849
0.5 0.512 0.532 1.956 -2.024 1.052 -1.936 -1.94 1.988 2.156 1.96 -0.912 0.004 0.12 -1.04 1.35662583042792 2.52390639526535 2.67218487727891 -0.483 -0.471 1.3 -0.340912 -0.293304 0.599
0.5 -0.488 -0.468 1.956 -1.024 -0.948 0.0640000000000001 -0.94 1.988 0.156 0.96 1.088 0.004 2.12 0.96 -0.653374794863329 0.574033195673798 -0.958178888280878 1.017 0.279 0.3 -0.559912 -0.188304 0.099
-0.5 -0.488 -0.468 -2.044 1.976 0.052 -1.936 0.0600000000000001 1.988 -1.844 0.96 1.088 -0.996 2.12 0.96 0.0740280496662719 1.04957733898567 1.35353737758854 -0.483 1.279 -0.2 0.142088 -0.676304 0.049
0.5 0.512 0.532 -2.044 1.976 -1.948 2.064 -1.94 -2.012 -1.844 -2.04 -1.912 -0.996 -1.88 -2.04 1.39558835810707 0.816980087715479 1.15611500588651 -0.983 -0.971 -1.7 -0.606912 -0.549304 -0.901
-0.5 -0.488 0.532 -2.044 -1.024 2.052 -1.936 1.06 -2.012 -1.844 -0.04 0.0880000000000001 0.004 1.12 0.96 0.267574726011831 1.66639218997201 2.29122552480002 -0.733 0.279 -0.45 -0.473912 -0.188304 0.174
0.5 0.512 0.532 -2.044 -0.024 1.052 0.0640000000000001 0.0600000000000001 -0.012 -0.844 -2.04 -0.912 -1.996 -1.88 -0.04 0.554864495259815 -0.47256732840552 2.02921145930432 -0.733 -0.971 -0.45 -0.473912 -0.549304 -0.276
-0.5 0.512 -0.468 1.956 -2.024 2.052 2.064 2.06 -0.012 -0.844 -2.04 1.088 -1.996 0.12 -0.04 0.393646487011132 0.829571295931092 1.2659078606947 1.267 -0.471 -0.2 -0.676912 -0.293304 0.049
0.5 0.512 0.532 0.956 -2.024 2.052 0.0640000000000001 -1.94 -2.012 -1.844 -0.04 0.0880000000000001 2.004 -0.88 -2.04 0.141715663911496 0.668148028244931 0.0365088334393175 -0.233 -1.221 0.05 -0.207912 -0.677304 -0.026
-0.5 0.512 -0.468 -2.044 1.976 0.052 1.064 0.0600000000000001 1.988 0.156 1.96 -1.912 -0.996 2.12 1.96 -0.52689752765572 2.01306536569138 2.87038835161386 -0.233 1.529 0.3 0.025088 0.730696 -0.201
0.5 0.512 0.532 -2.044 1.976 -0.948 2.064 -0.94 1.988 -1.844 1.96 0.0880000000000001 0.004 2.12 -0.04 0.638594502226229 3.08889509476273 2.93489449049656 0.017 1.279 -0.2 -0.074912 0.602696 -0.151
0.5 0.512 -0.468 0.956 1.976 2.052 0.0640000000000001 2.06 -0.012 -1.844 1.96 2.088 2.004 2.12 -0.04 2.90187984420989 3.18974104048359 2.95090601991789 0.767 2.029 0.55 -0.442912 0.986696 0.224
-0.5 -0.488 -0.468 0.956 -2.024 -1.948 -1.936 -1.94 -1.012 1.156 -2.04 -1.912 -1.996 -1.88 -0.04 1.01240312639463 -0.700936424590675 2.08436674030168 -0.733 -1.971 -0.95 0.259088 0.909696 0.424
0.5 -0.488 -0.468 -0.044 1.976 1.052 -0.936 2.06 0.988 2.156 -1.04 0.0880000000000001 0.004 1.12 0.96 0.910112017849333 0.900245544768353 -0.336223129722584 0.017 1.029 1.05 -0.091912 -0.554304 0.474
0.5 -0.488 -0.468 0.956 -2.024 2.052 -1.936 -0.94 -2.012 -1.844 -0.04 0.0880000000000001 2.004 -0.88 -0.04 -0.00780993854010748 1.09402226172089 0.999174463027682 -0.233 -0.971 0.05 0.025088 0.421696 -0.026
-0.5 -0.488 -0.468 1.956 -1.024 -1.948 2.064 -1.94 -1.012 -1.844 -2.04 1.088 -1.996 -1.88 -2.04 0.235520383356552 0.154090237446751 1.49021718630975 0.767 -1.721 -1.7 -0.442912 0.787696 0.799
0.5 -0.488 0.532 -0.044 1.976 2.052 -1.936 2.06 1.988 0.156 -1.04 0.0880000000000001 0.004 1.12 -1.04 0.881978624969543 -0.0922921706315962 -0.165445595613841 -0.733 1.029 1.05 -0.473912 -0.554304 0.474
-0.5 -0.488 -0.468 -2.044 -1.024 2.052 2.064 -1.94 -2.012 -1.844 -0.04 -1.912 1.004 -1.88 -2.04 0.834424786578067 -1.04238769984836 -0.329171138205921 -0.983 -1.221 -0.2 0.376088 0.543696 0.049
-0.5 -0.488 -0.468 1.956 -0.024 2.052 -0.936 2.06 -0.012 -0.844 -2.04 0.0880000000000001 -0.996 -1.88 -2.04 0.489562130220626 0.158312172426104 0.608132607748244 -0.233 -0.471 0.05 0.025088 0.177696 -0.076
-0.5 -0.488 -0.468 -2.044 -1.024 -0.948 -0.936 -0.94 -2.012 0.156 -1.04 1.088 2.004 -1.88 0.96 0.417115224265501 0.913128839185241 -0.479397154817445 -0.233 -1.221 -0.2 0.025088 0.543696 0.049
-0.5 0.512 0.532 -2.044 1.976 -0.948 -1.936 -1.94 0.988 2.156 -2.04 -0.912 1.004 1.12 -0.04 0.855155625843839 1.53010426766953 1.54376762755394 -1.233 -0.221 0.8 -0.739912 -0.165304 -0.451
0.5 0.512 0.532 -2.044 1.976 -1.948 -1.936 -0.94 -2.012 1.156 -0.04 2.088 0.004 -0.88 0.96 0.834443024854414 0.372833705900361 1.42990384334107 -0.233 0.029 -0.7 -0.207912 -0.037304 -0.401
0.5 0.512 0.532 0.956 -2.024 1.052 2.064 -1.94 -1.012 0.156 -1.04 -1.912 -0.996 -1.88 0.96 1.54284212835219 1.75415001795338 2.18795454001738 0.517 -1.721 -0.2 0.191088 -0.933304 -0.151
0.5 0.512 0.532 -2.044 0.976 2.052 1.064 2.06 1.988 0.156 1.96 0.0880000000000001 2.004 2.12 1.96 1.6826503097797 1.40649557480112 6.23707941100969 0.267 1.779 1.55 0.058088 0.858696 0.724
-0.5 -0.488 -0.468 -2.044 0.976 -1.948 -1.936 -1.94 -2.012 -0.844 -2.04 -1.912 1.004 -1.88 -2.04 -0.598821982276516 -1.32738089603457 0.238216992602091 -1.983 -1.221 -0.95 0.844088 0.543696 0.424
0.5 0.512 -0.468 -2.044 -1.024 1.052 1.064 -1.94 -0.012 2.156 -0.04 -1.912 0.004 -0.88 -1.04 1.4061790399703 0.139300628864421 1.86920291307331 -0.983 -0.971 0.8 0.376088 -0.549304 0.349
0.5 0.512 0.532 1.956 1.976 -1.948 -1.936 2.06 0.988 1.156 -2.04 2.088 1.004 1.12 1.96 2.01171741896179 1.80278125158123 2.14796919713677 1.017 0.779 0.3 0.457088 0.346696 0.099
0.5 0.512 0.532 -1.044 0.976 2.052 2.064 -0.94 1.988 -0.844 1.96 2.088 -0.996 0.12 1.96 1.20771148848217 0.455006083371686 1.3950676517926 1.267 0.529 0.55 0.590088 0.218696 0.224
-0.5 -0.488 0.532 1.956 0.976 -1.948 -0.936 -0.94 1.988 2.156 1.96 2.088 1.004 1.12 -0.04 -0.893331352616346 -0.721787834984553 0.452641980874708 0.767 0.779 0.8 0.324088 -0.432304 -0.451
-0.5 -0.488 -0.468 -2.044 -2.024 -0.948 -1.936 -1.94 -0.012 -1.844 -2.04 -1.912 -1.996 2.12 -0.04 -1.79279765931036 0.894082880220481 2.83669697727489 -1.483 -0.971 -1.2 0.610088 0.421696 0.549
0.5 -0.488 0.532 1.956 0.976 0.052 -0.936 2.06 -2.012 0.156 -0.04 2.088 0.004 -0.88 -1.04 0.881148425981154 1.93171996028459 1.08681081159882 0.517 0.529 -0.45 0.191088 -0.310304 -0.276
0.5 -0.488 -0.468 1.956 -2.024 -1.948 2.064 1.06 0.988 2.156 -0.04 -0.912 0.004 0.12 0.96 0.343067911083752 -0.159738827582162 0.525374493792914 1.017 -0.221 0.3 -0.559912 0.055696 0.099
0.5 0.512 0.532 -0.044 0.976 0.052 0.0640000000000001 2.06 -0.012 1.156 1.96 -0.912 2.004 2.12 1.96 0.872427550781548 -0.186330658270153 -0.155507886312166 0.267 1.779 0.8 0.058088 0.858696 0.349
0.5 -0.488 0.532 0.956 -1.024 -1.948 2.064 -1.94 1.988 0.156 1.96 -0.912 -1.996 0.12 -0.04 -1.21742811124904 0.580462167891757 1.74742026485392 0.517 -0.221 -0.45 0.191088 0.055696 -0.276
-0.5 -0.488 -0.468 -2.044 1.976 0.052 -1.936 -1.94 1.988 1.156 1.96 -1.912 2.004 0.12 -0.04 -0.390318903635185 1.10531306142626 0.457970819332201 -1.483 0.529 1.3 0.610088 -0.310304 -0.701
0.5 0.512 0.532 1.956 1.976 -0.948 2.064 2.06 0.988 2.156 -2.04 1.088 1.004 2.12 0.96 -0.0304642047647516 -1.24664387080456 1.62802948998222 1.517 1.029 0.8 0.723088 0.474696 0.349
-0.5 -0.488 -0.468 1.956 0.976 -1.948 -1.936 -0.94 1.988 -1.844 -1.04 -1.912 -1.996 -1.88 -2.04 1.07781031890664 1.63533731769246 0.430274898038526 -0.983 -0.721 -0.95 0.376088 0.299696 0.424
-0.5 -0.488 -0.468 -2.044 -2.024 -1.948 -1.936 2.06 0.988 0.156 0.96 0.0880000000000001 1.004 -1.88 -0.04 1.0779516587637 1.6269967399638 2.18626621313205 -0.983 -0.221 0.05 0.376088 0.055696 -0.076
-0.5 -0.488 -0.468 -2.044 -2.024 1.052 -0.936 -0.94 -1.012 -1.844 1.96 -1.912 -0.996 0.12 -2.04 0.122967126363319 0.261759110790005 0.677794586688223 -1.733 -0.221 -0.7 0.727088 0.055696 0.299
-0.5 -0.488 -0.468 -2.044 1.976 0.052 -1.936 2.06 -2.012 -1.844 -2.04 0.0880000000000001 0.004 0.12 0.96 0.062043624953429 0.38951726531125 1.86979840295857 -0.733 0.529 -0.95 0.259088 -0.310304 0.424
0.5 0.512 0.532 1.956 -1.024 0.052 1.064 2.06 1.988 2.156 -0.04 2.088 0.004 1.12 -1.04 1.08582215388259 0.390152873902308 1.26562494324331 1.017 0.529 1.05 0.457088 0.218696 0.474
-0.5 -0.488 -0.468 0.956 1.976 -0.948 0.0640000000000001 -0.94 0.988 -0.844 0.96 -1.912 -1.996 -1.88 0.96 0.686755171947197 0.604911979958361 -0.0287503513428811 0.017 0.029 -0.7 -0.091912 -0.066304 0.299
-0.5 -0.488 -0.468 1.956 0.976 2.052 -1.936 1.06 -1.012 -1.844 -2.04 2.088 0.004 1.12 -1.04 -0.799524936920459 0.343721320797204 2.06623085971257 0.267 0.279 -0.2 -0.208912 -0.188304 0.049
-0.5 0.512 0.532 1.956 1.976 1.052 2.064 1.06 0.988 0.156 1.96 -1.912 2.004 2.12 0.96 0.307748946266514 0.409733823781152 0.602273372586894 0.767 1.779 1.05 0.324088 0.858696 -0.576
0.5 -0.488 0.532 -0.044 -0.024 -0.948 2.064 -1.94 -2.012 -1.844 -0.04 1.088 0.004 -1.88 1.96 1.20804125296159 3.23774339933535 3.11582830178899 1.267 -0.971 -1.2 0.590088 0.421696 -0.651
-0.5 -0.488 0.532 -1.044 -2.024 1.052 2.064 2.06 -2.012 0.156 -0.04 -1.912 -0.996 -0.88 0.96 0.114947453617742 2.40154965468384 2.17384169361233 0.017 -0.221 -0.45 -0.074912 0.055696 0.174
-0.5 -0.488 -0.468 -2.044 -0.024 2.052 -0.936 -1.94 -2.012 -1.844 -0.04 2.088 -1.996 -1.88 -2.04 -0.4657540778147 0.257335496086348 0.869823422200911 -0.733 -0.971 -0.95 0.259088 0.421696 0.424
-0.5 0.512 -0.468 -0.044 -0.024 -1.948 -1.936 -1.94 1.988 -1.844 -1.04 -1.912 -1.996 -1.88 -2.04 1.49360792233097 2.14010045208276 1.88226748534324 -1.483 -1.221 -0.95 0.610088 -0.677304 0.424
-0.5 -0.488 -0.468 1.956 1.976 2.052 1.064 -1.94 -2.012 2.156 -1.04 0.0880000000000001 -1.996 -1.88 -1.04 0.325464889143062 1.86793243029169 2.95781466413422 0.517 -0.721 0.0499999999999999 -0.325912 0.299696 -0.076
0.5 -0.488 0.532 -1.044 -2.024 2.052 1.064 -1.94 0.988 0.156 -2.04 1.088 -0.996 0.12 -2.04 1.2137592764489 -0.0604437398253633 0.313973644616127 -0.233 -1.471 0.55 -0.207912 0.665696 0.224
-0.5 -0.488 -0.468 -2.044 -1.024 -1.948 -0.936 -1.94 -2.012 -1.844 -2.04 -1.912 -1.996 -1.88 -2.04 -1.40356866997522 0.998967851523523 -0.733669759069515 -1.733 -1.721 -1.95 0.727088 0.787696 0.924
0.5 0.512 0.532 -2.044 -2.024 0.052 -0.936 -1.94 -1.012 1.156 1.96 2.088 0.004 -0.88 -2.04 0.272595688382353 0.958235594222526 2.37782681545268 -0.733 -0.721 0.05 -0.473912 -0.421304 -0.026
-0.5 -0.488 0.532 -2.044 1.976 2.052 1.064 2.06 1.988 0.156 1.96 1.088 0.004 0.12 -0.04 0.0232670113137931 1.0956539072589 1.62891274993365 0.017 1.529 1.05 -0.074912 -0.798304 -0.576
0.5 -0.488 0.532 -2.044 0.976 -1.948 2.064 -1.94 -0.012 0.156 0.96 0.0880000000000001 1.004 1.12 -1.04 1.49637236589988 2.42421394685575 0.60783196058604 -0.233 0.279 -0.2 -0.207912 -0.188304 -0.151
0.5 0.512 -0.468 -2.044 -0.024 -1.948 -1.936 -1.94 1.988 -0.844 -2.04 -1.912 0.004 -1.88 -0.04 0.127407745165902 0.615867188974987 0.608865345664318 -1.483 -1.471 -0.2 0.610088 -0.805304 -0.151
-0.5 -0.488 -0.468 0.956 -1.024 1.052 2.064 -1.94 -2.012 0.156 1.96 2.088 -0.996 -1.88 -0.04 -1.12942624927186 -0.575799662065332 -1.5237983184488 1.267 -0.721 -0.45 -0.676912 0.299696 0.174
0.5 -0.488 -0.468 1.956 -0.024 -0.948 2.064 0.0600000000000001 0.988 0.156 1.96 2.088 2.004 1.12 0.96 0.614025794262464 0.99590326753905 0.677006133431174 1.767 0.779 0.55 -0.910912 -0.432304 0.224
0.5 0.512 0.532 -2.044 1.976 -1.948 -1.936 0.0600000000000001 -0.012 -0.844 -0.04 0.0880000000000001 -0.996 0.12 0.96 -0.348653188158342 1.37187690335435 1.09985284257996 -0.733 0.529 -0.95 -0.473912 0.218696 -0.526
-0.5 0.512 -0.468 -0.044 -2.024 -0.948 2.064 2.06 -1.012 0.156 1.96 2.088 2.004 2.12 1.96 0.871878882533691 0.00700106423094349 1.87369579474584 1.517 1.029 0.05 -0.793912 0.474696 -0.076
0.5 0.512 0.532 -2.044 0.976 2.052 -0.936 0.0600000000000001 -0.012 -0.844 -0.04 0.0880000000000001 0.004 -1.88 -0.04 0.432206521521449 0.0996110784440986 -1.43348908665049 -0.733 -0.221 0.3 -0.473912 -0.165304 0.099
-0.5 -0.488 -0.468 1.956 -1.024 -0.948 1.064 -1.94 -2.012 2.156 1.96 0.0880000000000001 0.004 -0.88 0.96 2.00343124472781 2.15797438799492 2.30585343530155 1.017 -0.471 -0.2 -0.559912 0.177696 0.049
-0.5 -0.488 -0.468 -2.044 0.976 2.052 2.064 -1.94 -1.012 -1.844 -0.04 0.0880000000000001 1.004 -1.88 0.96 0.92138262216081 0.997192160003434 0.85222926392217 0.267 -0.721 0.05 -0.208912 0.299696 -0.076
-0.5 0.512 0.532 -0.044 -0.024 2.052 2.064 -0.94 -1.012 -0.844 -0.04 -0.912 -1.996 1.12 -2.04 0.756032595197609 1.74182285339472 1.15722661639113 -0.233 0.029 -0.45 -0.207912 -0.037304 0.174
-0.5 -0.488 -0.468 -2.044 -0.024 1.052 0.0640000000000001 -0.94 1.988 -1.844 -2.04 -1.912 -1.996 -1.88 -2.04 0.963533180901436 -0.945818034067066 0.424877802796144 -1.483 -1.221 -0.2 0.610088 0.543696 0.049
0.5 -0.488 -0.468 -2.044 -1.024 0.052 -1.936 -0.94 -2.012 -1.844 0.96 0.0880000000000001 -1.996 -1.88 -2.04 1.06539462606669 0.956201814957913 0.798635400512324 -1.483 -0.721 -1.45 0.610088 0.299696 -0.776
0.5 0.512 0.532 -2.044 -1.024 -0.948 2.064 -1.94 0.988 -1.844 -2.04 0.0880000000000001 -1.996 -0.88 -0.04 0.101126788256503 3.15970050429273 2.86347714245037 0.017 -1.471 -0.95 -0.074912 -0.805304 -0.526
0.5 0.512 -0.468 -2.044 -1.024 -0.948 -0.936 2.06 -1.012 -1.844 -0.04 1.088 2.004 -0.88 0.96 1.61493281385067 1.08888305434438 2.97661943841235 -0.233 0.029 -0.45 0.025088 -0.037304 -0.276
-0.5 0.512 -0.468 -0.044 -1.024 -1.948 -0.936 1.06 -2.012 1.156 -2.04 -1.912 -0.996 1.12 -0.04 0.491352814487399 1.15716293025537 0.359710244939139 -0.733 -0.221 -0.95 0.259088 -0.165304 0.424
-0.5 -0.488 -0.468 -2.044 0.976 -1.948 2.064 -1.94 -0.012 -1.844 -2.04 -0.912 -0.996 -0.88 -0.04 -0.594085877316777 -0.120550351840263 -0.815878556598345 -0.233 -0.971 -1.2 0.025088 0.421696 0.549
-0.5 0.512 -0.468 1.956 1.976 2.052 -1.936 -1.94 -1.012 -1.844 -1.04 1.088 -0.996 -0.88 0.96 -0.0904209055110718 -0.72689572689039 0.71673023644493 0.517 -0.471 -0.45 -0.325912 -0.293304 0.174
-0.5 -0.488 -0.468 1.956 1.976 0.052 0.0640000000000001 2.06 -2.012 -1.844 -2.04 -1.912 2.004 2.12 -2.04 0.773283367331769 -0.169637377662909 0.0181136658315262 -0.483 1.029 -0.45 0.142088 -0.554304 0.174
-0.5 0.512 0.532 -0.044 0.976 1.052 -0.936 2.06 0.988 2.156 -2.04 0.0880000000000001 2.004 1.12 1.96 1.11917878888046 1.78188566419485 2.19858296050801 0.267 0.529 1.55 0.058088 0.218696 -0.826
0.5 0.512 -0.468 1.956 1.976 -0.948 1.064 -1.94 -2.012 2.156 1.96 1.088 -0.996 1.12 1.96 -0.247134821409328 0.625629743939883 -0.499984393794952 1.517 0.779 -0.45 -0.793912 0.346696 -0.276
0.5 0.512 0.532 -1.044 1.976 0.052 2.064 2.06 1.988 2.156 1.96 0.0880000000000001 2.004 2.12 1.96 1.65522698245462 1.2905211851037 2.41533121540481 0.767 2.029 1.55 0.324088 0.986696 0.724
0.5 0.512 -0.468 -2.044 -1.024 2.052 -1.936 -1.94 -0.012 -1.844 -0.04 -1.912 0.004 -1.88 -2.04 1.1636019365233 0.0574397101433448 0.731163218620435 -1.983 -1.221 0.05 0.844088 -0.677304 -0.026
-0.5 -0.488 -0.468 1.956 -2.024 2.052 -1.936 2.06 -0.012 2.156 0.96 0.0880000000000001 1.004 2.12 1.96 0.120853758238728 0.532949006396609 0.773007971095871 0.517 0.779 1.3 -0.325912 -0.432304 -0.701
0.5 0.512 0.532 -0.044 1.976 -1.948 -1.936 1.06 0.988 -1.844 -2.04 0.0880000000000001 -1.996 0.12 -1.04 -0.403521560432913 2.47458309558035 -0.100642422094257 -0.733 0.279 -1.2 -0.473912 0.090696 -0.651
0.5 0.512 0.532 -2.044 0.976 -1.948 2.064 -0.94 -0.012 -0.844 -2.04 1.088 0.004 -0.88 -0.04 1.1073535378533 1.59485236818719 1.20172607210151 0.267 -0.721 -0.7 0.058088 -0.421304 -0.401
0.5 -0.488 0.532 -2.044 -1.024 -1.948 -1.936 -0.94 -2.012 0.156 -2.04 -1.912 -1.996 -1.88 -2.04 -0.10154831551789 1.34659650224257 2.20720723487295 -1.983 -1.471 -1.45 -1.138912 0.665696 -0.776
-0.5 -0.488 0.532 -2.044 -2.024 1.052 2.064 2.06 -2.012 -0.844 -1.04 1.088 2.004 0.12 1.96 0.964321636155094 1.0270824144018 1.11283244899197 0.767 -0.221 0.05 0.324088 0.055696 -0.076
-0.5 0.512 -0.468 -2.044 -0.024 2.052 2.064 2.06 -2.012 -1.844 0.96 -1.912 -0.996 -1.88 -2.04 0.482710171116839 1.67041368795611 0.775534089943724 -0.983 0.279 -0.7 0.376088 0.090696 0.299
0.5 -0.488 0.532 1.956 -1.024 -1.948 -0.936 0.0600000000000001 1.988 -1.844 -0.04 2.088 -0.996 2.12 -0.04 -0.285451300292493 1.09008697496415 0.752547044294955 0.767 0.279 -0.7 0.324088 -0.188304 -0.401
0.5 -0.488 -0.468 0.956 0.976 -1.948 -1.936 2.06 1.988 -1.844 -2.04 2.088 2.004 0.12 1.96 -0.587205017762069 -0.35252862731625 0.75043904464411 0.767 0.279 0.05 -0.442912 -0.188304 -0.026
0.5 -0.488 -0.468 1.956 -2.024 0.052 -1.936 2.06 -2.012 2.156 1.96 -0.912 -0.996 -0.88 -0.04 0.182003983276746 0.215518721771113 0.432027685017079 -0.233 0.279 -0.2 0.025088 -0.188304 -0.151
-0.5 0.512 0.532 1.956 -1.024 -1.948 2.064 -0.94 -0.012 2.156 0.96 2.088 2.004 2.12 1.96 1.04211851453103 2.96091909740692 1.8237713370905 2.017 0.279 0.55 0.989088 0.090696 -0.326
-0.5 0.512 0.532 -2.044 0.976 -1.948 0.0640000000000001 2.06 0.988 -1.844 -0.04 1.088 0.004 1.12 -1.04 0.854786577199146 2.647291235865 2.73231101095417 -0.483 1.029 -0.7 -0.340912 0.474696 0.299
-0.5 0.512 -0.468 -2.044 0.976 2.052 -1.936 -1.94 -0.012 -0.844 -0.04 1.088 -0.996 -0.88 -0.04 0.206776682663615 0.857719548588066 0.54643883477001 -0.733 -0.471 0.05 0.259088 -0.293304 -0.076
0.5 -0.488 0.532 -2.044 1.976 -1.948 -0.936 1.06 -0.012 -0.844 1.96 0.0880000000000001 -0.996 2.12 -0.04 0.479249952555566 0.800972734253732 0.856890040533126 -0.733 1.779 -0.95 -0.473912 -0.920304 -0.526
0.5 -0.488 -0.468 1.956 -2.024 0.052 -0.936 -0.94 -2.012 1.156 0.96 -0.912 -1.996 -1.88 -1.04 -1.84225541135669 0.531355871661519 0.224713773750354 -0.233 -0.971 -0.7 0.025088 0.421696 -0.401
0.5 0.512 0.532 -1.044 -2.024 2.052 2.064 2.06 1.988 0.156 -1.04 0.0880000000000001 -0.996 1.12 -0.04 1.01126236488646 0.962487301035404 2.08428236615116 0.267 0.029 0.8 0.058088 -0.037304 0.349
0.5 0.512 0.532 -0.044 1.976 -1.948 0.0640000000000001 -0.94 0.988 -0.844 -1.04 0.0880000000000001 -1.996 1.12 -0.04 1.2384979355968 2.62395714478955 1.82901275403787 0.017 0.279 -0.95 -0.074912 0.090696 -0.526
0.5 -0.488 0.532 -2.044 -0.024 2.052 -1.936 2.06 1.988 0.156 -0.04 0.0880000000000001 2.004 0.12 -0.04 0.36439256165561 0.984722299314649 0.075240299704407 -0.983 0.529 1.55 -0.606912 -0.310304 0.724
-0.5 -0.488 -0.468 1.956 -2.024 0.052 -1.936 -0.94 0.988 -0.844 -2.04 -0.912 1.004 2.12 -2.04 1.61942225749668 -0.200563178517031 0.432771659081898 -0.733 -0.721 0.3 0.259088 0.299696 -0.201
-0.5 0.512 -0.468 1.956 1.976 2.052 2.064 -1.94 1.988 2.156 -2.04 -1.912 -1.996 0.12 -1.04 -0.3075669510387 0.762659258628658 1.92291995289055 0.267 -0.471 1.05 -0.208912 -0.293304 -0.576
-0.5 -0.488 -0.468 -2.044 0.976 1.052 1.064 1.06 -2.012 -0.844 1.96 0.0880000000000001 1.004 -1.88 1.96 0.826324511853885 0.810517822021201 -0.727442052512471 0.267 0.529 -0.2 -0.208912 -0.310304 0.049
0.5 -0.488 0.532 1.956 -1.024 -0.948 1.064 -1.94 -2.012 -0.844 1.96 1.088 1.004 -0.88 1.96 0.517157389872049 -0.101861199100091 2.15090768215149 1.517 -0.471 -0.7 0.723088 0.177696 -0.401
-0.5 -0.488 -0.468 -2.044 -0.024 -1.948 -1.936 0.0600000000000001 1.988 -1.844 -1.04 2.088 0.004 1.12 -0.04 -0.380230648593058 0.300582022147384 -0.845757387023434 -0.483 0.029 -0.45 0.142088 -0.066304 0.174
0.5 -0.488 -0.468 -2.044 -2.024 -1.948 -0.936 1.06 1.988 1.156 1.96 2.088 0.004 0.12 1.96 1.13016841812499 0.445517218116554 1.00488653050005 0.267 0.279 0.3 -0.208912 -0.188304 0.099
-0.5 -0.488 0.532 1.956 1.976 2.052 2.064 0.0600000000000001 -2.012 -1.844 -0.04 -1.912 2.004 1.12 1.96 -0.10628227370373 0.460759207389067 0.114334472136112 1.017 0.779 0.05 0.457088 -0.432304 -0.076
-0.5 0.512 -0.468 0.956 1.976 -1.948 0.0640000000000001 -1.94 -2.012 -0.844 1.96 2.088 1.004 0.12 0.96 1.13231018737841 0.566207403256919 1.65024897729561 1.017 0.529 -0.95 -0.559912 0.218696 0.424
0.5 0.512 0.532 -2.044 1.976 2.052 -1.936 1.06 0.988 1.156 0.96 1.088 2.004 -1.88 -0.04 -0.429700011128993 1.07732000677311 1.51027063828124 -0.733 0.529 1.55 -0.473912 0.218696 0.724
-0.5 0.512 0.532 -1.044 -1.024 0.052 -1.936 1.06 1.988 -1.844 -2.04 1.088 2.004 -1.88 -0.04 0.803648866964212 0.889284539792587 1.60254553359025 -0.483 -0.971 0.55 -0.340912 -0.549304 -0.326
0.5 0.512 -0.468 1.956 -2.024 -0.948 -1.936 2.06 -0.012 0.156 -2.04 -1.912 -1.996 0.12 -0.04 0.965777231329805 1.4621292365779 3.61493809177876 -0.483 -0.471 -0.7 0.142088 -0.293304 -0.401
-0.5 0.512 -0.468 -2.044 -2.024 0.052 0.0640000000000001 2.06 0.988 -1.844 -1.04 0.0880000000000001 2.004 0.12 -2.04 1.60785701982371 1.43609006528001 2.25883443646408 -0.983 -0.221 0.3 0.376088 -0.165304 -0.201
0.5 -0.488 -0.468 1.956 1.976 2.052 1.064 -0.94 -0.012 2.156 -0.04 2.088 -0.996 1.12 0.96 1.15030228327801 1.47265312366315 0.359626739244363 1.517 0.529 0.8 -0.793912 -0.310304 0.349
0.5 -0.488 0.532 1.956 1.976 2.052 -0.936 -1.94 1.988 0.156 0.96 1.088 2.004 -1.88 -1.04 0.533736845640897 1.07959723469297 1.00505309130988 0.267 -0.221 1.55 0.058088 0.055696 0.724
-0.5 -0.488 -0.468 -0.044 0.976 0.052 -1.936 2.06 0.988 1.156 -1.04 -0.912 0.004 0.12 0.96 1.33189604028008 0.0980746605787083 1.68859072255046 -0.483 0.529 0.55 0.142088 -0.310304 -0.326
-0.5 0.512 0.532 1.956 -2.024 0.052 1.064 2.06 1.988 -0.844 -0.04 -0.912 1.004 1.12 1.96 -0.179210541221334 -0.0253843054645396 1.75858297280984 1.017 0.279 0.55 0.457088 0.090696 -0.326
0.5 0.512 0.532 -0.044 1.976 -1.948 1.064 2.06 1.988 0.156 0.96 2.088 2.004 1.12 -0.04 -0.846948567041721 0.646142529339306 -0.011432343126745 0.767 1.529 0.55 0.324088 0.730696 0.224
-0.5 0.512 0.532 1.956 0.976 2.052 2.064 2.06 1.988 2.156 0.96 2.088 2.004 2.12 1.96 0.460854438161502 2.71679534513506 1.54312922561475 2.017 1.529 2.05 0.989088 0.730696 -1.076
0.5 -0.488 0.532 -1.044 -2.024 -1.948 0.0640000000000001 0.0600000000000001 -2.012 -1.844 -1.04 -1.912 -1.996 -1.88 -2.04 -1.42979027448216 0.108479685873716 -0.773026661464409 -1.233 -1.221 -1.95 -0.739912 0.543696 -1.026
0.5 0.512 -0.468 -2.044 1.976 1.052 2.064 -0.94 -0.012 2.156 -0.04 0.0880000000000001 2.004 0.12 0.96 0.774037119895005 0.488403385658824 1.8927649670761 0.267 0.279 1.3 -0.208912 0.090696 0.599
0.5 -0.488 -0.468 1.956 1.976 -0.948 -1.936 -0.94 -1.012 2.156 -1.04 -0.912 -1.996 -0.88 0.96 0.129798869105187 0.496471725181723 0.602252020478156 0.017 -0.221 -0.45 -0.091912 0.055696 -0.276
-0.5 -0.488 -0.468 1.956 -1.024 -1.948 2.064 2.06 -1.012 -1.844 -2.04 0.0880000000000001 -0.996 -0.88 -1.04 0.418231774534092 0.83283313725991 1.29461719040251 0.767 -0.471 -1.45 -0.442912 0.177696 0.674
-0.5 -0.488 0.532 0.956 -2.024 0.052 -0.936 1.06 1.988 2.156 -2.04 0.0880000000000001 2.004 0.12 -2.04 1.67343341326176 1.36602972823364 1.97408125942652 -0.483 -0.721 1.55 -0.340912 0.299696 -0.826
-0.5 0.512 -0.468 0.956 1.976 -1.948 -0.936 -0.94 -2.012 2.156 1.96 2.088 2.004 0.12 -0.04 1.24628615935357 3.16865271090528 2.74400458161642 0.517 0.779 0.0499999999999999 -0.325912 0.346696 -0.076
-0.5 0.512 -0.468 1.956 -1.024 -1.948 -1.936 -1.94 -2.012 -1.844 -2.04 0.0880000000000001 -1.996 -1.88 -2.04 0.200997055336581 -0.0186149423733664 1.2102354914887 -0.483 -1.721 -1.95 0.142088 -0.933304 0.924
0.5 0.512 -0.468 -2.044 -1.024 1.052 0.0640000000000001 -1.94 -0.012 2.156 0.96 0.0880000000000001 -1.996 2.12 -2.04 0.620800813855735 2.1382084522659 1.21887989183354 -0.983 0.029 0.3 0.376088 -0.037304 0.099
0.5 -0.488 0.532 -2.044 1.976 2.052 0.0640000000000001 -1.94 -1.012 -0.844 1.96 -1.912 -0.996 -0.88 -2.04 -0.682264608264576 0.688803634221136 1.45866236443513 -1.483 0.279 -0.2 -0.872912 -0.188304 -0.151
0.5 -0.488 -0.468 -0.044 -2.024 1.052 -0.936 2.06 -2.012 -1.844 -1.04 -1.912 -0.996 -0.88 -2.04 0.245965955395582 0.184995905145047 0.699033166386026 -1.233 -0.471 -0.95 0.493088 0.177696 -0.526
0.5 0.512 0.532 1.956 -2.024 0.052 2.064 -0.94 -1.012 0.156 0.96 0.0880000000000001 2.004 0.12 0.96 2.06313462420829 2.20780073523907 2.06847216328863 1.267 -0.471 0.3 0.590088 -0.293304 0.099
0.5 0.512 0.532 0.956 0.976 -1.948 -1.936 -0.94 -2.012 -1.844 -2.04 -1.912 1.004 -1.88 -1.04 0.795786589286917 0.633008568596998 -0.0578112632652993 -0.983 -0.971 -1.2 -0.606912 -0.549304 -0.651
-0.5 -0.488 0.532 -2.044 -1.024 -1.948 -1.936 -1.94 -2.012 -1.844 -2.04 -1.912 -1.996 -1.88 -0.04 -0.201648629501535 -0.729081904629697 -0.695866196273878 -1.483 -1.721 -1.95 -0.872912 0.787696 0.924
-0.5 -0.488 -0.468 -2.044 -0.024 -1.948 -1.936 -1.94 -2.012 -0.844 -1.04 1.088 -1.996 2.12 1.96 0.656659137807154 1.41432488529818 -0.185873539079346 -0.233 -0.221 -1.7 0.025088 0.055696 0.799
-0.5 -0.488 0.532 1.956 -2.024 0.052 0.0640000000000001 2.06 -1.012 1.156 0.96 -0.912 2.004 2.12 -0.04 0.702602275941057 0.636214289613881 -0.724027248451831 0.267 0.779 0.55 0.058088 -0.432304 -0.326
0.5 0.512 -0.468 1.956 0.976 -1.948 2.064 -0.94 -2.012 -0.844 -1.04 2.088 -0.996 1.12 -0.04 0.356814966434651 -0.419404564826014 -0.0972603020383871 1.517 0.029 -1.45 -0.793912 -0.037304 -0.776
0.5 0.512 0.532 -2.044 -1.024 1.052 2.064 -1.94 1.988 2.156 0.96 2.088 1.004 2.12 1.96 1.13686631812497 1.707405492471 3.64693176499858 1.017 0.029 1.55 0.457088 -0.037304 0.724
-0.5 -0.488 -0.468 -0.044 1.976 -1.948 0.0640000000000001 -1.94 1.988 0.156 0.96 -1.912 -0.996 -0.88 -2.04 -0.0346535730189658 -0.258786689598634 -1.12969700284899 -0.983 0.029 -0.2 0.376088 -0.066304 0.049
-0.5 -0.488 -0.468 -2.044 -0.024 -1.948 1.064 -1.94 0.988 1.156 -0.04 -1.912 -1.996 -1.88 1.96 0.490746435703373 1.72604460800839 1.61718701796442 -0.233 -0.971 -0.45 0.025088 0.421696 0.174
0.5 0.512 -0.468 -2.044 1.976 1.052 -1.936 2.06 -0.012 2.156 -0.04 2.088 0.004 1.12 -0.04 0.536190295580298 0.0233617715089263 -0.0643024784249734 -0.483 1.279 0.8 0.142088 0.602696 0.349
0.5 -0.488 -0.468 -2.044 -0.024 -0.948 -0.936 -1.94 -0.012 2.156 0.96 2.088 -1.996 0.12 -2.04 0.558311658411249 1.16271014267614 0.52866214247983 -0.733 -0.221 -0.2 0.259088 0.055696 -0.151
-0.5 0.512 0.532 1.956 -0.024 2.052 -0.936 2.06 -0.012 2.156 -0.04 2.088 0.004 1.12 1.96 0.365752301580458 1.60641970843567 0.988826327239022 1.267 0.779 1.05 0.590088 0.346696 -0.576
0.5 -0.488 -0.468 -2.044 1.976 2.052 0.0640000000000001 0.0600000000000001 0.988 2.156 -0.04 1.088 2.004 2.12 -0.04 -0.774896664770562 0.645363165372121 0.0347495703945326 -0.233 1.029 1.8 0.025088 -0.554304 0.849
-0.5 0.512 -0.468 1.956 -1.024 -1.948 1.064 -1.94 -0.012 -0.844 -2.04 -1.912 1.004 -0.88 1.96 -0.0425468849827135 1.1074541608171 0.271043777316349 0.767 -1.471 -0.45 -0.442912 -0.805304 0.174
0.5 -0.488 -0.468 -0.044 -0.024 1.052 -1.936 0.0600000000000001 -2.012 0.156 -0.04 0.0880000000000001 2.004 -0.88 -2.04 -0.295315116082396 -0.71326957424506 -1.1047664057566 -0.983 -0.221 0.3 0.376088 0.055696 0.099
0.5 0.512 0.532 -2.044 1.976 1.052 -1.936 -1.94 -2.012 -1.844 -2.04 -1.912 -0.996 -0.88 -1.04 1.42122495774205 1.44785069298515 0.803352731488156 -1.733 -0.721 -0.95 -1.005912 -0.421304 -0.526
0.5 -0.488 0.532 -2.044 -2.024 0.052 1.064 0.0600000000000001 -1.012 2.156 -0.04 -0.912 -1.996 2.12 1.96 1.8328446161401 1.61824778625704 1.43844877522 0.017 0.029 -0.2 -0.074912 -0.066304 -0.151
0.5 0.512 -0.468 1.956 1.976 2.052 2.064 2.06 0.988 2.156 1.96 -1.912 2.004 2.12 1.96 1.62389942848546 0.428918962875075 0.724306404830127 1.017 2.029 1.8 -0.559912 0.986696 0.849
0.5 -0.488 0.532 -1.044 -2.024 -1.948 -1.936 2.06 0.988 -0.844 1.96 -1.912 -1.996 1.12 -1.04 1.37606032748347 1.3455425400243 1.3378850538977 -1.483 0.779 -0.95 -0.872912 -0.432304 -0.526
0.5 0.512 0.532 0.956 1.976 1.052 2.064 0.0600000000000001 -1.012 2.156 -1.04 2.088 0.004 2.12 1.96 -0.156477667553848 -0.975575660108564 -0.0529523937455695 1.767 0.779 0.55 0.856088 0.346696 0.224
0.5 0.512 -0.468 1.956 0.976 0.052 -0.936 2.06 1.988 -1.844 -1.04 -0.912 -1.996 2.12 1.96 1.61322910168286 0.462873397075346 1.93404095926611 0.517 1.029 -0.45 -0.325912 0.474696 -0.276
0.5 0.512 0.532 1.956 -1.024 1.052 0.0640000000000001 -1.94 -2.012 1.156 -2.04 0.0880000000000001 2.004 -0.88 -2.04 0.470964415208112 1.0079874633303 0.652764065639386 0.017 -1.471 0.55 -0.074912 -0.805304 0.224
0.5 -0.488 0.532 1.956 -2.024 1.052 1.064 2.06 -2.012 2.156 -1.04 -0.912 0.004 -0.88 0.96 0.540777478866111 0.985959397667972 -0.255967813481555 0.767 -0.471 0.3 0.324088 0.177696 0.099
-0.5 0.512 -0.468 1.956 -2.024 0.052 -1.936 -1.94 -2.012 -1.844 -2.04 2.088 1.004 0.12 -2.04 0.568949706688533 0.00904509301765044 -0.861582131636048 0.017 -1.471 -0.7 -0.091912 -0.805304 0.299
-0.5 -0.488 -0.468 -0.044 -0.024 2.052 1.064 0.0600000000000001 -1.012 -0.844 1.96 2.088 0.004 -1.88 -2.04 1.23532128139414 -0.875812953165153 0.546247879582242 0.267 0.029 0.05 -0.208912 -0.066304 -0.076
0.5 0.512 -0.468 0.956 -1.024 2.052 0.0640000000000001 2.06 -2.012 -0.844 -0.04 0.0880000000000001 1.004 -1.88 -0.04 2.58974125164438 2.6444384284874 1.90732118151652 0.267 -0.221 0.05 -0.208912 -0.165304 -0.026
0.5 0.512 0.532 -0.044 0.976 2.052 2.064 0.0600000000000001 1.988 0.156 1.96 -0.912 -0.996 1.12 0.96 1.3678727252369 1.15466318165633 1.59550185105255 0.517 1.029 0.8 0.191088 0.474696 0.349
-0.5 -0.488 -0.468 -2.044 -1.024 1.052 -1.936 2.06 -0.012 -0.844 1.96 -1.912 -1.996 -0.88 -2.04 0.00918480603554683 -0.424840889607972 -0.917261752031657 -1.983 0.529 -0.45 0.844088 -0.310304 0.174
0.5 0.512 0.532 0.956 -0.024 2.052 1.064 2.06 1.988 2.156 -1.04 -1.912 -1.996 2.12 -2.04 -0.481434343324185 -0.494282139625271 -0.495263762782254 -0.483 0.779 1.05 -0.340912 0.346696 0.474
0.5 -0.488 0.532 1.956 1.976 1.052 0.0640000000000001 -0.94 0.988 2.156 1.96 2.088 1.004 2.12 1.96 1.45880764454845 2.24002872837659 2.63932607958532 1.517 1.279 1.3 0.723088 -0.676304 0.599
0.5 0.512 0.532 1.956 -2.024 -0.948 0.0640000000000001 0.0600000000000001 1.988 0.156 -1.04 -0.912 2.004 2.12 -0.04 0.905288156594019 1.52359471789542 1.92121126713602 0.267 -0.221 0.8 0.058088 -0.165304 0.349
-0.5 -0.488 -0.468 -2.044 -1.024 2.052 2.064 -1.94 1.988 -1.844 -2.04 0.0880000000000001 -1.996 -1.88 -0.04 1.08680526813338 0.770988414251616 1.87834827334958 0.017 -1.721 0.05 -0.091912 0.787696 -0.076
-0.5 -0.488 -0.468 -1.044 1.976 2.052 -1.936 -0.94 1.988 2.156 -0.04 0.0880000000000001 -1.996 -0.88 -2.04 -0.846381125339425 -1.05422108528961 -1.15988438919126 -1.233 0.029 1.05 0.493088 -0.066304 -0.576
-0.5 -0.488 -0.468 1.956 -2.024 -1.948 1.064 0.0600000000000001 -0.012 0.156 -2.04 -1.912 -1.996 0.12 -2.04 0.459309051429132 -0.153090093010229 0.659053627126909 -0.233 -0.971 -0.95 0.025088 0.421696 0.424
-0.5 0.512 -0.468 -0.044 -2.024 0.052 -0.936 2.06 0.988 -0.844 0.96 -1.912 -1.996 -1.88 -2.04 0.715328249458569 0.48541816547407 1.06731531326442 -1.233 -0.221 -0.45 0.493088 -0.165304 0.174
0.5 -0.488 0.532 1.956 -0.024 -1.948 -1.936 2.06 0.988 2.156 -0.04 1.088 1.004 2.12 1.96 0.92196676358701 0.861921105594048 1.75119318045475 0.767 1.029 0.55 0.324088 -0.554304 0.224
0.5 -0.488 -0.468 1.956 0.976 -1.948 2.064 -1.94 -2.012 -0.844 -0.04 -1.912 -1.996 0.12 1.96 0.970598058558243 2.17977300741995 3.07465506196836 1.017 -0.221 -1.7 -0.559912 0.055696 -0.901
0.5 -0.488 0.532 0.956 -2.024 -1.948 2.064 -1.94 -1.012 -1.844 -2.04 -0.912 0.004 1.12 -0.04 1.28741604113953 0.923667684436338 1.16949934240219 0.517 -1.221 -1.2 0.191088 0.543696 -0.651
0.5 0.512 -0.468 -1.044 -2.024 -1.948 -1.936 0.0600000000000001 0.988 -1.844 1.96 2.088 -0.996 -0.88 1.96 1.35127890945844 1.00341615997313 0.567266084774151 0.267 -0.221 -0.95 -0.208912 -0.165304 -0.526
0.5 0.512 0.532 -2.044 1.976 1.052 2.064 -0.94 -1.012 2.156 1.96 2.088 -0.996 2.12 1.96 0.857065048544121 2.12510423764429 1.24788904363186 1.017 1.279 0.3 0.457088 0.602696 0.099
-0.5 -0.488 -0.468 -2.044 1.976 -1.948 -1.936 0.0600000000000001 -2.012 2.156 -2.04 0.0880000000000001 -0.996 -1.88 0.96 0.6474937042339 0.544123811310235 0.256555975584 -0.733 -0.471 -0.7 0.259088 0.177696 0.299
-0.5 -0.488 -0.468 0.956 1.976 -1.948 0.0640000000000001 -0.94 1.988 -1.844 -2.04 -1.912 -0.996 -0.88 -2.04 0.819815308342527 -0.493451069010002 0.048057153793697 -0.733 -0.471 -0.7 0.259088 0.177696 0.299
-0.5 -0.488 -0.468 -1.044 -1.024 -1.948 1.064 2.06 1.988 1.156 -1.04 0.0880000000000001 2.004 -0.88 -2.04 0.340516445243807 0.311026258655399 -0.0863331385699574 -0.483 -0.221 0.8 0.142088 0.055696 -0.451
-0.5 -0.488 -0.468 -0.044 -2.024 -1.948 2.064 2.06 0.988 1.156 -2.04 1.088 0.004 2.12 1.96 -0.353676743266767 0.0547478868575059 0.747004220142476 1.267 0.029 0.05 -0.676912 -0.066304 -0.076
-0.5 -0.488 -0.468 -2.044 -2.024 -1.948 -1.936 -1.94 -0.012 -0.844 -2.04 -1.912 -1.996 -1.88 -2.04 -0.228958232982474 -0.721700082555442 -0.0490857249316863 -1.983 -1.971 -1.2 0.844088 0.909696 0.549
-0.5 -0.488 0.532 1.956 -0.024 -1.948 -1.936 -0.94 -1.012 -0.844 1.96 -1.912 -1.996 0.12 -2.04 0.568482941882172 1.18673640258977 1.29049006860522 -0.983 0.279 -1.45 -0.606912 -0.188304 0.674
-0.5 0.512 -0.468 -2.044 -1.024 -1.948 2.064 2.06 1.988 -0.844 0.96 1.088 1.004 2.12 1.96 0.588052003496988 1.41336639313948 2.1618437865185 0.767 1.029 0.05 -0.442912 0.474696 -0.076
-0.5 0.512 0.532 -0.044 0.976 1.052 -0.936 1.06 1.988 2.156 0.96 1.088 2.004 2.12 1.96 1.56641712688382 1.05826216782647 2.2240808583541 0.517 1.279 1.8 0.191088 0.602696 -0.951
-0.5 0.512 -0.468 -2.044 1.976 2.052 -0.936 1.06 -2.012 2.156 -1.04 -0.912 0.004 1.12 1.96 0.0483666295401138 1.3671944781262 0.953675389734897 -0.483 0.779 0.55 0.142088 0.346696 -0.326
0.5 0.512 0.532 1.956 -2.024 -0.948 -1.936 2.06 -2.012 -1.844 -2.04 1.088 0.004 0.12 -0.04 2.13403505035314 2.52818770102105 2.53424708909673 0.267 -0.471 -1.2 0.058088 -0.293304 -0.651
-0.5 -0.488 -0.468 -1.044 1.976 2.052 -0.936 -1.94 -1.012 2.156 1.96 1.088 1.004 1.12 -0.04 -0.0467532299595918 -0.21503598824404 -0.118006409037963 -0.233 0.779 1.05 0.025088 -0.432304 -0.576
0.5 0.512 -0.468 1.956 0.976 2.052 -1.936 1.06 -0.012 -1.844 -2.04 2.088 2.004 -0.88 0.96 -0.144401916497187 0.750449555142643 0.201058245091395 0.767 -0.221 0.55 -0.442912 -0.165304 0.224
-0.5 0.512 0.532 -2.044 -1.024 0.052 0.0640000000000001 0.0600000000000001 1.988 -1.844 1.96 2.088 2.004 -1.88 0.96 0.639604873847318 1.85568366819417 1.64332628487189 0.267 -0.221 0.55 0.058088 -0.165304 -0.326
-0.5 -0.488 -0.468 1.956 -2.024 1.052 2.064 2.06 -1.012 2.156 -0.04 1.088 -1.996 -0.88 -0.04 -0.197030465088518 0.380712442482751 0.414441135541219 1.267 -0.221 0.0499999999999999 -0.676912 0.055696 -0.076
-0.5 -0.488 -0.468 -0.044 0.976 0.052 2.064 2.06 0.988 2.156 -2.04 0.0880000000000001 0.004 2.12 -0.04 0.220417231845411 -0.811235204045455 -0.0568220913681564 0.517 0.779 0.8 -0.325912 -0.432304 -0.451
-0.5 0.512 0.532 -2.044 0.976 -1.948 -1.936 -0.94 -0.012 2.156 1.96 -1.912 1.004 2.12 -0.04 1.23056859332654 1.82974496630146 2.0262357865832 -1.483 1.029 0.3 -0.872912 0.474696 -0.201
0.5 0.512 0.532 1.956 1.976 -1.948 -1.936 2.06 -2.012 2.156 1.96 0.0880000000000001 -0.996 0.12 1.96 0.93945893871789 1.49042942094759 1.19835617392092 0.517 1.529 -0.7 0.191088 0.730696 -0.401
0.5 0.512 0.532 1.956 -1.024 2.052 2.064 2.06 0.988 2.156 1.96 2.088 1.004 2.12 1.96 2.56558448113651 2.99099748025419 3.49481973543156 2.017 1.279 1.55 0.989088 0.602696 0.724
-0.5 -0.488 -0.468 -2.044 -2.024 -0.948 -1.936 -1.94 -2.012 -1.844 1.96 2.088 2.004 -0.88 -1.04 1.02744681681587 1.51008002282951 2.27290110732554 -0.733 -0.721 -0.7 0.259088 0.299696 0.299
-0.5 -0.488 -0.468 1.956 -0.024 2.052 -1.936 -1.94 -2.012 1.156 -0.04 -1.912 1.004 -1.88 -1.04 0.820623780845896 -0.0169765790177535 -0.82101279220191 -0.733 -0.971 0.55 0.259088 0.421696 -0.326
-0.5 -0.488 -0.468 0.956 -0.024 0.052 2.064 2.06 0.988 -1.844 -0.04 -0.912 -0.996 -1.88 0.96 0.585558262586701 0.858433596465678 1.42124851557073 0.767 0.029 -0.45 -0.442912 -0.066304 0.174
0.5 0.512 0.532 1.956 1.976 -0.948 2.064 -1.94 -2.012 1.156 -2.04 2.088 2.004 1.12 0.96 1.42579124879013 0.697365869092299 2.14398605344132 1.767 -0.221 0.05 0.856088 -0.165304 -0.026
-0.5 0.512 -0.468 -2.044 -2.024 1.052 -1.936 2.06 -2.012 -1.844 -2.04 1.088 -1.996 -1.88 -2.04 -0.566877620071464 -0.715406424844875 -0.19361577598728 -1.233 -0.971 -1.2 0.493088 -0.549304 0.549
-0.5 -0.488 -0.468 1.956 -1.024 1.052 0.0640000000000001 1.06 -2.012 -1.844 -1.04 -1.912 -0.996 0.12 -1.04 -0.893807440537853 -0.293470041328192 -1.11813149654409 -0.233 -0.221 -0.95 0.025088 0.055696 0.424
-0.5 -0.488 -0.468 -2.044 -1.024 -1.948 -0.936 -1.94 -2.012 -1.844 -0.04 -1.912 -1.996 -1.88 -2.04 0.845096473954927 0.32585206003919 0.164735988231034 -1.733 -1.221 -1.95 0.727088 0.543696 0.924
-0.5 0.512 0.532 1.956 -0.024 1.052 2.064 1.06 1.988 2.156 0.96 2.088 2.004 -0.88 1.96 1.27432223644046 1.0038498897037 2.31810994132951 2.017 0.279 1.8 0.989088 0.090696 -0.951
0.5 -0.488 -0.468 0.956 1.976 2.052 -1.936 -0.94 1.988 2.156 -0.04 -1.912 2.004 1.12 0.96 1.51731657222359 0.763650510461931 1.83347120682887 -0.483 0.529 2.05 0.142088 -0.310304 0.974
0.5 0.512 0.532 -1.044 -2.024 2.052 1.064 0.0600000000000001 -2.012 -0.844 1.96 0.0880000000000001 0.004 -0.88 -0.04 -0.109566814116664 1.2183580278051 0.779666255264523 0.017 -0.221 -0.2 -0.074912 -0.165304 -0.151
0.5 0.512 0.532 -2.044 -2.024 2.052 0.0640000000000001 2.06 -1.012 2.156 -0.04 1.088 2.004 2.12 1.96 0.753146519860115 1.7296407243329 2.7908009354484 0.267 0.529 1.3 0.058088 0.218696 0.599
-0.5 -0.488 -0.468 1.956 1.976 -0.948 2.064 1.06 1.988 1.156 1.96 0.0880000000000001 1.004 2.12 1.96 1.14772774482778 0.467358591526986 0.937200787110456 1.517 1.779 0.8 -0.793912 -0.920304 -0.451
-0.5 0.512 0.532 -2.044 1.976 -1.948 2.064 2.06 -1.012 2.156 1.96 1.088 2.004 -0.88 -2.04 0.199555405282324 0.0142285160175887 -0.246892233637761 -0.233 1.279 0.3 -0.207912 0.602696 -0.201
-0.5 -0.488 0.532 1.956 -0.024 1.052 0.0640000000000001 -0.94 -1.012 -0.844 0.96 -1.912 2.004 -1.88 1.96 1.29288801650678 0.974842904230386 0.770903219495584 0.517 -0.471 0.3 0.191088 0.177696 -0.201
0.5 0.512 0.532 -2.044 -2.024 2.052 -1.936 0.0600000000000001 -2.012 2.156 0.96 -1.912 2.004 0.12 1.96 0.302664538018767 0.487909718868681 0.286790361876843 -0.983 -0.221 1.05 -0.606912 -0.165304 0.474
-0.5 -0.488 -0.468 -1.044 -2.024 -1.948 1.064 2.06 1.988 -1.844 1.96 2.088 1.004 -0.88 0.96 0.307548128225321 1.7616532486934 1.43727643254762 0.767 0.279 -0.2 -0.442912 -0.188304 0.049
-0.5 -0.488 -0.468 -0.044 -2.024 -1.948 2.064 -0.94 -2.012 -0.844 -0.04 -0.912 0.004 -1.88 0.96 0.312233602468365 0.997260059630014 1.31646719074363 0.517 -1.221 -1.2 -0.325912 0.543696 0.549
0.5 -0.488 0.532 1.956 -0.024 2.052 -1.936 0.0600000000000001 -2.012 0.156 1.96 -0.912 2.004 2.12 1.96 0.723280359216855 0.991297647847004 1.07777495100253 0.267 1.029 0.55 0.058088 -0.554304 0.224
-0.5 -0.488 -0.468 -2.044 -0.024 -0.948 1.064 -1.94 0.988 2.156 -1.04 1.088 -1.996 -0.88 -0.04 0.461626008504899 -0.167176407918427 -0.699745042941181 0.017 -0.971 0.0499999999999999 -0.091912 0.421696 -0.076
0.5 0.512 -0.468 -2.044 -0.024 -0.948 0.0640000000000001 1.06 1.988 -0.844 1.96 0.0880000000000001 1.004 0.12 -2.04 0.113067971762541 0.726677473170432 1.3807560300347 -0.983 0.779 0.3 0.376088 0.346696 0.099
0.5 0.512 0.532 0.956 -2.024 1.052 -0.936 2.06 -2.012 -0.844 -1.04 -0.912 -0.996 1.12 -2.04 0.544901600709128 0.883784764186599 0.270059543677385 -0.733 0.029 -0.7 -0.473912 -0.037304 -0.401
-0.5 -0.488 0.532 -2.044 0.976 -1.948 0.0640000000000001 1.06 0.988 -1.844 -1.04 -0.912 1.004 -1.88 -1.04 0.153275817538521 0.658389640956659 2.00593940909206 -0.983 -0.221 -0.45 -0.606912 0.055696 0.174
-0.5 0.512 -0.468 -0.044 1.976 0.052 -1.936 2.06 -1.012 -0.844 -2.04 -1.912 1.004 -1.88 -0.04 0.706592192368758 0.117952649785362 1.21481276335982 -0.983 0.029 -0.2 0.376088 -0.037304 0.049
0.5 0.512 0.532 1.956 -0.024 -0.948 1.064 2.06 -0.012 -1.844 0.96 0.0880000000000001 0.004 1.12 -0.04 0.604459557155259 1.1940904516963 2.66645731679398 0.767 1.029 -0.7 0.324088 0.474696 -0.401
0.5 0.512 -0.468 1.956 -2.024 -1.948 -0.936 -0.94 1.988 -0.844 1.96 0.0880000000000001 0.004 -1.88 -0.04 1.54045060836348 1.50399624921941 2.28144951008404 0.267 -0.721 -0.2 -0.208912 -0.421304 -0.151
-0.5 0.512 0.532 -2.044 -1.024 2.052 -0.936 -0.94 0.988 1.156 -0.04 0.0880000000000001 1.004 1.12 0.96 0.999009859011849 1.32686178419561 1.29770490763351 -0.483 -0.221 1.3 -0.340912 -0.165304 -0.701
-0.5 0.512 0.532 -2.044 -1.024 2.052 0.0640000000000001 -1.94 1.988 -1.844 -1.04 -0.912 2.004 -1.88 -1.04 1.79431314567665 1.39049302685189 2.13951840855739 -0.983 -1.471 1.05 -0.606912 -0.805304 -0.576
-0.5 0.512 0.532 -2.044 -2.024 1.052 2.064 0.0600000000000001 1.988 -1.844 1.96 2.088 2.004 0.12 -0.04 1.38368010159977 1.69606474061283 1.93653866157317 0.517 0.029 0.8 0.191088 -0.037304 -0.451
-0.5 -0.488 -0.468 1.956 1.976 2.052 2.064 2.06 1.988 -0.844 1.96 -0.912 -0.996 2.12 0.96 0.165870397038527 -0.0589250988661983 -0.150236879872415 1.017 2.029 0.55 -0.559912 -1.042304 -0.326
0.5 0.512 0.532 1.956 1.976 -1.948 1.064 0.0600000000000001 1.988 2.156 1.96 2.088 2.004 2.12 1.96 -0.0130252293278631 1.28086662023245 1.36794082796303 1.767 1.529 1.05 0.856088 0.730696 0.474
0.5 -0.488 -0.468 -0.044 1.976 1.052 -0.936 1.06 -0.012 -0.844 -1.04 -1.912 0.004 0.12 -1.04 -0.366485705700997 1.1247296063633 0.591628212999683 -0.983 0.529 0.05 0.376088 -0.310304 -0.026
-0.5 0.512 -0.468 1.956 -0.024 2.052 -0.936 -1.94 -1.012 -1.844 -1.04 -1.912 -1.996 -0.88 -2.04 -0.611058678926694 -0.291163652168314 -0.23233840904779 -0.733 -0.971 -0.7 0.259088 -0.549304 0.299
-0.5 -0.488 -0.468 1.956 1.976 2.052 2.064 1.06 0.988 2.156 1.96 2.088 2.004 2.12 1.96 1.04037594207233 0.272288028646197 1.68250150480598 2.017 1.779 1.8 -1.027912 -0.920304 -0.951
0.5 0.512 0.532 -2.044 -2.024 -1.948 -1.936 -0.94 1.988 -1.844 -0.04 -1.912 -0.996 -1.88 -2.04 -0.845077866551 0.110187382440373 -0.585822574873745 -1.983 -1.221 -0.7 -1.138912 -0.677304 -0.401
-0.5 0.512 -0.468 -2.044 1.976 -1.948 0.0640000000000001 -0.94 1.988 2.156 -1.04 -1.912 -0.996 -1.88 -2.04 0.380990359025714 0.563415725523409 1.60805975570915 -1.483 -0.471 0.3 0.610088 -0.293304 -0.201
0.5 0.512 -0.468 -2.044 -2.024 0.052 -1.936 -1.94 1.988 2.156 -2.04 -1.912 -1.996 -0.88 -0.04 0.537111626128508 0.471616338771616 1.06486438329379 -1.483 -1.721 0.55 0.610088 -0.933304 0.224
0.5 -0.488 0.532 1.956 1.976 2.052 2.064 2.06 1.988 2.156 -0.04 0.0880000000000001 2.004 0.12 1.96 0.683765927934257 1.63913806473997 3.59149179703646 1.517 1.029 2.05 0.723088 -0.554304 0.974
-0.5 -0.488 -0.468 1.956 0.976 -0.948 0.0640000000000001 -1.94 -0.012 -0.844 1.96 0.0880000000000001 -1.996 0.12 -0.04 -0.487084486906492 0.668951351739459 -0.436059147658535 0.517 0.279 -0.95 -0.325912 -0.188304 0.424
0.5 0.512 -0.468 0.956 1.976 2.052 -1.936 -0.94 -2.012 -1.844 1.96 -1.912 -1.996 -1.88 -2.04 1.0067698303343 1.58866872359773 1.57871823657099 -1.233 0.279 -0.95 0.493088 0.090696 -0.526
-0.5 0.512 -0.468 -1.044 -2.024 2.052 -0.936 -1.94 -0.012 -1.844 -1.04 -1.912 -1.996 -0.88 -2.04 0.124630728215524 1.63493834322767 1.00691355712671 -1.483 -1.471 -0.45 0.610088 -0.805304 0.174
-0.5 0.512 -0.468 -0.044 1.976 -1.948 2.064 -0.94 -1.012 2.156 -1.04 2.088 0.004 2.12 -2.04 0.166940815132541 0.154809401901402 -0.390378499959416 0.517 0.529 -0.2 -0.325912 0.218696 0.049
0.5 0.512 -0.468 1.956 0.976 -0.948 2.064 0.0600000000000001 -1.012 -0.844 -0.04 0.0880000000000001 2.004 -0.88 -2.04 0.154951560100581 0.669981833509123 0.133679467991331 0.517 0.029 -0.2 -0.325912 -0.037304 -0.151
0.5 0.512 0.532 1.956 1.976 -1.948 1.064 2.06 0.988 -0.844 1.96 -0.912 1.004 -1.88 -0.04 0.981059620802931 1.69877888623229 2.26447709965785 0.517 1.029 -0.2 0.191088 0.474696 -0.151
-0.5 -0.488 -0.468 1.956 1.976 -1.948 1.064 -1.94 0.988 -1.844 1.96 0.0880000000000001 0.004 -1.88 -0.04 0.806378519425638 1.2110976948694 1.49341030670568 0.767 0.029 -0.7 -0.442912 -0.066304 0.299
-0.5 -0.488 -0.468 0.956 1.976 0.052 -1.936 -0.94 1.988 0.156 0.96 2.088 1.004 2.12 1.96 1.65003352654791 2.59477431289634 3.22030649618742 0.767 1.029 0.8 -0.442912 -0.554304 -0.451
0.5 -0.488 0.532 1.956 -2.024 -1.948 0.0640000000000001 2.06 -1.012 1.156 1.96 1.088 1.004 -1.88 0.96 -0.340519580373762 0.414024068101331 1.12438688982 1.017 0.029 -0.2 0.457088 -0.066304 -0.151
0.5 -0.488 -0.468 -2.044 -1.024 -0.948 1.064 -1.94 1.988 -1.844 -1.04 -0.912 -1.996 -1.88 -0.04 0.28292798885775 1.22000252236383 1.8791459911628 -0.483 -1.471 -0.7 0.142088 0.665696 -0.401
0.5 -0.488 -0.468 1.956 0.976 -1.948 -0.936 -1.94 -1.012 -0.844 1.96 -0.912 -0.996 -0.88 -1.04 -0.207357679519513 -0.40251151659475 -0.371242053880589 -0.233 0.029 -1.2 0.025088 -0.066304 -0.651
-0.5 0.512 0.532 -1.044 -0.024 1.052 2.064 -0.94 -0.012 -1.844 -1.04 1.088 -1.996 1.12 0.96 0.339855695669118 1.31415622988719 0.00764466706152422 0.767 -0.221 -0.7 0.324088 -0.165304 0.299
-0.5 -0.488 -0.468 -1.044 1.976 -1.948 -0.936 -1.94 -0.012 -0.844 -2.04 -0.912 -1.996 -1.88 -2.04 -0.38370925031902 -0.681887280587672 -0.331063804111619 -1.233 -0.971 -1.2 0.493088 0.421696 0.549
0.5 0.512 0.532 1.956 0.976 2.052 0.0640000000000001 2.06 1.988 2.156 0.96 -1.912 1.004 2.12 1.96 -0.668861849737373 0.912775037128422 0.00155858192168631 0.517 1.529 1.8 0.191088 0.730696 0.849
0.5 0.512 0.532 -0.044 -0.024 0.052 2.064 1.06 -1.012 2.156 -0.04 0.0880000000000001 1.004 0.12 -2.04 1.52129075639576 1.60574981103444 2.10879897897868 0.017 0.279 0.55 -0.074912 0.090696 0.224
