-0.41 -0.51 -0.43 -2.23 -2.05 -1.68 2 1.94 -2.09 1.89 -1.9 0.18 -1.13 -2 0.82 0.336943170044094 1.80453043436671 3.83205991452349 0.1925 -1.0025 -0.7525 -0.08055 0.47005 0.31955
-0.41 0.49 -0.43 1.77 1.95 2.32 -2 0.94 -0.0899999999999999 0.89 -1.9 1.18 -0.13 0 1.82 0.325343938158625 0.343518769388603 0.443522502572606 0.6925 0.2475 0.7475 -0.29555 0.08005 -0.29545
-0.41 0.49 0.57 -1.23 1.95 -1.68 2 -1.06 0.91 1.89 2.1 0.18 1.87 2 -0.18 0.636085478743057 1.79963777689938 4.03396370480191 0.1925 1.2475 0.7475 0.11195 0.57005 -0.29545
0.59 0.49 0.57 1.77 -2.05 2.32 2 -0.0600000000000001 -2.09 1.89 2.1 2.18 -0.13 -1 -0.18 1.00893247931737 1.87766570723136 1.64813108018404 1.4425 -0.2525 0.4975 0.82445 -0.16495 0.30455
-0.41 0.49 0.57 -2.23 -2.05 1.32 -1 -2.06 1.91 -0.11 1.1 -0.82 1.87 -2 -1.18 -0.208340769785273 0.417459762739288 0.473661128279087 -1.3075 -1.2525 1.2475 -0.74305 -0.65495 -0.50045
-0.41 0.49 -0.43 -2.23 -2.05 0.32 -2 -1.06 -0.0899999999999999 -1.11 -1.9 0.18 -2.13 -2 -2.18 0.314504556082149 1.30233010074154 1.6447196550751 -1.5575 -1.7525 -0.7525 0.67195 -0.89995 0.31955
0.59 0.49 0.57 0.77 0.95 -0.68 0 -2.06 1.91 -2.11 -0.9 -1.82 -1.13 2 -2.18 0.0796788737180811 0.0801523611646995 0.635426146110353 -0.8075 -0.00249999999999995 -0.5025 -0.45805 -0.04245 -0.28545
0.59 -0.51 0.57 1.77 -0.0499999999999998 -1.68 -2 -2.06 -2.09 1.89 1.1 -1.82 -2.13 -2 -1.18 0.931627426174849 0.409496924580128 0.138047901834481 -0.8075 -0.7525 -1.0025 -0.45805 0.34255 -0.58045
-0.41 0.49 0.57 1.77 -2.05 0.32 0 -1.06 -1.09 1.89 -0.9 1.18 -0.13 2 0.82 -1.00468136671433 -0.44717313507813 -0.302953190181649 0.9425 -0.5025 0.2475 0.53945 -0.28745 -0.09045
-0.41 -0.51 -0.43 -1.23 0.95 0.32 -1 -2.06 -2.09 -2.11 2.1 -1.82 -2.13 -2 -2.18 0.150456748980768 2.32357131648354 -0.767999604734922 -1.5575 -0.2525 -1.5025 0.67195 0.08755 0.62705
-0.41 -0.51 -0.43 -0.23 -2.05 0.32 -2 1.94 -0.0899999999999999 -1.11 -1.9 -1.82 0.87 -1 1.82 -0.0421750802179197 1.49392621876081 0.509535481429805 -0.5575 -0.7525 -0.00249999999999989 0.24195 0.34255 0.01205
0.59 0.49 -0.43 -2.23 1.95 2.32 -1 -2.06 1.91 -2.11 0.1 -0.82 0.87 -1 0.82 -0.679406143861353 -0.877757871353891 0.457065213402462 -0.8075 -0.2525 0.7475 0.34945 -0.16495 0.45205
-0.41 -0.51 -0.43 0.77 -2.05 2.32 0 -2.06 0.91 1.89 -1.9 1.18 0.87 2 -0.18 -1.51624342562713 -0.939226316100158 -1.25245539520621 0.4425 -1.0025 1.4975 -0.18805 0.47005 -0.60295
-0.41 -0.51 -0.43 -2.23 -0.0499999999999998 2.32 2 -0.0600000000000001 0.91 -0.11 -1.9 1.18 1.87 1 -0.18 1.17278552391713 1.16281175264933 1.45101918218654 0.1925 -0.2525 1.2475 -0.08055 0.08755 -0.50045
-0.41 0.49 -0.43 0.77 -2.05 1.32 0 1.94 1.91 1.89 2.1 1.18 1.87 2 1.82 -0.16622888850159 2.20483879173189 0.276782933525524 0.9425 0.9975 1.7475 -0.40305 0.44755 -0.70545
-0.41 0.49 0.57 -2.23 -1.05 0.32 0 1.94 0.91 0.89 -1.9 -0.82 -2.13 -2 -0.18 3.1164734621301 3.03182788293826 2.06877547881786 -0.8075 -0.7525 -0.00249999999999989 -0.45805 -0.40995 0.01205
0.59 -0.51 -0.43 1.77 1.95 0.32 2 -0.0600000000000001 -1.09 -1.11 2.1 -1.82 1.87 2 0.82 1.62884099430038 2.43140181723308 2.17168862175574 0.6925 1.4975 -0.00249999999999989 -0.29555 -0.80495 0.00955000000000002
0.59 0.49 0.57 -0.23 -2.05 -0.68 1 -0.0600000000000001 -0.0899999999999999 0.89 -1.9 0.18 0.87 -1 1.82 0.557843491629781 3.00176337765623 1.34883338915572 0.6925 -1.2525 0.2475 0.39695 -0.65495 0.15705
-0.41 -0.51 -0.43 -0.23 0.95 2.32 1 1.94 1.91 -2.11 -0.9 2.18 1.87 2 0.82 1.6380468587592 1.09826230681029 2.75307645610267 0.9425 0.9975 0.9975 -0.40305 -0.54995 -0.39795
0.59 -0.51 0.57 -1.23 0.95 0.32 2 -2.06 0.91 1.89 0.1 0.18 1.87 1 1.82 1.13138995879735 2.15544873352674 1.92723699410891 0.6925 -0.00249999999999995 1.2475 0.39695 -0.03995 0.74705
0.59 0.49 0.57 -1.23 0.95 2.32 2 1.94 1.91 1.89 2.1 -0.82 0.87 2 -0.18 1.09295890519711 2.40260106670595 2.53784459492527 -0.0575000000000001 1.7475 1.7475 -0.03055 0.81505 1.04205
-0.41 0.49 0.57 -2.23 0.95 -1.68 2 0.94 -0.0899999999999999 -1.11 0.1 -1.82 1.87 -1 -1.18 2.2239548757377 0.00439935662795021 0.113695048768716 -0.8075 0.2475 -0.2525 -0.45805 0.08005 0.11455
-0.41 0.49 0.57 1.77 1.95 1.32 0 -2.06 1.91 -0.11 1.1 -0.82 -2.13 -2 -0.18 0.492908914454641 1.79768165893533 1.24790096273901 0.1925 -0.2525 0.2475 0.11195 -0.16495 -0.09045
-0.41 -0.51 -0.43 -0.23 1.95 -1.68 -1 -2.06 -2.09 -1.11 -1.9 -1.82 -2.13 -2 -0.18 0.839200133815525 -0.819844889840763 -0.177146343152869 -0.8075 -1.0025 -1.7525 0.34945 0.47005 0.72955
-0.41 -0.51 -0.43 0.77 1.95 -1.68 2 0.94 -2.09 -0.11 -1.9 1.18 1.87 2 1.82 2.12113531719848 1.73321920984812 3.83002875026218 1.4425 0.7475 -0.5025 -0.61805 -0.42245 0.21705
0.59 -0.51 0.57 -2.23 1.95 -0.68 -1 -0.0600000000000001 -2.09 -2.11 -1.9 -1.82 -2.13 -1 -2.18 1.70270982761254 -0.242382832612869 1.27645783796762 -1.8075 -0.2525 -1.7525 -1.02805 0.08755 -1.02295
0.59 0.49 0.57 -2.23 -1.05 -1.68 1 0.94 -1.09 -2.11 2.1 1.18 -2.13 -2 -0.18 0.483793439168471 -0.268844849725334 0.638730521549816 -0.0575000000000001 -0.00249999999999995 -1.7525 -0.03055 -0.04245 -1.02295
0.59 0.49 -0.43 1.77 1.95 -1.68 -2 -2.06 1.91 0.89 2.1 -0.82 1.87 2 -0.18 2.30107635467048 2.33555380545033 3.2619024560545 -0.3075 0.9975 0.7475 0.13445 0.44755 0.45205
0.59 -0.51 0.57 -1.23 -0.0499999999999998 0.32 2 1.94 -0.0899999999999999 -0.11 2.1 -1.82 -0.13 -1 -1.18 1.47576813583171 2.62395431818741 2.84657287574401 -0.5575 0.7475 -0.00249999999999989 -0.31555 -0.42245 0.00955000000000002
-0.41 -0.51 -0.43 0.77 1.95 0.32 -2 -0.0600000000000001 0.91 1.89 0.1 0.18 -0.13 0 -2.18 -0.214942020012303 0.381214202953462 0.254474071946192 -0.8075 0.4975 0.7475 0.34945 -0.29495 -0.29545
0.59 0.49 0.57 -2.23 1.95 -1.68 -2 -0.0600000000000001 -2.09 1.89 -0.9 0.18 0.87 -1 -0.18 1.34270026011778 -0.3896063448647 0.510118902329816 -1.0575 -0.00249999999999995 -0.2525 -0.60055 -0.04245 -0.13795
0.59 0.49 0.57 1.77 0.95 2.32 1 -0.0600000000000001 -0.0899999999999999 -2.11 -1.9 -1.82 -2.13 -1 0.82 1.70158090604495 3.36862382971706 2.31343280263965 0.4425 -0.5025 -0.5025 0.25445 -0.28745 -0.28545
0.59 -0.51 -0.43 -2.23 1.95 -0.68 1 1.94 0.91 1.89 -0.9 1.18 1.87 2 1.82 2.63161479655586 1.64340307941313 1.38096246259522 0.4425 1.2475 0.9975 -0.18805 -0.67745 0.59955
0.59 0.49 0.57 1.77 -2.05 0.32 -1 1.94 -1.09 -2.11 -1.9 -0.82 -0.13 0 -2.18 0.511357746712551 0.557509870264694 1.60659560521353 -0.5575 -0.5025 -0.7525 -0.31555 -0.28745 -0.43295
0.59 0.49 -0.43 -2.23 -2.05 0.32 1 1.94 0.91 -2.11 -1.9 -0.82 0.87 0 -2.18 -0.289724394724076 0.808102042761208 1.52897441263143 -1.0575 -0.5025 -0.00249999999999989 0.45695 -0.28745 0.00955000000000002
0.59 0.49 0.57 -1.23 -2.05 -1.68 -2 0.94 -2.09 -1.11 -0.9 -1.82 -1.13 -2 -2.18 0.674458494281758 0.897490436847793 0.967044438183622 -1.8075 -1.0025 -1.5025 -1.02805 -0.53245 -0.87545
-0.41 0.49 -0.43 -0.23 0.95 2.32 2 -2.06 0.91 0.89 0.1 0.18 -2.13 -1 0.82 0.37358371916534 -0.818445538473359 1.06569541735433 0.6925 -0.5025 0.4975 -0.29555 -0.28745 -0.19295
0.59 0.49 0.57 1.77 0.95 -1.68 0 0.94 -2.09 0.89 2.1 2.18 -0.13 0 0.82 2.91971624673519 1.84348838675028 2.64395543520702 1.1925 0.9975 -0.7525 0.68195 0.44755 -0.43295
0.59 0.49 -0.43 -0.23 -2.05 -1.68 -2 -2.06 -2.09 0.89 1.1 -1.82 -1.13 -1 -0.18 1.04479075494885 0.403418674299895 0.359576969174948 -1.0575 -1.0025 -1.0025 0.45695 -0.53245 -0.58045
-0.41 0.49 -0.43 1.77 -2.05 -0.68 0 -0.0600000000000001 -0.0899999999999999 -2.11 -1.9 1.18 -1.13 -2 -1.18 -0.444029208027806 0.0569182838654042 -0.136752347334464 0.4425 -1.5025 -1.0025 -0.18805 -0.77745 0.42205
-0.41 -0.51 -0.43 -0.23 -0.0499999999999998 2.32 1 -0.0600000000000001 -0.0899999999999999 0.89 -1.9 0.18 -1.13 1 0.82 0.876807431595234 -0.106064870049618 0.305892680809626 0.4425 -0.2525 0.4975 -0.18805 0.08755 -0.19295
-0.41 -0.51 -0.43 1.77 -2.05 1.32 2 -0.0600000000000001 -2.09 0.89 -1.9 -1.82 -1.13 2 -0.18 2.30180302342958 1.40164462696837 0.489496194862091 0.4425 -0.5025 -0.2525 -0.18805 0.21505 0.11455
-0.41 -0.51 -0.43 -0.23 0.95 -0.68 0 -0.0600000000000001 -2.09 -1.11 -1.9 -1.82 -1.13 -2 1.82 -1.1440868913818 1.27088101385935 0.443160025546847 -0.0575000000000001 -0.7525 -1.2525 0.02695 0.34255 0.52455
-0.41 -0.51 -0.43 1.77 -2.05 2.32 0 -2.06 0.91 -2.11 -0.9 -1.82 -0.13 -1 -2.18 0.136200931734497 1.80992965692191 1.86684818067873 -0.5575 -1.5025 0.2475 0.24195 0.72505 -0.09045
-0.41 0.49 0.57 -1.23 -2.05 0.32 -2 0.94 -0.0899999999999999 -2.11 -1.9 0.18 1.87 -2 -2.18 2.18154458886791 0.96105859598116 1.80990713872039 -1.3075 -1.2525 -0.00249999999999989 -0.74305 -0.65495 0.01205
-0.41 0.49 0.57 0.77 1.95 2.32 1 0.94 1.91 -1.11 -1.9 2.18 -0.13 -1 -0.18 0.188096150598016 2.35158136349899 1.3012466851696 0.9425 -0.00249999999999995 0.7475 0.53945 -0.04245 -0.29545
-0.41 -0.51 -0.43 1.77 -2.05 -0.68 1 -2.06 -0.0899999999999999 -1.11 -1.9 0.18 -0.13 -1 -1.18 0.53540271592192 0.117758654411259 1.05946313833466 0.4425 -1.7525 -0.5025 -0.18805 0.85255 0.21705
-0.41 -0.51 -0.43 1.77 1.95 -1.68 2 -2.06 -2.09 -2.11 -0.9 -1.82 -1.13 -2 -2.18 0.557584078774983 -0.744011291421752 -0.413914557345493 -0.0575000000000001 -0.7525 -1.7525 0.02695 0.34255 0.72955
-0.41 -0.51 -0.43 1.77 -0.0499999999999998 -1.68 -2 1.94 1.91 -1.11 0.1 0.18 -2.13 -2 -0.18 0.481441566496995 0.473694784398342 1.31459974114767 -0.0575000000000001 -0.00249999999999995 -0.7525 0.02695 -0.03995 0.31955
0.59 0.49 0.57 -1.23 1.95 -1.68 -2 -1.06 1.91 0.89 -1.9 -0.82 1.87 2 -2.18 1.46973527271348 1.44080615881321 1.90038778824736 -1.5575 0.2475 0.7475 -0.88555 0.08005 0.45205
0.59 0.49 -0.43 0.77 -0.0499999999999998 2.32 2 1.94 -0.0899999999999999 1.89 1.1 1.18 -0.13 2 1.82 1.5505361855744 0.511484163933134 0.582462742950561 1.4425 1.2475 0.9975 -0.61805 0.57005 0.59955
0.59 0.49 -0.43 0.77 -2.05 -1.68 1 1.94 -0.0899999999999999 -0.11 0.1 2.18 0.87 1 1.82 0.199799641276093 0.289245561235585 -0.446677478420281 1.4425 0.2475 -0.2525 -0.61805 0.08005 -0.13795
-0.41 0.49 0.57 1.77 1.95 2.32 1 -0.0600000000000001 1.91 -1.11 -1.9 1.18 -2.13 2 -0.18 0.490520431076934 -0.529791608382444 1.2853061384438 0.9425 0.4975 0.2475 0.53945 0.20255 -0.09045
0.59 0.49 0.57 1.77 -0.0499999999999998 -1.68 1 -1.06 1.91 0.89 1.1 -1.82 1.87 -2 1.82 0.2304465900122 0.59497601892391 0.412944835975515 0.6925 -0.5025 0.7475 0.39695 -0.28745 0.45205
-0.41 -0.51 -0.43 0.77 -2.05 -1.68 -2 -2.06 -1.09 -2.11 -0.9 -1.82 -2.13 -1 -2.18 1.46862489926646 0.955066994641535 1.48987008632563 -1.3075 -1.5025 -1.7525 0.56445 0.72505 0.72955
-0.41 -0.51 -0.43 -0.23 1.95 2.32 -2 0.94 -1.09 -0.11 2.1 0.18 -1.13 -1 1.82 0.0638340264595928 0.129190568177182 0.908859241771456 -0.0575000000000001 0.9975 -0.00249999999999984 0.02695 -0.54995 0.01205
0.59 0.49 0.57 1.77 1.95 -1.68 1 1.94 1.91 1.89 1.1 0.18 0.87 2 1.82 2.0312555397969 1.49695234627889 2.04624264059061 1.1925 1.7475 0.7475 0.68195 0.81505 0.45205
0.59 -0.51 -0.43 -2.23 -1.05 0.32 -1 -0.0600000000000001 -2.09 -2.11 -0.9 -0.82 1.87 -1 0.82 0.749439479254062 0.869368507175787 1.01195070244045 -0.8075 -0.7525 -0.5025 0.34945 0.34255 -0.28545
-0.41 0.49 -0.43 0.77 1.95 -1.68 0 1.94 -0.0899999999999999 -1.11 -0.9 2.18 -2.13 1 -1.18 0.810415075785868 1.66276872418251 1.87448957110441 0.4425 0.9975 -1.2525 -0.18805 0.44755 0.52455
-0.41 0.49 -0.43 -2.23 1.95 -0.68 -2 0.94 1.91 1.89 2.1 1.18 -2.13 2 1.82 1.10969361057078 0.806532280557212 -0.0963648458988301 -0.3075 1.7475 0.2475 0.13445 0.81505 -0.09045
-0.41 0.49 0.57 1.77 -2.05 0.32 -2 -2.06 1.91 -0.11 -1.9 0.18 -0.13 -2 -1.18 0.825699521879691 0.223959222953309 -0.935747818290057 -0.3075 -2.0025 0.4975 -0.17305 -1.02245 -0.19295
-0.41 -0.51 -0.43 1.77 1.95 -1.68 1 -2.06 1.91 1.89 -0.9 1.18 0.87 -2 -2.18 -0.327232043637998 -1.33558476844593 -1.37901386900182 0.4425 -0.7525 0.7475 -0.18805 0.34255 -0.29545
-0.41 0.49 0.57 -2.23 1.95 -1.68 -1 0.94 0.91 1.89 2.1 2.18 1.87 2 1.82 2.02429803047842 2.4845466525904 3.53622047670282 0.1925 1.7475 0.7475 0.11195 0.81505 -0.29545
-0.41 -0.51 -0.43 -1.23 -2.05 -0.68 -1 1.94 1.91 -0.11 -1.9 0.18 -0.13 0 -1.18 0.446391919169716 0.0868871882992436 0.444946409087784 -0.8075 -0.5025 0.2475 0.34945 0.21505 -0.09045
0.59 -0.51 0.57 -2.23 -2.05 -1.68 1 1.94 -0.0899999999999999 1.89 -1.9 2.18 -1.13 2 0.82 0.466882492216282 0.489434289122088 -0.617684806388291 0.4425 -0.00249999999999995 -0.2525 0.25445 -0.03995 -0.13795
0.59 0.49 -0.43 1.77 0.95 0.32 2 0.94 -0.0899999999999999 1.89 1.1 -0.82 0.87 0 0.82 0.355955637242223 1.2292203923376 1.59338404354302 0.9425 0.7475 0.7475 -0.40305 0.32505 0.45205
-0.41 0.49 -0.43 1.77 1.95 2.32 0 0.94 1.91 0.89 2.1 2.18 1.87 1 -0.18 0.573556753107541 -0.0612001314011431 0.217253697455486 0.9425 1.4975 1.7475 -0.40305 0.69255 -0.70545
-0.41 -0.51 -0.43 0.77 1.95 0.32 -2 -0.0600000000000001 -2.09 -2.11 0.1 -1.82 -2.13 -2 -0.18 0.659447780723951 1.60395217489539 1.08178270599515 -0.8075 -0.00249999999999995 -1.5025 0.34945 -0.03995 0.62705
0.59 0.49 0.57 0.77 -1.05 -1.68 -2 -1.06 1.91 0.89 0.1 2.18 0.87 2 0.82 1.54053987888964 1.9100917677812 1.86494982153335 0.4425 -0.00249999999999995 0.4975 0.25445 -0.04245 0.30455
-0.41 -0.51 -0.43 -2.23 1.95 -1.68 1 1.94 -0.0899999999999999 1.89 2.1 2.18 -1.13 1 0.82 0.641981622734875 0.103718969462798 1.09414719017702 0.4425 1.7475 -0.2525 -0.18805 -0.93245 0.11455
-0.41 -0.51 -0.43 -2.23 -1.05 -1.68 2 -2.06 -0.0899999999999999 -0.11 0.1 -1.82 -0.13 -2 -2.18 -0.829534178179396 -1.67321647101121 -1.25841036024276 -1.0575 -1.2525 -0.5025 0.45695 0.59755 0.21705
-0.41 -0.51 -0.43 -2.23 0.95 -1.68 0 -2.06 -2.09 -2.11 2.1 1.18 -1.13 -1 -0.18 0.206878251449444 0.73326676098845 0.00249508691170541 -0.3075 -0.00249999999999995 -1.7525 0.13445 -0.03995 0.72955
-0.41 0.49 -0.43 0.77 -2.05 -1.68 2 1.94 -2.09 -0.11 0.1 -1.82 0.87 -2 0.82 -0.142372265521531 1.04882274144791 -0.321600255451025 0.4425 -0.5025 -0.7525 -0.18805 -0.28745 0.31955
-0.41 -0.51 0.57 -2.23 -2.05 -0.68 2 1.94 -1.09 1.89 2.1 -0.82 1.87 2 -0.18 -0.232646998516928 -0.0831409953289856 -0.405622454310841 -0.3075 0.9975 0.4975 -0.17305 -0.54995 -0.19295
0.59 0.49 0.57 1.77 0.95 -1.68 -2 0.94 -2.09 -1.11 0.1 -0.82 -1.13 -1 0.82 0.354052033455899 1.03605875739616 1.35726070329399 -0.0575000000000001 0.2475 -1.5025 -0.03055 0.08005 -0.87545
-0.41 0.49 0.57 1.77 0.95 2.32 0 1.94 1.91 1.89 2.1 2.18 1.87 2 1.82 0.622369847166403 2.24104420558683 1.70525400827612 1.4425 1.7475 1.9975 0.82445 0.81505 -0.80795
0.59 0.49 0.57 1.77 -2.05 1.32 0 -0.0600000000000001 -2.09 0.89 2.1 1.18 -0.13 0 -1.18 0.15336349101007 -0.513124655715747 0.157681980201948 0.4425 -0.00249999999999995 -0.00249999999999989 0.25445 -0.04245 0.00955000000000002
-0.41 -0.51 -0.43 1.77 0.95 1.32 -2 -0.0600000000000001 0.91 -2.11 2.1 0.18 0.87 -2 -2.18 0.264441134839205 1.478131023218 1.29695603421821 -0.5575 0.2475 0.2475 0.24195 -0.16745 -0.09045
-0.41 -0.51 -0.43 -2.23 0.95 0.32 2 1.94 1.91 1.89 1.1 2.18 1.87 2 1.82 1.22560415178788 0.585271857138182 1.9692692458335 0.9425 1.4975 1.4975 -0.40305 -0.80495 -0.60295
0.59 0.49 0.57 -1.23 -2.05 0.32 -2 1.94 1.91 -1.11 -0.9 -1.82 -0.13 -1 -2.18 -0.560709176841583 -0.0554944988964953 1.00119113947627 -1.8075 -0.5025 0.2475 -1.02805 -0.28745 0.15705
-0.41 -0.51 -0.43 -0.23 1.95 -1.68 0 -0.0600000000000001 -2.09 -0.11 2.1 -1.82 -1.13 2 -1.18 0.840607336030405 -0.0222992867587112 1.00912829593588 -0.8075 1.4975 -1.2525 0.34945 -0.80495 0.52455
0.59 0.49 -0.43 -2.23 -2.05 -1.68 -1 -2.06 -2.09 -2.11 -1.9 -1.82 -2.13 -2 -2.18 -0.430931025287726 0.0765423206281781 0.378981352906925 -1.8075 -2.0025 -2.0025 0.77945 -1.02245 -1.17045
-0.41 -0.51 0.57 1.77 -1.05 1.32 -1 1.94 1.91 -2.11 2.1 2.18 1.87 2 1.82 1.07744046147599 1.30335434747959 1.76950782244395 1.1925 1.2475 0.7475 0.68195 -0.67745 -0.29545
-0.41 -0.51 -0.43 0.77 -2.05 -1.68 0 -1.06 0.91 -1.11 2.1 0.18 -1.13 -2 -0.18 -0.265861032391271 1.06993776291396 0.435979447889139 0.1925 -0.7525 -0.7525 -0.08055 0.34255 0.31955
-0.41 -0.51 -0.43 1.77 -0.0499999999999998 -1.68 -2 -2.06 -2.09 -2.11 -1.9 -1.82 -2.13 -2 -2.18 0.420306549294382 0.754088352590345 1.10143294049402 -1.0575 -1.5025 -2.0025 0.45695 0.72505 0.83205
0.59 -0.51 -0.43 1.77 1.95 -0.68 1 1.94 1.91 -2.11 2.1 -0.82 0.87 1 1.82 1.34273001936423 1.34761785476485 3.05499058748634 0.9425 1.7475 -0.00249999999999989 -0.40305 -0.93245 0.00955000000000002
-0.41 -0.51 -0.43 -2.23 1.95 -1.68 0 -2.06 0.91 1.89 1.1 -1.82 1.87 2 -0.18 0.240134655806314 1.38651248251101 0.397214704850154 -1.0575 0.7475 0.7475 0.45695 -0.42245 -0.29545
0.59 -0.51 0.57 1.77 0.95 2.32 2 1.94 -1.09 -0.11 -1.9 2.18 1.87 0 0.82 1.31925380276413 2.42253353435864 2.72374571784802 1.6925 0.2475 0.7475 0.96695 -0.16745 0.45205
0.59 0.49 -0.43 -1.23 -0.0499999999999998 1.32 -1 -2.06 -1.09 1.89 1.1 1.18 -0.13 2 1.82 1.61019591542201 2.09146812403621 1.91445010757251 0.1925 0.2475 0.4975 -0.08055 0.08005 0.30455
-0.41 -0.51 -0.43 -2.23 -1.05 -0.68 -2 -1.06 0.91 -1.11 2.1 2.18 0.87 0 1.82 -0.200237448480588 -0.355875741432936 -0.135958253160582 -0.0575000000000001 -0.00249999999999995 -0.00249999999999989 0.02695 -0.03995 0.01205
0.59 0.49 0.57 1.77 -0.0499999999999998 0.32 0 -2.06 -1.09 0.89 2.1 -1.82 1.87 2 -1.18 0.666252657066555 0.838776667373635 0.473640016147878 -0.3075 0.4975 0.4975 -0.17305 0.20255 0.30455
-0.41 -0.51 0.57 -1.23 0.95 -1.68 -2 -0.0600000000000001 1.91 -1.11 -0.9 -1.82 1.87 -1 -1.18 1.01179040557677 1.15386330524855 0.569007788327666 -1.5575 -0.2525 0.2475 -0.88555 0.08755 -0.09045
0.59 0.49 0.57 -2.23 -2.05 2.32 -2 -0.0600000000000001 1.91 1.89 2.1 2.18 1.87 2 1.82 1.35244709598303 1.39817127953761 1.86471390982319 -0.0575000000000001 0.4975 1.9975 -0.03055 0.20255 1.18955
0.59 0.49 0.57 0.77 1.95 -1.68 2 1.94 -2.09 1.89 1.1 2.18 -1.13 2 0.82 1.1021037674892 1.60203116282977 1.98952011379651 1.4425 1.7475 -0.7525 0.82445 0.81505 -0.43295
-0.41 -0.51 -0.43 0.77 -2.05 2.32 0 -2.06 -0.0899999999999999 1.89 0.1 1.18 1.87 0 1.82 0.730241730836291 -0.0202876251660692 0.267539462962361 0.9425 -1.0025 1.4975 -0.40305 0.47005 -0.60295
-0.41 -0.51 -0.43 1.77 1.95 0.32 2 -1.06 -1.09 0.89 -0.9 0.18 0.87 2 1.82 1.30491341670222 1.13628604552554 2.57386516665609 1.4425 0.4975 0.2475 -0.61805 -0.29495 -0.09045
0.59 -0.51 0.57 -0.23 -2.05 2.32 2 -2.06 0.91 0.89 -1.9 2.18 -2.13 -1 1.82 0.674050984970956 0.689578638852743 1.60994208097981 1.4425 -1.7525 0.4975 0.82445 0.85255 0.30455
-0.41 -0.51 -0.43 0.77 -2.05 2.32 2 -2.06 -2.09 1.89 0.1 -0.82 -1.13 2 -1.18 -0.0235321545393116 -0.85678128430671 0.0151167596588291 0.1925 -0.5025 0.2475 -0.08055 0.21505 -0.09045
-0.41 -0.51 -0.43 1.77 -2.05 0.32 -1 1.94 0.91 -1.11 1.1 0.18 -0.13 -1 0.82 0.823034594112536 0.131682086002033 1.0467912827415 0.4425 -0.00249999999999995 -0.00249999999999989 -0.18805 -0.03995 0.01205
0.59 0.49 0.57 -0.23 1.95 0.32 -2 0.94 -1.09 -2.11 -1.9 -1.82 -2.13 1 0.82 1.58042359645467 2.27805738576109 1.47104329810492 -0.8075 0.4975 -1.2525 -0.45805 0.20255 -0.72795
