0.52 0.45 0.47 1.88 -0.0600000000000001 2.11 -2.13 1.97 0.25 2.14 2.1 -0.83 0.03 1.02 -0.0800000000000001 -0.10631808212274 1.29667902991591 1.87967064933868 -0.29 1.2575 1.1325 -0.2676 0.54675 0.5178
0.52 0.45 0.47 1.88 -1.06 0.11 -1.13 1.97 2.25 0.14 -0.9 2.17 1.03 2.02 1.92 0.266607078590748 1.43279856919342 1.860417056519 1.21 0.5075 0.8825 0.4374 0.20925 0.3878
0.52 0.45 0.47 1.88 -1.06 2.11 -1.13 -0.0299999999999998 1.25 -0.86 -0.9 -1.83 0.03 0.02 0.92 0.505224522640489 0.896530051847063 1.31130014279659 -0.04 -0.4925 0.6325 -0.1501 -0.24075 0.2578
-0.48 0.45 -0.53 0.88 1.94 -1.89 -0.13 -2.03 -1.75 -1.86 -1.9 -1.83 -1.97 -1.98 -1.08 0.474146265560051 0.820731687427876 0.485695459691643 -0.54 -0.9925 -1.8675 0.1549 -0.46575 0.8253
0.52 0.45 0.47 1.88 1.94 2.11 1.87 1.97 0.25 2.14 1.1 -0.83 0.03 2.02 1.92 1.98498793204705 -0.359622391285025 2.74368071604413 1.21 1.7575 1.1325 0.4374 0.77175 0.5178
0.52 -0.55 0.47 1.88 -0.0600000000000001 2.11 0.87 -2.03 2.25 0.14 -1.9 0.17 2.03 2.02 1.92 -0.405929374635186 1.4780351933961 -0.339654565250061 1.21 -0.4925 1.6325 0.4374 0.25175 0.7778
-0.48 0.45 -0.53 1.88 1.94 2.11 1.87 -2.03 1.25 -0.86 -1.9 -1.83 -0.97 -1.98 -1.08 1.11189315038038 -0.548419779455407 0.248605506220316 0.21 -0.9925 0.3825 -0.2426 -0.46575 -0.2547
0.52 -0.55 -0.53 0.88 -2.06 2.11 -1.13 -0.0299999999999998 1.25 2.14 2.1 0.17 0.03 -0.98 -1.08 0.175977721666015 -2.64613535536524 0.385101581220563 -0.29 -0.2425 1.3825 0.0224 0.11425 0.6478
-0.48 0.45 -0.53 -0.12 1.94 1.11 -2.13 -2.03 -0.75 -1.86 -0.9 -1.83 -1.97 -0.98 -0.0800000000000001 -1.23944967437671 0.420884245327886 -1.53561280069935 -1.04 -0.4925 -0.8675 0.4199 -0.24075 0.3453
0.52 0.45 -0.53 -2.12 -1.06 2.11 1.87 0.97 -0.75 -1.86 -0.9 -0.83 -1.97 0.02 -2.08 0.401377810036128 -1.8656269554745 0.555029838816498 -0.79 -0.2425 -0.6175 0.2874 -0.12825 -0.3922
0.52 0.45 0.47 1.88 0.94 -1.89 -1.13 -2.03 0.25 -0.86 1.1 -0.83 -0.97 -1.98 -0.0800000000000001 0.461034132759107 0.93985496171514 0.630212215083476 -0.04 -0.4925 -0.8675 -0.1501 -0.24075 -0.5222
-0.48 -0.55 -0.53 -0.12 1.94 2.11 -0.13 1.97 2.25 -1.86 -1.9 -1.83 -1.97 -0.98 -0.0800000000000001 1.62157325339113 1.28738242503749 3.23455323800806 -0.54 0.2575 0.1325 0.1549 -0.16075 -0.1347
-0.48 -0.55 0.47 -2.12 -2.06 -0.89 1.87 -0.0299999999999998 0.25 -0.86 1.1 2.17 2.03 1.02 1.92 0.848275308551016 1.13558531950475 1.2265664115337 0.96 0.00750000000000006 0.1325 0.3199 -0.02325 -0.1347
0.52 0.45 0.47 -0.12 0.94 2.11 0.87 0.97 2.25 1.14 -0.9 0.17 2.03 0.02 0.92 1.34511196671183 1.52280562367693 1.34197311752347 0.46 0.2575 1.8825 0.0849 0.09675 0.9078
-0.48 -0.55 -0.53 0.88 -0.0600000000000001 -0.89 1.87 -2.03 -0.75 0.14 0.1 2.17 0.03 2.02 0.92 0.206103576675848 1.91217774686644 1.07386530123587 1.46 0.00750000000000006 -0.3675 -0.9051 -0.02325 0.1053
0.52 0.45 0.47 -2.12 0.94 2.11 1.87 -0.0299999999999998 -1.75 1.14 -1.9 -0.83 1.03 0.02 0.92 0.467291016796924 0.360822084147682 1.50352753231992 -0.04 -0.2425 0.6325 -0.1501 -0.12825 0.2578
0.52 0.45 0.47 -0.12 -2.06 -1.89 -0.13 -2.03 2.25 0.14 -1.9 0.17 1.03 0.02 0.92 0.585280350094136 0.892485568163847 1.9862200578094 0.21 -1.4925 0.3825 -0.0326 -0.69075 0.1278
-0.48 -0.55 -0.53 -2.12 0.94 1.11 -1.13 -0.0299999999999998 -0.75 2.14 0.1 0.17 2.03 1.02 -0.0800000000000001 1.4090061413168 0.411164311206849 2.37865521324367 -0.79 0.5075 1.1325 0.2874 -0.29825 -0.6147
-0.48 -0.55 -0.53 -2.12 1.94 1.11 -2.13 0.97 2.25 1.14 0.1 2.17 2.03 1.02 0.92 0.471698282999609 1.71070607730115 2.70980992815878 -0.29 1.0075 1.6325 0.0224 -0.57325 -0.8547
-0.48 0.45 -0.53 1.88 1.94 -1.89 1.87 -1.03 -1.75 2.14 2.1 -1.83 1.03 -1.98 -1.08 -0.614849470697433 -1.46691957162139 0.232782545522681 0.21 0.2575 -0.1175 -0.2426 0.09675 -0.0147
-0.48 -0.55 -0.53 -0.12 1.94 -0.89 -2.13 -2.03 -1.75 -1.86 -1.9 -1.83 -1.97 2.02 -0.0800000000000001 1.02724930822233 0.511083444540057 0.658627412910448 -1.04 0.00750000000000006 -1.6175 0.4199 -0.02325 0.7053
0.52 0.45 0.47 1.88 1.94 2.11 -1.13 -0.0299999999999998 2.25 2.14 1.1 0.17 0.03 -0.98 0.92 0.630474671792747 -1.19163420944859 0.686820096193248 0.46 0.5075 1.6325 0.0849 0.20925 0.7778
0.52 0.45 0.47 -0.12 -1.06 -1.89 1.87 1.97 0.25 2.14 2.1 2.17 0.03 2.02 1.92 1.65623446131508 0.494086990558753 1.93247693461438 1.46 1.2575 0.1325 0.5549 0.54675 -0.00220000000000006
0.52 0.45 0.47 -2.12 -0.0600000000000001 2.11 0.87 -0.0299999999999998 -1.75 2.14 0.1 2.17 -1.97 -1.98 0.92 0.17363012355934 0.427014206717652 1.95858717783874 0.46 -0.4925 0.1325 0.0849 -0.24075 -0.00220000000000004
-0.48 -0.55 -0.53 0.88 0.94 0.11 0.87 -2.03 -1.75 0.14 2.1 -1.83 -1.97 0.02 0.92 2.04694327469145 2.35291112215219 0.39076362014094 0.21 0.2575 -0.8675 -0.2426 -0.16075 0.3453
0.52 0.45 0.47 -2.12 1.94 1.11 -0.13 -2.03 -0.75 -1.86 -1.9 -0.83 0.03 1.02 1.92 1.47054778407428 1.92850573691648 0.441706509594549 -0.29 -0.2425 -0.3675 -0.2676 -0.12825 -0.2622
-0.48 0.45 0.47 -2.12 -2.06 2.11 1.87 -1.03 -0.75 -1.86 -1.9 -0.83 0.03 -1.98 -2.08 2.04084669010563 1.43210626910998 3.24888383040143 -0.79 -1.7425 -0.1175 -0.5026 -0.80325 -0.0147
0.52 0.45 0.47 -0.12 -1.06 -1.89 -2.13 1.97 -1.75 -1.86 -1.9 -1.83 -0.97 -1.98 -2.08 -0.867831533690208 -0.595147809576651 -0.853673314427834 -1.54 -0.7425 -1.6175 -0.8551 -0.35325 -0.9122
0.52 0.45 0.47 1.88 -2.06 -1.89 -0.13 0.97 2.25 -1.86 -0.9 -0.83 -1.97 -0.98 -0.0800000000000001 0.827843864365532 1.9707379887727 1.73552295018555 0.21 -0.7425 -0.8675 -0.0326 -0.35325 -0.5222
-0.48 0.45 0.47 1.88 -1.06 -0.89 -2.13 -1.03 -1.75 -1.86 -0.9 2.17 -1.97 -0.98 -1.08 1.60976711954689 2.08703068303606 2.87214339903531 0.21 -0.9925 -1.6175 -0.0326 -0.46575 0.7053
0.52 -0.55 0.47 1.88 1.94 2.11 1.87 -2.03 0.25 1.14 1.1 1.17 1.03 1.02 -0.0800000000000001 0.643313377295199 1.07465628426463 1.27144005983743 1.21 0.5075 1.1325 0.4374 -0.29825 0.5178
-0.48 -0.55 0.47 -2.12 -2.06 0.11 0.87 1.97 1.25 -0.86 1.1 -0.83 -1.97 0.02 0.92 -0.606965073218034 0.227365139057744 -0.472630881776856 -0.29 0.2575 -0.3675 -0.2676 -0.16075 0.1053
0.52 -0.55 0.47 1.88 -2.06 -1.89 1.87 -0.0299999999999998 -1.75 1.14 -1.9 -1.83 0.03 1.02 -2.08 -0.449532033070989 0.0120133997365931 -0.278647157332842 -0.04 -0.7425 -0.6175 -0.1501 0.38925 -0.3922
-0.48 -0.55 -0.53 -2.12 0.94 -0.89 -0.13 -1.03 1.25 2.14 2.1 2.17 -0.97 0.02 1.92 0.219230522997315 0.758357848289304 1.10260556592723 0.46 0.5075 0.3825 -0.3751 -0.29825 -0.2547
-0.48 0.45 -0.53 -1.12 1.94 -0.89 0.87 -2.03 -1.75 1.14 1.1 2.17 2.03 1.02 -1.08 -0.125856633411627 -0.792363042295499 -0.384520256463886 0.21 0.5075 0.1325 -0.2426 0.20925 -0.1347
0.52 0.45 0.47 -2.12 -2.06 2.11 -0.13 1.97 -0.75 2.14 -1.9 -1.83 2.03 0.02 -1.08 1.03248954594645 0.449512217712539 0.9245680118527 -1.29 -0.4925 1.3825 -0.7376 -0.24075 0.6478
-0.48 0.45 -0.53 -1.12 -1.06 -1.89 1.87 1.97 -0.75 -1.86 -1.9 -1.83 2.03 -1.98 -2.08 1.4369222234736 -0.180460334353072 0.60435249694359 -0.79 -0.7425 -0.6175 0.2874 -0.35325 0.2253
-0.48 0.45 0.47 -2.12 1.94 -0.89 1.87 1.97 2.25 1.14 1.1 2.17 -0.97 2.02 1.92 0.54141342924344 0.565048910203327 0.246479634736495 0.96 1.7575 0.3825 0.3199 0.77175 -0.2547
-0.48 -0.55 -0.53 1.88 -1.06 0.11 0.87 -0.0299999999999998 1.25 2.14 0.1 2.17 2.03 2.02 1.92 -0.222354064321078 0.518933306538735 1.32079655701017 1.71 0.2575 1.3825 -1.0376 -0.16075 -0.7347
0.52 0.45 0.47 -1.12 0.94 0.11 1.87 1.97 -1.75 0.14 2.1 2.17 -1.97 2.02 -0.0800000000000001 0.909888724641185 0.312757060735235 0.959081746152348 0.71 1.7575 -0.8675 0.2024 0.77175 -0.5222
-0.48 -0.55 -0.53 -2.12 -0.0600000000000001 -1.89 -1.13 -1.03 -0.75 0.14 -1.9 -1.83 -0.97 -1.98 -1.08 0.762197488761577 0.724381123903242 1.93124081739798 -1.54 -1.2425 -0.8675 0.6849 0.66425 0.3453
0.52 -0.55 -0.53 -2.12 0.94 -1.89 -2.13 -1.03 -0.75 0.14 -0.9 0.17 -1.97 1.02 -0.0800000000000001 0.679669704919044 1.19089551703843 1.59613019277325 -1.04 0.00750000000000006 -1.1175 0.4199 -0.02325 -0.6522
0.52 -0.55 0.47 1.88 -2.06 -1.89 1.87 -1.03 2.25 -1.86 2.1 -0.83 -0.97 1.02 -0.0800000000000001 0.703587677847461 0.267074745735185 0.712213382721702 0.71 0.00750000000000006 -0.6175 0.2024 -0.02325 -0.3922
0.52 0.45 0.47 -2.12 -2.06 -0.89 -1.13 -1.03 2.25 2.14 1.1 2.17 2.03 2.02 1.92 0.119682788645007 -0.611382113527102 0.977702196445109 0.21 0.00750000000000006 1.3825 -0.0326 -0.01575 0.6478
0.52 0.45 0.47 1.88 1.94 -0.89 1.87 1.97 -1.75 1.14 -1.9 -1.83 1.03 0.02 1.92 1.37482636416617 1.47423421787673 2.41090808510388 0.96 0.5075 -0.1175 0.3199 0.20925 -0.1322
0.52 0.45 0.47 -2.12 -2.06 -0.89 -1.13 -2.03 -1.75 0.14 -1.9 -1.83 -0.97 -0.98 -2.08 -0.629006248830924 0.218143243272269 -1.28666640865529 -1.79 -1.7425 -0.8675 -0.9726 -0.80325 -0.5222
-0.48 0.45 0.47 1.88 1.94 -0.89 0.87 -2.03 2.25 0.14 0.1 2.17 1.03 -0.98 1.92 2.20628052393703 2.02117806636943 1.19377356842422 1.71 -0.2425 0.6325 0.6724 -0.12825 -0.3747
0.52 0.45 -0.53 1.88 -2.06 1.11 0.87 -1.03 2.25 -1.86 2.1 2.17 2.03 0.02 -1.08 -0.555287925098301 0.638256695023002 -0.230482403767779 0.96 -0.2425 0.8825 -0.6401 -0.12825 0.3878
-0.48 -0.55 -0.53 0.88 -2.06 2.11 -2.13 -1.03 -0.75 -1.86 2.1 -0.83 2.03 -1.98 -2.08 0.987511569045182 2.26753664902157 1.09408696868833 -1.04 -0.7425 0.3825 0.4199 0.38925 -0.2547
-0.48 -0.55 -0.53 -0.12 -1.06 0.11 -0.13 -2.03 2.25 2.14 -1.9 2.17 1.03 0.02 -2.08 -0.100407867365798 0.0877357630936194 0.590584696668675 -0.04 -1.2425 1.3825 -0.1101 0.66425 -0.7347
0.52 -0.55 0.47 -0.12 -2.06 2.11 1.87 -1.03 -1.75 -1.86 0.1 -0.83 -0.97 0.02 -1.08 -0.43619337391574 -0.0483969239709586 -0.338008428874195 -0.04 -0.7425 -0.6175 -0.1501 0.38925 -0.3922
-0.48 0.45 0.47 1.88 1.94 2.11 -1.13 -0.0299999999999998 -1.75 1.14 2.1 2.17 2.03 2.02 0.92 1.68005279798052 2.44091118581427 3.07828619489994 0.96 1.5075 0.8825 0.3199 0.65925 -0.4947
-0.48 -0.55 -0.53 1.88 -2.06 -1.89 -1.13 -0.0299999999999998 1.25 1.14 -1.9 -1.83 -0.97 -1.98 1.92 1.42809609809939 1.96124170252536 0.922233202734579 0.21 -1.4925 -0.1175 -0.2426 0.80175 -0.0147
-0.48 -0.55 -0.53 1.88 1.94 1.11 -2.13 -2.03 -1.75 2.14 1.1 -1.83 -0.97 0.02 -0.0800000000000001 -0.921984383317695 0.0306001220430331 -1.03404748010266 -0.54 0.2575 0.1325 0.1549 -0.16075 -0.1347
-0.48 0.45 -0.53 1.88 -2.06 -0.89 -0.13 -1.03 -1.75 -1.86 0.1 1.17 -1.97 -1.98 -2.08 0.938583621446905 0.753660484121172 1.3548316495218 0.21 -1.2425 -1.6175 -0.2426 -0.57825 0.7053
0.52 0.45 0.47 1.88 1.94 -1.89 0.87 1.97 -0.75 2.14 2.1 1.17 2.03 2.02 1.92 0.157956394262566 0.441520471756094 1.30334521860284 1.46 2.0075 0.3825 0.5549 0.88425 0.1278
0.52 -0.55 -0.53 -2.12 0.94 -1.89 0.87 0.97 2.25 2.14 2.1 -0.83 0.03 0.02 1.92 -0.457446141801003 0.527527447958758 1.2270560053362 -0.04 1.0075 0.6325 -0.1101 -0.57325 0.2578
-0.48 0.45 -0.53 -2.12 0.94 2.11 1.87 0.97 2.25 2.14 2.1 -0.83 2.03 2.02 1.92 1.98185425407082 1.14645566991436 1.93439316437807 0.21 1.5075 2.1325 -0.2426 0.65925 -1.0947
-0.48 -0.55 -0.53 -2.12 -0.0600000000000001 -1.89 0.87 -2.03 -1.75 -0.86 0.1 2.17 2.03 -1.98 -1.08 -1.46577380318919 -0.766426086151816 -0.162229707620222 -0.04 -0.9925 -0.6175 -0.1101 0.52675 0.2253
-0.48 0.45 -0.53 -2.12 1.94 1.11 0.87 -0.0299999999999998 -0.75 -0.86 -0.9 -1.83 -0.97 -0.98 -2.08 0.380042292605985 0.706303145112016 2.07036426056109 -1.29 0.00750000000000006 -0.3675 0.5524 -0.01575 0.1053
0.52 -0.55 0.47 0.88 1.94 -1.89 1.87 0.97 1.25 -0.86 -1.9 -1.83 1.03 0.02 -0.0800000000000001 1.35078190221023 0.910678160591562 1.95634884546868 0.21 0.2575 -0.1175 -0.0326 -0.16075 -0.1322
0.52 -0.55 0.47 0.88 -2.06 0.11 -1.13 0.97 -1.75 0.14 -1.9 -1.83 -0.97 -1.98 -2.08 0.848963963089797 1.4342580704879 -0.438239549430381 -1.04 -1.2425 -0.6175 -0.6201 0.66425 -0.3922
0.52 0.45 -0.53 -2.12 1.94 0.11 1.87 -0.0299999999999998 -1.75 0.14 -1.9 -1.83 2.03 -1.98 0.92 0.516600414712535 2.16805581441913 0.792715237593087 -0.29 -0.4925 0.1325 0.0224 -0.24075 -0.00220000000000001
-0.48 -0.55 0.47 0.88 -0.0600000000000001 2.11 -2.13 -2.03 -0.75 -1.86 2.1 -1.83 0.03 -1.98 0.92 0.705751917394679 1.20073866129149 3.45543481074095 -0.54 -0.4925 -0.1175 -0.3851 0.25175 -0.0147
0.52 0.45 -0.53 -0.12 1.94 2.11 -2.13 -2.03 -0.75 -0.86 2.1 -1.83 -1.97 -1.98 -2.08 0.304208286352295 0.933030078381926 -0.246285058153314 -1.54 0.00750000000000006 -0.3675 0.6849 -0.01575 -0.2622
0.52 0.45 0.47 -1.12 -1.06 -1.89 -1.13 -2.03 1.25 -1.86 0.1 0.17 -0.97 -1.98 -2.08 0.00193968261001243 0.201621561782815 -1.3180127268945 -1.04 -1.2425 -0.8675 -0.6201 -0.57825 -0.5222
0.52 0.45 0.47 -0.12 -2.06 0.11 -2.13 -0.0299999999999998 0.25 0.14 0.1 2.17 -1.97 2.02 1.92 1.00499540795156 1.24709724422548 2.13353942596547 0.46 0.00750000000000006 -0.3675 0.0849 -0.01575 -0.2622
-0.48 -0.55 0.47 -2.12 -2.06 1.11 1.87 1.97 -0.75 -1.86 2.1 1.17 2.03 1.02 0.92 1.62018421149555 2.37077949897633 2.49910907055199 0.46 0.7575 0.1325 0.0849 -0.43575 -0.1347
0.52 -0.55 -0.53 1.88 0.94 -1.89 -0.13 -0.0299999999999998 0.25 0.14 0.1 -1.83 -0.97 1.02 -1.08 -0.0782392339138135 1.26759268787594 1.27765521945777 -0.29 0.5075 -0.6175 0.0224 -0.29825 -0.3922
-0.48 -0.55 0.47 1.88 -1.06 2.11 -2.13 0.97 2.25 -1.86 -0.9 0.17 -1.97 2.02 0.92 0.845357884096576 0.122144302944785 1.99120379943489 0.21 0.2575 0.1325 -0.0326 -0.16075 -0.1347
-0.48 0.45 0.47 1.88 1.94 0.11 1.87 1.97 0.25 -1.86 1.1 0.17 -0.97 1.02 -0.0800000000000001 0.853283437648004 1.39328976438932 0.179286159218959 0.96 1.5075 -0.6175 0.3199 0.65925 0.2253
-0.48 -0.55 -0.53 1.88 -2.06 -1.89 -2.13 0.97 -1.75 -1.86 -1.9 2.17 -1.97 -1.98 -2.08 0.876430080724282 1.33689467619723 1.33715571787639 -0.04 -1.2425 -1.8675 -0.1101 0.66425 0.8253
-0.48 -0.55 -0.53 -2.12 0.94 2.11 -2.13 -1.03 -1.75 -1.86 0.1 2.17 0.03 1.02 -1.08 0.939215080854022 0.737391239731996 1.18601634536523 -0.79 0.2575 -0.3675 0.2874 -0.16075 0.1053
-0.48 0.45 0.47 0.88 -1.06 -0.89 0.87 -0.0299999999999998 2.25 1.14 -1.9 2.17 2.03 -0.98 1.92 1.34020160714444 1.31505578717448 1.39952535698019 1.46 -0.9925 1.1325 0.5549 -0.46575 -0.6147
-0.48 0.45 0.47 1.88 1.94 -1.89 0.87 -0.0299999999999998 -1.75 1.14 2.1 2.17 1.03 2.02 1.92 1.14799956310799 1.94656870191006 3.32525736351163 1.71 1.5075 -0.3675 0.6724 0.65925 0.1053
-0.48 0.45 -0.53 -0.12 1.94 -1.89 1.87 -1.03 2.25 0.14 2.1 1.17 -1.97 0.02 1.92 0.217010530399671 -0.149767996332545 0.878416679345258 1.21 0.7575 -0.3675 -0.7726 0.32175 0.1053
0.52 0.45 0.47 1.88 -1.06 -0.89 1.87 1.97 2.25 0.14 1.1 2.17 2.03 2.02 1.92 0.307411993114688 1.18557551621399 0.579434278089676 1.96 1.0075 0.8825 0.7899 0.43425 0.3878
0.52 -0.55 0.47 -1.12 1.94 0.11 -1.13 0.97 -1.75 -0.86 -0.9 0.17 1.03 1.02 -2.08 0.0569061736530946 1.29989089217118 1.53999247926874 -1.04 0.7575 -0.3675 -0.6201 -0.43575 -0.2622
0.52 -0.55 -0.53 -2.12 -1.06 -0.89 -0.13 0.97 -0.75 -0.86 0.1 -1.83 -0.97 -1.98 -2.08 1.04344035080833 0.885576685189078 0.675347128438682 -1.54 -0.4925 -0.8675 0.6849 0.25175 -0.5222
0.52 0.45 0.47 -2.12 -2.06 0.11 0.87 -0.0299999999999998 -1.75 -0.86 -1.9 -1.83 -1.97 -1.98 -2.08 0.605466006818646 -0.0117661007090363 0.742490773284288 -1.29 -1.4925 -1.1175 -0.7376 -0.69075 -0.6522
0.52 0.45 0.47 0.88 0.94 1.11 0.87 0.97 -1.75 -1.86 -0.9 0.17 1.03 1.02 -2.08 1.70627818875143 2.20875720117403 3.15495446692872 -0.04 0.5075 -0.3675 -0.1501 0.20925 -0.2622
-0.48 -0.55 -0.53 -0.12 -1.06 2.11 -0.13 1.97 2.25 0.14 2.1 2.17 0.03 1.02 -0.0800000000000001 1.46298163996293 2.55702031339321 3.16995987919666 0.46 1.0075 1.1325 -0.3751 -0.57325 -0.6147
-0.48 -0.55 -0.53 -2.12 -2.06 -0.89 0.87 0.97 2.25 0.14 0.1 0.17 0.03 -1.98 -1.08 0.0914083251127169 0.687614897516917 -0.159401448944817 -0.54 -0.7425 0.3825 0.1549 0.38925 -0.2547
-0.48 -0.55 -0.53 -0.12 1.94 -1.89 -2.13 -2.03 -0.75 1.14 -1.9 -0.83 -1.97 -0.98 -1.08 -0.974381889290847 -1.13792442840773 -1.0364907369876 -1.04 -0.7425 -0.8675 0.4199 0.38925 0.3453
-0.48 0.45 0.47 -2.12 1.94 0.11 -2.13 1.97 -0.75 -1.86 2.1 -0.83 -1.97 -1.98 -2.08 1.34500804987808 1.10613830533901 1.75041247264955 -1.79 1.0075 -1.1175 -0.9726 0.43425 0.4653
-0.48 -0.55 -0.53 0.88 1.94 -1.89 -2.13 -2.03 -1.75 1.14 -0.9 -0.83 -1.97 -0.98 -0.0800000000000001 0.396500290783641 1.51612137376079 2.19506278233728 -0.54 -0.4925 -1.1175 0.1549 0.25175 0.4653
-0.48 -0.55 -0.53 -1.12 1.94 2.11 -2.13 1.97 -1.75 -0.86 -1.9 0.17 -1.97 -1.98 -2.08 0.055490265581141 0.515231059995063 0.525580320301856 -1.29 0.00750000000000006 -0.6175 0.5524 -0.02325 0.2253
-0.48 -0.55 0.47 -2.12 -1.06 -0.89 -2.13 -0.0299999999999998 0.25 2.14 2.1 -0.83 2.03 2.02 1.92 1.91100952059325 1.64800516418191 3.39468380007555 -0.79 0.7575 0.8825 -0.5026 -0.43575 -0.4947
0.52 0.45 -0.53 -2.12 -1.06 -0.89 1.87 -1.03 -1.75 2.14 2.1 0.17 1.03 2.02 1.92 1.61217124232761 2.0650133870386 2.34119744240783 0.46 0.5075 0.1325 -0.3751 0.20925 -0.00220000000000006
-0.48 -0.55 -0.53 -2.12 -2.06 -1.89 -0.13 1.97 1.25 -1.86 0.1 -0.83 -1.97 -1.98 -0.0800000000000001 0.365616905204457 0.00493507084210099 0.761156022100928 -0.79 -0.4925 -1.1175 0.2874 0.25175 0.4653
0.52 0.45 0.47 1.88 -1.06 1.11 1.87 1.97 -0.75 0.14 -0.9 2.17 2.03 2.02 1.92 -0.126660162785779 1.98959952415401 2.09795912887327 1.96 0.5075 0.6325 0.7899 0.20925 0.2578
0.52 -0.55 0.47 1.88 1.94 2.11 1.87 1.97 -1.75 2.14 2.1 2.17 2.03 2.02 1.92 0.344016820918629 0.496926702622313 0.638509304752281 1.96 2.0075 1.1325 0.7899 -1.12325 0.5178
-0.48 -0.55 -0.53 0.88 1.94 -1.89 -2.13 1.97 0.25 0.14 -1.9 -0.83 -1.97 0.02 0.92 -0.183861301552458 -0.592289233747096 -0.470374963699573 -0.29 0.5075 -0.8675 0.0224 -0.29825 0.3453
0.52 -0.55 -0.53 0.88 -1.06 1.11 -2.13 1.97 0.25 -1.86 0.1 0.17 1.03 -0.98 0.92 1.05163000210077 1.85340315655412 1.73641765228269 -0.04 0.00750000000000006 0.1325 -0.1101 -0.02325 -0.00220000000000004
0.52 0.45 -0.53 -0.12 -1.06 2.11 1.87 -0.0299999999999998 0.25 -0.86 -1.9 -1.83 -1.97 1.02 -0.0800000000000001 0.234173886919996 0.00553273296774445 0.104815922026082 -0.04 -0.4925 -0.1175 -0.1101 -0.24075 -0.1322
-0.48 0.45 0.47 1.88 -2.06 -1.89 0.87 1.97 -1.75 0.14 -0.9 -1.83 2.03 2.02 -0.0800000000000001 0.748187420263774 0.0796600850033337 1.41902117393051 0.21 0.2575 -0.3675 -0.0326 0.09675 0.1053
-0.48 0.45 -0.53 0.88 -2.06 -1.89 -2.13 -1.03 2.25 2.14 -1.9 -1.83 2.03 0.02 -1.08 -0.626773118159031 -1.57324655436281 -1.43555113478389 -1.04 -1.2425 1.1325 0.4199 -0.57825 -0.6147
0.52 -0.55 0.47 1.88 -1.06 1.11 -2.13 -0.0299999999999998 2.25 2.14 -0.9 2.17 1.03 2.02 -1.08 0.773279627645052 1.7765675957374 1.41061811045228 0.21 0.00750000000000006 1.6325 -0.0326 -0.02325 0.7778
-0.48 0.45 0.47 -2.12 -2.06 -0.89 -2.13 -2.03 -1.75 -1.86 2.1 -1.83 0.03 -1.98 -0.0800000000000001 0.574524027401592 1.05846745788138 1.88901199210508 -1.54 -0.9925 -1.1175 -0.8551 -0.46575 0.4653
-0.48 0.45 -0.53 -0.12 1.94 -1.89 1.87 0.97 1.25 -1.86 2.1 2.17 1.03 -0.98 -2.08 0.412043545616533 0.982801985566019 1.65263488251934 0.46 1.0075 -0.3675 -0.3751 0.43425 0.1053
