-0.532 -0.552 -0.556 2.052 -1.904 -0.028 2.088 2.08 2.104 -0.0880000000000001 -0.94 -2.076 -0.0640000000000001 -1.02 -0.00800000000000001 0.445734533610337 1.75637815609566 1.17004185176163 0.514 -0.446 0.481 -0.342568 0.186384 -0.316784
0.468 0.448 0.444 -1.948 0.0960000000000001 -2.028 -1.912 -1.92 2.104 1.912 2.06 -1.076 -0.0640000000000001 -0.02 1.992 -0.139962592320122 0.838744067140937 1.55654703680595 -0.736 0.054 0.481 -0.383568 -0.035616 0.164216
-0.532 -0.552 -0.556 2.052 -0.904 1.972 0.0880000000000001 1.08 -0.896 -1.088 -1.94 -2.076 -1.064 -1.02 -1.008 1.83818260249884 1.38824551506846 -1.11692485854574 -0.236 -0.696 -0.269 0.074432 0.324384 0.082216
0.468 0.448 0.444 1.052 -1.904 -0.028 -1.912 2.08 2.104 -2.088 -0.94 -2.076 -0.0640000000000001 -2.02 -2.008 0.352855011788231 1.20070499137507 0.113683732507592 -1.236 -0.696 -0.019 -0.605568 -0.371616 -0.069784
0.468 0.448 0.444 2.052 2.096 -0.028 0.0880000000000001 -1.92 -0.896 -1.088 -1.94 -1.076 -2.064 -2.02 -1.008 1.36597909797487 3.19939929750125 1.75525619073401 0.014 -0.946 -1.019 -0.050568 -0.483616 -0.537784
0.468 0.448 0.444 -1.948 2.096 -2.028 -1.912 -1.92 -1.896 -0.0880000000000001 -1.94 -2.076 -2.064 -2.02 -2.008 0.828643294652741 1.61896373069527 1.55619473113612 -1.986 -0.946 -1.519 -0.938568 -0.483616 -0.771784
0.468 0.448 0.444 -1.948 -0.904 1.972 2.088 -1.92 -1.896 -2.088 -1.94 -2.076 -2.064 -2.02 -2.008 1.94149329215178 -0.124301806066265 0.75201072442891 -0.986 -1.696 -1.019 -0.494568 -0.819616 -0.537784
-0.532 0.448 0.444 2.052 1.096 -0.028 -1.912 2.08 -0.896 1.912 0.0600000000000001 -2.076 0.936 0.98 -2.008 -0.542519492637338 2.01221603671755 0.69967827858197 -0.986 1.054 0.481 -0.494568 0.412384 -0.316784
-0.532 0.448 0.444 1.052 -1.904 -1.028 -1.912 0.0800000000000001 -1.896 -2.088 0.0600000000000001 1.924 -2.064 -0.02 -0.00800000000000001 2.56434059781138 1.51583556982515 0.644233479371201 0.264 -0.446 -1.769 0.060432 -0.259616 0.880216
-0.532 -0.552 -0.556 -1.948 -1.904 1.972 -1.912 -0.92 2.104 -2.088 1.06 -1.076 -0.0640000000000001 -0.02 -2.008 0.114963860423816 -1.41068766989548 -0.281021601978047 -1.736 -0.446 0.481 0.908432 0.186384 -0.316784
-0.532 0.448 -0.556 2.052 -1.904 -2.028 2.088 0.0800000000000001 1.104 1.912 2.06 -0.0760000000000001 1.936 -2.02 -0.00800000000000001 -1.03251832553977 0.252725576634382 -0.0514968071211968 1.014 -0.446 0.731 -0.620568 -0.259616 -0.449784
-0.532 0.448 0.444 -0.948 0.0960000000000001 1.972 -1.912 0.0800000000000001 -0.896 0.912 0.0600000000000001 1.924 1.936 -1.02 -1.008 -0.147135845798826 -0.234934846341047 -0.140700551000752 -0.486 -0.196 0.981 -0.272568 -0.147616 -0.582784
-0.532 0.448 -0.556 -0.948 1.096 -0.028 0.0880000000000001 -1.92 -1.896 -0.0880000000000001 -0.94 -1.076 -1.064 -0.02 -0.00800000000000001 2.5010133649453 1.08437353012406 1.99274646380934 -0.486 -0.446 -0.769 0.213432 -0.259616 0.348216
0.468 -0.552 0.444 2.052 -1.904 -2.028 2.088 -1.92 2.104 -0.0880000000000001 0.0600000000000001 1.924 1.936 1.98 -0.00800000000000001 -0.706398209999825 0.901147671231711 0.525931957692738 1.514 -0.446 0.481 0.615432 0.186384 0.164216
-0.532 0.448 -0.556 2.052 0.0960000000000001 0.972 -0.912 -1.92 -1.896 -2.088 -1.94 -1.076 1.936 -0.02 -1.008 0.558746849534038 -0.826542764338414 -0.449518207070774 -0.236 -0.946 -0.269 0.074432 -0.483616 0.082216
0.468 -0.552 -0.556 2.052 -1.904 -1.028 -1.912 0.0800000000000001 1.104 -2.088 -0.94 -1.076 -0.0640000000000001 -1.02 -2.008 1.52618070399336 2.14961876760824 0.641694016431234 -0.736 -0.946 -0.519 0.352432 0.462384 -0.303784
-0.532 -0.552 -0.556 -0.948 1.096 -2.028 2.088 1.08 -0.896 -1.088 0.0600000000000001 1.924 -1.064 0.98 -0.00800000000000001 1.35035671057992 0.164306944432185 -0.701747573023084 0.764 0.804 -1.269 -0.481568 -0.503616 0.614216
0.468 0.448 -0.556 -0.948 2.096 1.972 1.088 1.08 2.104 -1.088 1.06 -1.076 1.936 -0.02 -2.008 -0.400345837611482 -0.154593277069174 0.0358853601087859 -0.736 1.054 1.231 0.352432 0.412384 0.515216
0.468 0.448 -0.556 1.052 -1.904 0.972 -0.912 -0.92 2.104 1.912 1.06 1.924 0.936 1.98 0.992 1.558575603872 0.871187707858893 0.659363109160915 0.764 0.054 1.481 -0.481568 -0.035616 0.632216
0.468 0.448 0.444 -0.948 -1.904 -1.028 1.088 -1.92 0.104 1.912 1.06 1.924 -0.0640000000000001 -0.02 1.992 0.403859131628834 -0.493146368790551 -0.082949296013498 1.014 -0.696 0.231 0.393432 -0.371616 0.047216
0.468 0.448 0.444 2.052 1.096 -2.028 2.088 2.08 2.104 -2.088 -0.94 0.924 -0.0640000000000001 -0.02 -0.00800000000000001 -1.18333162842885 1.00414116139795 1.80909045692066 1.264 0.554 -0.519 0.504432 0.188384 -0.303784
-0.532 -0.552 0.444 -1.948 2.096 -1.028 0.0880000000000001 0.0800000000000001 1.104 -0.0880000000000001 -1.94 -2.076 -2.064 -2.02 0.992 1.08122626869188 -0.547398780643345 -1.33303824074861 -0.736 -0.446 -0.519 -0.383568 0.186384 0.215216
0.468 0.448 0.444 0.052 0.0960000000000001 -0.028 -0.912 2.08 1.104 1.912 -0.94 -1.076 1.936 0.98 1.992 0.389468858111072 -0.466341611376082 0.51292320174973 0.014 0.554 1.231 -0.050568 0.188384 0.515216
-0.532 -0.552 -0.556 -1.948 -0.904 1.972 1.088 -1.92 -1.896 1.912 -0.94 -0.0760000000000001 -2.064 0.98 1.992 0.462797613423126 1.05023910138072 1.30262187931671 0.264 -0.696 -0.019 -0.203568 0.324384 -0.050784
-0.532 -0.552 -0.556 -1.948 -1.904 -2.028 0.0880000000000001 -1.92 -1.896 -1.088 0.0600000000000001 -1.076 -2.064 -0.02 -1.008 -0.133467233818174 -0.207772576792297 1.29521300765408 -0.986 -0.946 -1.769 0.491432 0.462384 0.880216
0.468 0.448 0.444 1.052 2.096 1.972 1.088 -1.92 0.104 1.912 1.06 1.924 1.936 1.98 1.992 0.964097535384711 0.7876536755091 2.65321312396055 1.514 0.804 1.481 0.615432 0.300384 0.632216
-0.532 -0.552 -0.556 -1.948 1.096 -2.028 -1.912 2.08 1.104 0.912 -0.94 -0.0760000000000001 -2.064 -0.02 -1.008 -0.172916000889832 -0.861677524691367 0.877286402849631 -1.236 0.554 -0.519 0.630432 -0.365616 0.215216
0.468 0.448 0.444 2.052 2.096 -2.028 -1.912 -1.92 2.104 1.912 1.06 1.924 1.936 0.98 1.992 -1.9822963213348 -0.325693710838021 -0.681645888520086 1.014 0.554 0.981 0.393432 0.188384 0.398216
-0.532 0.448 0.444 2.052 1.096 -0.028 2.088 2.08 -1.896 -0.0880000000000001 2.06 1.924 -0.0640000000000001 -1.02 -1.008 1.34797052105369 -0.184427842604295 3.6114016175201 1.264 1.054 -0.519 0.504432 0.412384 0.215216
-0.532 -0.552 -0.556 -1.948 1.096 1.972 2.088 1.08 1.104 -1.088 1.06 0.924 -1.064 1.98 -0.00800000000000001 -0.486157509272231 -0.718128318386466 1.34298565372258 0.264 1.304 0.231 -0.203568 -0.779616 -0.183784
-0.532 -0.552 -0.556 -0.948 -0.904 -1.028 -1.912 -1.92 -1.896 -1.088 -0.94 -2.076 1.936 -1.02 -2.008 -0.153526686431401 0.976756396795478 -1.19699628310684 -1.736 -1.196 -0.519 0.908432 0.600384 0.215216
0.468 0.448 -0.556 -1.948 -1.904 -2.028 -1.912 0.0800000000000001 0.104 1.912 1.06 -1.076 1.936 -1.02 -1.008 -0.244925686163195 0.448360897469729 -0.366600327275468 -1.486 -0.446 0.481 0.769432 -0.259616 0.164216
0.468 0.448 0.444 -1.948 -0.904 -0.028 0.0880000000000001 -1.92 2.104 0.912 2.06 1.924 1.936 1.98 0.992 0.797201022029083 1.63314056609075 2.96497796444794 0.264 0.304 1.231 0.060432 0.076384 0.515216
0.468 0.448 0.444 2.052 -1.904 -1.028 0.0880000000000001 2.08 0.104 1.912 1.06 -1.076 1.936 -2.02 1.992 1.4653972712726 1.39835997285426 2.60005120148349 0.764 -0.196 0.731 0.282432 -0.147616 0.281216
-0.532 -0.552 -0.556 1.052 0.0960000000000001 1.972 -0.912 -1.92 1.104 0.912 1.06 1.924 -1.064 -0.02 0.992 0.868465916852086 0.429153492562611 0.554546363662495 0.764 -0.196 0.731 -0.481568 0.048384 -0.449784
0.468 0.448 -0.556 2.052 -1.904 -2.028 1.088 1.08 -0.896 -0.0880000000000001 0.0600000000000001 -2.076 -2.064 -0.02 -0.00800000000000001 0.306635324051109 0.365760113641618 1.98368048960413 0.264 -0.196 -1.269 -0.203568 -0.147616 -0.654784
-0.532 -0.552 -0.556 2.052 -1.904 -2.028 0.0880000000000001 0.0800000000000001 0.104 -1.088 2.06 -1.076 -2.064 -2.02 -0.00800000000000001 1.90333345245568 1.47040640831936 2.3351014202445 0.264 -0.446 -1.269 -0.203568 0.186384 0.614216
0.468 0.448 0.444 -1.948 2.096 -0.028 0.0880000000000001 0.0800000000000001 -0.896 -0.0880000000000001 1.06 -2.076 0.936 1.98 0.992 -0.895648491037547 1.19983754256322 1.61169713961303 -0.736 1.304 -0.019 -0.383568 0.524384 -0.069784
-0.532 0.448 0.444 2.052 -0.904 0.972 2.088 -1.92 -1.896 1.912 1.06 1.924 -1.064 1.98 1.992 1.08407114120158 2.96041397680019 1.32767651274188 2.014 0.054 -0.019 0.837432 -0.035616 -0.050784
-0.532 -0.552 -0.556 2.052 -1.904 1.972 -1.912 -1.92 1.104 -1.088 -1.94 0.924 0.936 -1.02 -1.008 1.54636758765727 1.10330644308154 2.96897194137738 0.014 -1.696 0.731 -0.064568 0.876384 -0.449784
0.468 -0.552 0.444 0.052 2.096 -1.028 -0.912 1.08 1.104 1.912 2.06 1.924 -1.064 0.98 -1.008 -1.04514282792967 0.0994602211696344 -0.329120402974136 0.014 1.554 0.231 -0.050568 -0.917616 0.047216
-0.532 0.448 -0.556 -1.948 2.096 -2.028 0.0880000000000001 -1.92 -1.896 -0.0880000000000001 1.06 -2.076 -1.064 -0.02 -1.008 -0.91185459661937 1.78115037585362 0.196241523590338 -1.236 0.304 -1.269 0.630432 0.076384 0.614216
0.468 0.448 0.444 2.052 -1.904 -2.028 2.088 0.0800000000000001 1.104 1.912 1.06 -1.076 -0.0640000000000001 -1.02 1.992 -0.552752634495904 0.378391431130846 -0.0672669142488658 1.264 -0.446 0.231 0.504432 -0.259616 0.047216
-0.532 -0.552 0.444 2.052 2.096 0.972 -1.912 0.0800000000000001 1.104 0.912 2.06 -0.0760000000000001 -0.0640000000000001 -2.02 -1.008 0.856031604493603 0.507580157731906 1.26025054013957 -0.236 0.554 0.731 -0.161568 -0.365616 -0.449784
-0.532 0.448 -0.556 2.052 -0.904 -2.028 -1.912 -1.92 -1.896 -0.0880000000000001 2.06 1.924 1.936 -0.02 -1.008 0.590159315927222 2.25435650808579 2.10049952371318 0.264 -0.196 -0.519 -0.203568 -0.147616 0.215216
0.468 0.448 0.444 0.052 -0.904 1.972 0.0880000000000001 1.08 0.104 -2.088 0.0600000000000001 -1.076 -1.064 -0.02 -0.00800000000000001 1.20761019865055 1.72947892947049 1.45208675706152 -0.236 0.054 -0.269 -0.161568 -0.035616 -0.186784
0.468 0.448 -0.556 -1.948 -0.904 1.972 -1.912 0.0800000000000001 -0.896 0.912 0.0600000000000001 -2.076 1.936 -0.02 -0.00800000000000001 1.55056211727049 1.32407577208895 2.66947589724896 -1.486 -0.196 0.981 0.769432 -0.147616 0.398216
-0.532 0.448 0.444 0.052 -0.904 1.972 2.088 1.08 -1.896 1.912 1.06 -2.076 1.936 0.98 -2.008 0.553241189930877 -0.343327971092606 1.49144069181044 -0.486 0.554 0.981 -0.272568 0.188384 -0.582784
0.468 -0.552 -0.556 -1.948 2.096 1.972 -1.912 1.08 -0.896 1.912 2.06 -2.076 0.936 -1.02 -2.008 2.1974278172009 1.12977017837519 2.52996842581784 -1.986 1.054 0.981 1.047432 -0.641616 0.398216
-0.532 0.448 -0.556 1.052 -1.904 0.972 2.088 -1.92 0.104 -2.088 1.06 1.924 -2.064 -1.02 -0.00800000000000001 -0.386117435482023 -0.0490815238683112 1.21796314559217 1.264 -0.946 -0.769 -0.759568 -0.483616 0.348216
0.468 0.448 -0.556 -1.948 2.096 0.972 -1.912 -1.92 -0.896 1.912 1.06 -2.076 -2.064 -0.02 0.992 1.42478803824003 2.55833865724611 1.48111603396395 -1.236 0.304 -0.019 0.630432 0.076384 -0.069784
0.468 -0.552 0.444 1.052 -0.904 -2.028 -1.912 0.0800000000000001 -0.896 -2.088 -0.94 -1.076 -1.064 -2.02 0.992 0.741131320532539 1.25561293988771 1.29582299868869 -0.236 -0.946 -1.519 -0.161568 0.462384 -0.771784
0.468 0.448 0.444 0.052 2.096 -1.028 0.0880000000000001 1.08 1.104 1.912 0.0600000000000001 0.924 1.936 0.98 -1.008 1.58403661356404 1.96570269082874 2.40331234800454 0.014 1.054 0.981 -0.050568 0.412384 0.398216
0.468 0.448 0.444 2.052 2.096 -2.028 0.0880000000000001 -0.92 -0.896 0.912 0.0600000000000001 1.924 -1.064 -1.02 -0.00800000000000001 0.810156945497403 0.693740774572222 0.32455776973969 1.014 0.054 -0.769 0.393432 -0.035616 -0.420784
0.468 -0.552 0.444 1.052 0.0960000000000001 -2.028 -1.912 2.08 -1.896 -2.088 -1.94 -2.076 -0.0640000000000001 -2.02 0.992 0.434488583716915 -0.728105876704014 -0.764684891266467 -0.486 -0.446 -1.519 -0.272568 0.186384 -0.771784
-0.532 -0.552 -0.556 1.052 -1.904 1.972 2.088 0.0800000000000001 2.104 0.912 1.06 0.924 0.936 1.98 -0.00800000000000001 0.0405448750545546 1.05690984267511 -0.222535759619244 1.014 0.304 1.481 -0.620568 -0.227616 -0.848784
0.468 -0.552 -0.556 -0.948 2.096 -0.028 2.088 2.08 2.104 0.912 2.06 1.924 -1.064 1.98 1.992 2.60496662625362 2.00140843267049 2.5251674517175 1.264 2.054 0.481 -0.759568 -1.193616 0.164216
-0.532 0.448 -0.556 -0.948 -0.904 -0.028 2.088 0.0800000000000001 -1.896 -2.088 0.0600000000000001 -2.076 -2.064 -2.02 -2.008 -0.321308154072171 -1.07132452884164 0.253238601982708 -0.736 -0.696 -1.519 0.352432 -0.371616 0.747216
0.468 -0.552 0.444 -0.948 -1.904 -0.028 0.0880000000000001 -1.92 1.104 1.912 -1.94 1.924 1.936 0.98 -0.00800000000000001 -0.493786916523153 0.808993598663608 1.91721841105348 0.264 -1.196 1.231 0.060432 0.600384 0.515216
0.468 -0.552 -0.556 2.052 0.0960000000000001 1.972 2.088 2.08 2.104 0.912 0.0600000000000001 1.924 1.936 1.98 1.992 0.590267925298023 1.56968560840163 2.16066014758786 2.014 1.054 1.731 -1.176568 -0.641616 0.749216
0.468 0.448 0.444 1.052 -0.904 0.972 2.088 2.08 1.104 1.912 1.06 0.924 0.936 -0.02 -0.00800000000000001 -0.133104746775903 -0.714263338481591 -0.0612694048906752 1.014 0.554 1.231 0.393432 0.188384 0.515216
-0.532 -0.552 -0.556 2.052 -0.904 1.972 -1.912 -1.92 0.104 -2.088 -1.94 -2.076 -2.064 -0.02 -2.008 -1.31328276407668 -0.452412388202497 -1.35635591557872 -0.986 -1.196 -0.519 0.491432 0.600384 0.215216
0.468 0.448 0.444 -0.948 -0.904 1.972 -1.912 -0.92 2.104 -2.088 -1.94 -0.0760000000000001 -0.0640000000000001 -2.02 -0.00800000000000001 -0.997267177048474 0.884783050941588 1.12537408365388 -0.736 -1.446 0.481 -0.383568 -0.707616 0.164216
-0.532 0.448 -0.556 -1.948 2.096 1.972 -1.912 0.0800000000000001 -0.896 0.912 2.06 1.924 0.936 1.98 1.992 1.26749156029668 0.179755635484581 1.42947830956624 0.014 1.554 0.731 -0.064568 0.636384 -0.449784
-0.532 0.448 0.444 0.052 -1.904 -2.028 -1.912 1.08 1.104 -2.088 -1.94 -0.0760000000000001 0.936 0.98 -1.008 0.912237177322498 -0.112216219887093 0.513624067038525 -0.736 -0.446 -0.519 -0.383568 -0.259616 0.215216
-0.532 0.448 -0.556 -0.948 2.096 1.972 -1.912 2.08 -1.896 1.912 -0.94 -2.076 0.936 -1.02 -0.00800000000000001 -0.0459760815196 -1.64674401076758 -0.0871693097224561 -1.236 0.554 0.731 0.630432 0.188384 -0.449784
-0.532 0.448 0.444 1.052 -1.904 -1.028 1.088 0.0800000000000001 1.104 1.912 1.06 -2.076 -1.064 0.98 -0.00800000000000001 2.22743786217491 0.823690025842413 1.43182485852007 0.014 0.054 0.231 -0.050568 -0.035616 -0.183784
0.468 0.448 0.444 0.052 0.0960000000000001 1.972 -1.912 -1.92 -1.896 1.912 -1.94 -0.0760000000000001 -1.064 -1.02 -0.00800000000000001 -0.451049307066638 2.4996105495273 1.32047362129314 -0.486 -1.196 0.231 -0.272568 -0.595616 0.047216
-0.532 -0.552 0.444 -1.948 -1.904 -2.028 -0.912 2.08 2.104 0.912 0.0600000000000001 -0.0760000000000001 1.936 -0.02 0.992 -0.541551204999899 0.666883367166229 -1.09816615552462 -0.486 0.054 0.731 -0.272568 -0.089616 -0.449784
0.468 -0.552 -0.556 0.052 -1.904 1.972 1.088 0.0800000000000001 -0.896 -1.088 1.06 1.924 -1.064 -1.02 -2.008 0.167203159866116 0.180641943707155 -1.07327423886035 0.264 -0.446 -0.269 -0.203568 0.186384 -0.186784
-0.532 0.448 -0.556 -1.948 1.096 -2.028 -1.912 -1.92 -0.896 1.912 -1.94 1.924 -2.064 -1.02 -0.00800000000000001 1.46643774185075 -0.897023232587337 -0.337903103016295 -0.486 -0.946 -0.769 0.213432 -0.483616 0.348216
0.468 -0.552 0.444 -1.948 2.096 -2.028 1.088 1.08 -1.896 -2.088 -1.94 -1.076 0.936 1.98 1.992 1.51362500067332 2.52908461131023 1.9527441913298 0.014 0.804 -1.269 -0.050568 -0.503616 -0.654784
-0.532 -0.552 -0.556 2.052 1.096 1.972 2.088 0.0800000000000001 2.104 1.912 2.06 1.924 0.936 1.98 1.992 1.0597968318908 1.69696792553961 2.43665144248398 2.014 1.304 1.731 -1.176568 -0.779616 -0.981784
-0.532 -0.552 -0.556 -1.948 -1.904 1.972 -1.912 -1.92 0.104 -2.088 -1.94 -2.076 -2.064 -2.02 -1.008 -0.55042845314658 -1.46853676779559 0.97846802082248 -1.736 -1.946 -0.519 0.908432 1.014384 0.215216
-0.532 -0.552 0.444 -1.948 2.096 1.972 0.0880000000000001 0.0800000000000001 -1.896 -2.088 2.06 1.924 -0.0640000000000001 1.98 -0.00800000000000001 0.515065929584178 1.72277287076126 0.607227653476236 0.014 1.554 -0.519 -0.050568 -0.917616 0.215216
0.468 0.448 0.444 2.052 -0.904 -2.028 -1.912 -1.92 1.104 -0.0880000000000001 -1.94 -0.0760000000000001 0.936 0.98 -1.008 1.28455266694155 1.33023602904383 2.03694049877437 -0.236 -0.946 -0.019 -0.161568 -0.483616 -0.069784
-0.532 0.448 0.444 -1.948 -1.904 -0.028 1.088 -1.92 -0.896 1.912 1.06 -2.076 -2.064 1.98 0.992 0.313570999472421 -0.475212414397408 -0.882777379439316 -0.486 -0.196 -0.269 -0.272568 -0.147616 0.082216
0.468 0.448 0.444 -1.948 -1.904 1.972 1.088 0.0800000000000001 0.104 1.912 0.0600000000000001 -1.076 -0.0640000000000001 1.98 -1.008 0.692185327818699 1.48232364865488 1.43757223839219 -0.736 0.054 0.981 -0.383568 -0.035616 0.398216
-0.532 0.448 0.444 2.052 2.096 0.972 -1.912 2.08 2.104 1.912 -0.94 -0.0760000000000001 1.936 0.98 1.992 1.54043354221883 2.56684549897375 0.657580027026564 0.514 1.054 1.731 0.171432 0.412384 -0.981784
0.468 0.448 0.444 -1.948 2.096 1.972 -0.912 2.08 -1.896 1.912 0.0600000000000001 1.924 1.936 0.98 0.992 0.00775975217201852 1.91649080642134 1.65075458546707 0.014 1.304 0.981 -0.050568 0.524384 0.398216
0.468 -0.552 -0.556 1.052 -1.904 1.972 -1.912 -0.92 1.104 -2.088 -1.94 -2.076 -1.064 -2.02 -1.008 -0.131012473388634 0.618897313733688 1.30280867711181 -0.986 -1.696 -0.019 0.491432 0.876384 -0.069784
-0.532 -0.552 -0.556 2.052 2.096 -1.028 -0.912 -1.92 1.104 0.912 1.06 -2.076 -0.0640000000000001 -2.02 -1.008 1.8066683771372 0.407339865164363 1.88104612001963 -0.486 -0.196 0.231 0.213432 0.048384 -0.183784
-0.532 0.448 0.444 0.052 2.096 1.972 -1.912 0.0800000000000001 -0.896 -0.0880000000000001 -1.94 -1.076 0.936 0.98 1.992 -0.487937118270673 1.09789719141379 0.994638563185841 -0.236 0.304 0.481 -0.161568 0.076384 -0.316784
-0.532 0.448 -0.556 -1.948 -1.904 -0.028 1.088 -1.92 0.104 -1.088 -1.94 -1.076 0.936 -1.02 0.992 0.464708286910188 0.193236730734282 1.13183472181988 -0.236 -1.696 -0.019 0.074432 -0.819616 -0.050784
-0.532 -0.552 0.444 2.052 -1.904 1.972 2.088 1.08 -1.896 1.912 2.06 1.924 -1.064 -1.02 -0.00800000000000001 0.490569251028558 0.20717358621205 0.829008345279132 1.514 0.054 0.231 0.615432 -0.089616 -0.183784
0.468 -0.552 -0.556 -0.948 0.0960000000000001 -0.028 1.088 2.08 2.104 -1.088 2.06 0.924 -0.0640000000000001 1.98 -0.00800000000000001 0.697602308590275 1.14307115080227 0.919548206586013 0.264 1.554 0.231 -0.203568 -0.917616 0.047216
-0.532 -0.552 0.444 2.052 2.096 -1.028 2.088 0.0800000000000001 -1.896 -0.0880000000000001 2.06 -0.0760000000000001 -0.0640000000000001 -0.02 -1.008 -0.677373829828841 1.49719580588997 1.77302312927129 0.764 1.054 -0.769 0.282432 -0.641616 0.348216
0.468 -0.552 0.444 2.052 -1.904 -0.028 2.088 1.08 -1.896 -2.088 2.06 1.924 1.936 0.98 -0.00800000000000001 -1.23048539113353 0.36149689417453 -0.80016993997488 1.514 0.554 -0.519 0.615432 -0.365616 -0.303784
0.468 -0.552 -0.556 -0.948 2.096 1.972 2.088 1.08 1.104 0.912 2.06 0.924 1.936 -1.02 -0.00800000000000001 0.786385548827161 -0.00847397484703016 1.27174985457299 0.514 1.054 1.481 -0.342568 -0.641616 0.632216
0.468 -0.552 -0.556 -1.948 2.096 -2.028 0.0880000000000001 2.08 0.104 0.912 0.0600000000000001 1.924 1.936 1.98 0.992 -0.0781491145729687 -0.865813574910654 -0.254173223858033 0.264 1.554 0.231 -0.203568 -0.917616 0.047216
0.468 -0.552 -0.556 2.052 -0.904 1.972 2.088 -1.92 -0.896 -2.088 1.06 0.924 0.936 -0.02 0.992 1.07279380497888 0.514313762436998 -0.0756658303995625 1.514 -0.446 -0.019 -0.898568 0.186384 -0.069784
0.468 0.448 0.444 2.052 -1.904 -1.028 1.088 -1.92 -0.896 0.912 -0.94 -1.076 -2.064 1.98 -1.008 1.77181086736251 1.43944029388332 2.88652967827422 0.264 -0.696 -0.769 0.060432 -0.371616 -0.420784
0.468 0.448 0.444 -1.948 -1.904 -1.028 1.088 -1.92 -1.896 -2.088 -1.94 -1.076 -0.0640000000000001 -1.02 -2.008 1.24120136809436 -0.579579616765139 -0.0583658984974874 -0.986 -1.696 -1.269 -0.494568 -0.819616 -0.654784
0.468 0.448 0.444 1.052 -1.904 -2.028 2.088 0.0800000000000001 1.104 -2.088 -1.94 1.924 1.936 -2.02 -1.008 0.553451940197407 0.731117106702499 2.36806679926156 1.014 -1.446 -0.269 0.393432 -0.707616 -0.186784
0.468 0.448 0.444 -0.948 -1.904 1.972 -1.912 -0.92 0.104 1.912 0.0600000000000001 -0.0760000000000001 -1.064 -0.02 -2.008 -0.821274010943502 0.142082871431789 0.445899509453738 -1.236 -0.696 0.731 -0.605568 -0.371616 0.281216
-0.532 -0.552 -0.556 0.052 -1.904 1.972 -0.912 -0.92 -1.896 1.912 -1.94 -0.0760000000000001 -2.064 -1.02 -1.008 0.948003340601933 0.379773430769223 1.15595591915129 -0.486 -1.446 -0.019 0.213432 0.738384 -0.050784
-0.532 -0.552 -0.556 -0.948 2.096 -1.028 -1.912 -0.92 -0.896 -1.088 1.06 -0.0760000000000001 -0.0640000000000001 -2.02 -2.008 -1.30829668191074 -0.482505498670646 -0.428652858383855 -1.236 0.054 -0.769 0.630432 -0.089616 0.348216
0.468 0.448 0.444 1.052 2.096 -0.028 2.088 0.0800000000000001 -1.896 0.912 0.0600000000000001 -2.076 -0.0640000000000001 -1.02 -2.008 -1.00925940192392 0.526724699572248 0.405040613941836 -0.236 0.304 -0.269 -0.161568 0.076384 -0.186784
0.468 0.448 0.444 2.052 -1.904 -0.028 -0.912 2.08 2.104 -2.088 2.06 -0.0760000000000001 -2.064 1.98 1.992 1.06992953541207 0.291405170948249 -0.178559149175849 0.764 1.054 -0.519 0.282432 0.412384 -0.303784
0.468 0.448 0.444 0.052 0.0960000000000001 1.972 0.0880000000000001 2.08 2.104 -0.0880000000000001 2.06 1.924 -0.0640000000000001 1.98 -0.00800000000000001 2.03223881771531 2.94575834988725 3.14031890940062 0.514 1.554 0.981 0.171432 0.636384 0.398216
0.468 -0.552 0.444 1.052 -0.904 -1.028 0.0880000000000001 -0.92 1.104 1.912 1.06 -1.076 1.936 -0.02 0.992 1.28943085484746 2.45391373895257 3.16983322442843 0.264 -0.196 0.981 0.060432 0.048384 0.398216
-0.532 0.448 0.444 -0.948 -1.904 -0.028 -1.912 2.08 -1.896 -0.0880000000000001 1.06 -1.076 0.936 -0.02 -0.00800000000000001 0.738562541250223 -1.41896378802195 0.631327116793377 -0.986 0.304 -0.269 -0.494568 0.076384 0.082216
0.468 0.448 0.444 -1.948 -1.904 -0.028 -1.912 -0.92 0.104 1.912 -1.94 -0.0760000000000001 -1.064 -0.02 -0.00800000000000001 1.30750843143967 0.48255485569326 0.838604051903233 -0.986 -1.196 0.231 -0.494568 -0.595616 0.047216
-0.532 0.448 -0.556 1.052 2.096 1.972 1.088 0.0800000000000001 -0.896 0.912 -0.94 -2.076 1.936 -1.02 -2.008 0.716964389529767 -0.161332013370473 0.333126994447113 -0.486 0.054 0.981 0.213432 -0.035616 -0.582784
0.468 0.448 0.444 -0.948 2.096 -2.028 2.088 -1.92 0.104 1.912 0.0600000000000001 1.924 -1.064 -2.02 -0.00800000000000001 1.18634115075315 1.58075367765862 1.10622438458905 0.764 -0.446 -0.269 0.282432 -0.259616 -0.186784
0.468 -0.552 -0.556 -0.948 2.096 0.972 2.088 0.0800000000000001 -1.896 1.912 -1.94 1.924 -0.0640000000000001 -2.02 1.992 0.942953846901147 1.03567341621422 1.4567195352297 1.264 -0.446 0.231 -0.759568 0.186384 0.047216
0.468 -0.552 -0.556 -1.948 1.096 -2.028 -1.912 -1.92 -1.896 -0.0880000000000001 1.06 -2.076 -2.064 -1.02 -0.00800000000000001 2.40250490011329 1.66038057340698 2.09210883883279 -1.486 -0.196 -1.519 0.769432 0.048384 -0.771784
0.468 -0.552 0.444 0.052 -0.904 -1.028 1.088 0.0800000000000001 -1.896 -1.088 0.0600000000000001 1.924 1.936 0.98 -2.008 2.31705612137788 1.64843467621247 0.547915851647326 0.264 0.054 -0.519 0.060432 -0.089616 -0.303784
-0.532 -0.552 0.444 2.052 0.0960000000000001 -2.028 0.0880000000000001 -1.92 -1.896 -1.088 1.06 -2.076 -2.064 -2.02 -0.00800000000000001 0.143941824613426 2.77723803583123 0.616055132945502 0.014 -0.696 -1.769 -0.050568 0.324384 0.880216
-0.532 0.448 0.444 -1.948 0.0960000000000001 0.972 2.088 -1.92 0.104 1.912 1.06 0.924 -1.064 0.98 -2.008 0.110438316998162 0.428772069157538 0.879386499151515 -0.236 0.054 0.481 -0.161568 -0.035616 -0.316784
-0.532 0.448 0.444 0.052 -1.904 1.972 2.088 2.08 -0.896 1.912 2.06 0.924 1.936 0.98 -0.00800000000000001 2.01949968127411 0.638408837260625 0.66765783734444 0.764 0.804 1.231 0.282432 0.300384 -0.715784
0.468 0.448 0.444 0.052 -1.904 -2.028 -1.912 2.08 2.104 0.912 -1.94 -0.0760000000000001 -2.064 -0.02 -0.00800000000000001 -0.423162714664646 0.864491813557367 0.126637683424084 -0.486 -0.446 -0.269 -0.272568 -0.259616 -0.186784
0.468 0.448 -0.556 -1.948 2.096 -2.028 -1.912 2.08 2.104 -1.088 -1.94 -0.0760000000000001 -1.064 -0.02 -1.008 0.018505549462474 0.778772810177659 0.935055307724902 -1.236 0.554 -0.519 0.630432 0.188384 -0.303784
0.468 -0.552 -0.556 0.052 -0.904 -1.028 -1.912 -1.92 -0.896 -2.088 -1.94 -0.0760000000000001 -2.064 -1.02 -2.008 0.504713939169507 2.92189798790851 2.42666728799032 -0.986 -1.446 -1.519 0.491432 0.738384 -0.771784
0.468 0.448 0.444 -0.948 2.096 -0.028 -1.912 -1.92 -0.896 -1.088 1.06 -0.0760000000000001 -0.0640000000000001 -0.02 0.992 0.922110708551926 0.65307111561403 0.990045588733033 -0.486 0.304 -0.519 -0.272568 0.076384 -0.303784
0.468 0.448 0.444 -0.948 0.0960000000000001 1.972 0.0880000000000001 0.0800000000000001 2.104 0.912 -0.94 0.924 -2.064 1.98 1.992 1.8396790797172 0.315053055656165 0.722867711947381 0.514 0.304 0.731 0.171432 0.076384 0.281216
0.468 -0.552 -0.556 2.052 -0.904 0.972 2.088 2.08 0.104 0.912 0.0600000000000001 -2.076 0.936 1.98 -1.008 0.523467385406446 0.801543849065029 0.102070880433289 0.264 0.804 0.731 -0.203568 -0.503616 0.281216
-0.532 -0.552 -0.556 2.052 -0.904 0.972 2.088 0.0800000000000001 0.104 -2.088 -1.94 -2.076 1.936 -2.02 -1.008 0.561176425373864 -0.395384690997125 0.0388201625222229 0.264 -1.196 0.231 -0.203568 0.600384 -0.183784
-0.532 -0.552 -0.556 1.052 2.096 1.972 0.0880000000000001 -1.92 0.104 -1.088 0.0600000000000001 -2.076 -0.0640000000000001 -2.02 -2.008 0.947505265161969 0.743735928972974 0.410809361667548 -0.736 -0.446 0.231 0.352432 0.186384 -0.183784
-0.532 -0.552 -0.556 -1.948 0.0960000000000001 -0.028 1.088 -1.92 -1.896 -1.088 2.06 0.924 -2.064 -2.02 -0.00800000000000001 0.0841615016404537 0.895813268588985 -0.743412906034431 0.014 -0.446 -1.269 -0.064568 0.186384 0.614216
0.468 0.448 0.444 0.052 -0.904 -2.028 2.088 2.08 2.104 1.912 1.06 1.924 1.936 1.98 -0.00800000000000001 1.24314879898848 1.09113423928336 2.06902464501406 1.014 1.054 0.981 0.393432 0.412384 0.398216
0.468 0.448 0.444 -0.948 0.0960000000000001 1.972 -1.912 0.0800000000000001 2.104 0.912 2.06 1.924 0.936 1.98 1.992 0.424709666852984 2.23020910613615 0.696483857802025 0.264 1.054 1.481 0.060432 0.412384 0.632216
-0.532 0.448 0.444 2.052 -1.904 -1.028 -1.912 0.0800000000000001 -1.896 -0.0880000000000001 -1.94 1.924 -2.064 -1.02 -0.00800000000000001 -0.214242886132548 1.4207586092692 0.975107167881302 0.514 -1.196 -1.269 0.171432 -0.595616 0.614216
0.468 -0.552 0.444 1.052 -1.904 -0.028 0.0880000000000001 2.08 0.104 1.912 0.0600000000000001 -0.0760000000000001 0.936 -0.02 -0.00800000000000001 0.0733433329974715 0.790102898878384 0.701597245502945 0.264 0.054 0.731 0.060432 -0.089616 0.281216
0.468 -0.552 -0.556 2.052 2.096 1.972 2.088 -0.92 0.104 -0.0880000000000001 2.06 1.924 0.936 -0.02 1.992 -0.00232214426439747 1.28902178931476 3.07379925570052 2.014 0.804 0.731 -1.176568 -0.503616 0.281216
0.468 0.448 0.444 2.052 1.096 1.972 1.088 2.08 2.104 1.912 0.0600000000000001 0.924 0.936 -1.02 -1.008 1.13214049392063 0.326953802317403 1.34679872405282 0.764 0.554 1.731 0.282432 0.188384 0.749216
-0.532 -0.552 0.444 2.052 -0.904 0.972 0.0880000000000001 -1.92 0.104 0.912 0.0600000000000001 -0.0760000000000001 -2.064 0.98 -0.00800000000000001 2.35392962775622 0.653010529021832 2.10710150149969 0.514 -0.446 -0.019 0.171432 0.186384 -0.050784
0.468 0.448 0.444 -1.948 0.0960000000000001 -0.028 2.088 -1.92 0.104 -1.088 1.06 1.924 1.936 1.98 1.992 1.08391417565295 3.28644892838188 4.26877259626982 1.014 0.304 0.231 0.393432 0.076384 0.047216
-0.532 -0.552 -0.556 2.052 0.0960000000000001 0.972 -1.912 2.08 1.104 0.912 0.0600000000000001 -2.076 0.936 0.98 1.992 0.46596109999649 0.60961676490832 0.491799420533465 0.014 0.804 0.981 -0.064568 -0.503616 -0.582784
-0.532 -0.552 -0.556 -0.948 0.0960000000000001 -0.028 -1.912 -1.92 -1.896 1.912 -0.94 1.924 1.936 1.98 1.992 -0.0939198626283309 1.22579541080173 1.92825747737466 0.264 -0.196 0.481 -0.203568 0.048384 -0.316784
-0.532 -0.552 -0.556 -1.948 -0.904 1.972 -0.912 -0.92 -0.896 -0.0880000000000001 -1.94 -0.0760000000000001 0.936 0.98 1.992 1.34250185783759 1.66036798695685 0.580725912518642 -0.236 -0.696 0.481 0.074432 0.324384 -0.316784
0.468 0.448 0.444 -1.948 -1.904 -0.028 2.088 2.08 -0.896 0.912 -1.94 -0.0760000000000001 -2.064 -2.02 -2.008 0.747017887759826 0.539832366485255 0.830257816658683 -0.486 -0.946 -0.519 -0.272568 -0.483616 -0.303784
-0.532 0.448 0.444 -1.948 0.0960000000000001 -2.028 -1.912 1.08 -1.896 -1.088 1.06 -0.0760000000000001 -0.0640000000000001 -2.02 -2.008 1.83900099077229 0.935562684226414 0.752388416427547 -1.486 0.054 -1.269 -0.716568 -0.035616 0.614216
-0.532 0.448 -0.556 2.052 2.096 1.972 -0.912 -1.92 -1.896 1.912 -1.94 -0.0760000000000001 -1.064 -0.02 1.992 0.963312142368435 0.285361120933663 1.03781143158166 0.764 -0.446 0.231 -0.481568 -0.259616 -0.183784
-0.532 -0.552 -0.556 -1.948 0.0960000000000001 -2.028 2.088 -0.92 1.104 1.912 -1.94 -0.0760000000000001 1.936 0.98 1.992 0.209893691064978 0.27999022407351 1.76864538979547 0.514 -0.446 0.731 -0.342568 0.186384 -0.449784
0.468 0.448 0.444 2.052 -0.904 -2.028 -1.912 -1.92 -1.896 1.912 2.06 -0.0760000000000001 1.936 -0.02 -0.00800000000000001 1.03983785652015 0.436569462866409 1.93575476736723 0.014 -0.196 -0.019 -0.050568 -0.147616 -0.069784
0.468 -0.552 0.444 2.052 1.096 -2.028 1.088 0.0800000000000001 -1.896 1.912 1.06 -2.076 0.936 -0.02 -2.008 1.03644804122899 1.60785347018462 2.91539406212885 -0.236 0.554 -0.269 -0.161568 -0.365616 -0.186784
0.468 0.448 0.444 -1.948 -1.904 -2.028 -1.912 0.0800000000000001 -1.896 0.912 0.0600000000000001 1.924 -1.064 1.98 -0.00800000000000001 1.83758612970288 3.05436526723127 2.56378533152159 -0.486 0.054 -1.019 -0.272568 -0.035616 -0.537784
-0.532 -0.552 -0.556 -1.948 0.0960000000000001 -1.028 -1.912 2.08 0.104 -2.088 -0.94 0.924 -0.0640000000000001 -2.02 -1.008 0.216134749223211 1.36751911158991 0.987317856840839 -0.986 -0.196 -0.769 0.491432 0.048384 0.348216
0.468 0.448 0.444 0.052 2.096 -1.028 1.088 -0.92 0.104 -2.088 -1.94 0.924 -1.064 -2.02 -2.008 0.280962073491375 0.402992346484256 1.67349253920383 0.014 -0.696 -1.019 -0.050568 -0.371616 -0.537784
-0.532 0.448 0.444 -0.948 2.096 -2.028 0.0880000000000001 2.08 -0.896 -0.0880000000000001 0.0600000000000001 -1.076 -2.064 0.98 0.992 0.820742827612176 -0.386652191663676 0.420273966873868 -0.236 1.304 -1.269 -0.161568 0.524384 0.614216
-0.532 0.448 0.444 2.052 2.096 -1.028 2.088 2.08 0.104 1.912 1.06 1.924 1.936 1.98 1.992 1.50344059635308 1.59586275741769 2.35139032131947 2.014 1.804 0.731 0.837432 0.748384 -0.449784
-0.532 -0.552 -0.556 -1.948 1.096 -2.028 -1.912 0.0800000000000001 -1.896 -2.088 0.0600000000000001 -1.076 -1.064 -0.02 -1.008 0.976488014543816 -2.16308908621855 -0.371822522332902 -1.486 0.304 -1.769 0.769432 -0.227616 0.880216
-0.532 0.448 -0.556 2.052 2.096 1.972 2.088 2.08 -0.896 -1.088 1.06 -0.0760000000000001 -0.0640000000000001 -1.02 -0.00800000000000001 1.15674161389614 0.672500227704571 -0.121734708808855 1.014 1.054 -0.019 -0.620568 0.412384 -0.050784
0.468 0.448 0.444 -1.948 1.096 -2.028 -0.912 1.08 2.104 -0.0880000000000001 2.06 1.924 -0.0640000000000001 -0.02 0.992 1.28065745234041 0.201009085717635 1.14214260707241 0.014 1.054 -0.019 -0.050568 0.412384 -0.069784
0.468 0.448 0.444 0.052 2.096 0.972 -0.912 -1.92 0.104 1.912 -0.94 1.924 1.936 -1.02 -0.00800000000000001 0.838995696378706 3.65089599580602 3.19211542593776 0.264 -0.446 1.231 0.060432 -0.259616 0.515216
-0.532 -0.552 0.444 -1.948 1.096 1.972 -1.912 -1.92 -0.896 0.912 0.0600000000000001 -0.0760000000000001 -0.0640000000000001 1.98 -1.008 0.7285594348891 1.29456819097849 0.667053127173417 -1.236 0.304 0.481 -0.605568 -0.227616 -0.316784
0.468 0.448 0.444 -0.948 1.096 -2.028 -1.912 0.0800000000000001 -0.896 -1.088 -0.94 0.924 0.936 0.98 0.992 1.5662820031452 1.12554071837152 2.29603341715098 -0.236 0.304 -0.769 -0.161568 0.076384 -0.420784
-0.532 0.448 -0.556 1.052 -1.904 -2.028 -0.912 -1.92 2.104 1.912 0.0600000000000001 -2.076 -0.0640000000000001 -2.02 0.992 0.931415064936642 0.361248617168915 -1.60750966901156 -0.236 -1.446 0.481 0.074432 -0.707616 -0.316784
0.468 0.448 0.444 0.052 0.0960000000000001 0.972 -0.912 2.08 0.104 -2.088 -0.94 -2.076 1.936 -2.02 0.992 -0.402125699097263 1.29251529839577 1.88527157595506 -0.486 -0.196 0.231 -0.272568 -0.147616 0.047216
0.468 -0.552 0.444 2.052 2.096 -1.028 2.088 2.08 -0.896 -1.088 -1.94 -0.0760000000000001 -1.064 -1.02 -0.00800000000000001 0.778681914696879 0.250484784443272 1.14911481611426 1.014 0.304 -1.019 0.393432 -0.227616 -0.537784
-0.532 -0.552 -0.556 -0.948 0.0960000000000001 1.972 0.0880000000000001 -1.92 2.104 -1.088 -0.94 0.924 0.936 -1.02 -1.008 0.88083453857367 1.57240667358879 1.72027069803962 -0.236 -0.946 0.981 0.074432 0.462384 -0.582784
-0.532 -0.552 0.444 2.052 -1.904 1.972 -1.912 -0.92 0.104 1.912 2.06 0.924 -0.0640000000000001 -0.02 1.992 3.82548577271599 1.20053910339761 2.34971988539594 0.764 -0.196 0.981 0.282432 0.048384 -0.582784
-0.532 -0.552 -0.556 -1.948 2.096 0.972 1.088 1.08 -1.896 -2.088 -1.94 -2.076 -2.064 0.98 -0.00800000000000001 0.633992549866405 1.3337824171534 1.50955857133982 -0.736 0.554 -1.269 0.352432 -0.365616 0.614216
0.468 0.448 0.444 0.052 1.096 -2.028 1.088 -0.92 -1.896 -2.088 -1.94 -2.076 -2.064 -2.02 -2.008 0.620202898954216 1.73616907857151 1.02072282859039 -0.736 -0.946 -2.019 -0.383568 -0.483616 -1.005784
0.468 0.448 0.444 2.052 1.096 -2.028 -0.912 0.0800000000000001 1.104 0.912 2.06 -0.0760000000000001 1.936 -0.02 1.992 1.4692842447697 1.27783266742627 2.14515176539018 0.764 0.804 0.481 0.282432 0.300384 0.164216
0.468 0.448 0.444 -1.948 2.096 1.972 0.0880000000000001 2.08 1.104 -1.088 2.06 -1.076 -1.064 -0.02 -1.008 1.87938414839557 1.62207843203349 1.23282591689149 -0.986 1.554 0.231 -0.494568 0.636384 0.047216
0.468 0.448 0.444 2.052 1.096 -1.028 2.088 -0.92 0.104 -2.088 2.06 1.924 0.936 1.98 -0.00800000000000001 1.24494563278237 3.98438652805742 2.68235742675605 1.514 1.054 -0.519 0.615432 0.412384 -0.303784
0.468 0.448 0.444 1.052 -1.904 -2.028 -0.912 0.0800000000000001 1.104 1.912 0.0600000000000001 0.924 -1.064 0.98 -2.008 -0.145356117400669 -0.108134267995394 0.481502727838035 -0.236 -0.196 -0.019 -0.161568 -0.147616 -0.069784
-0.532 0.448 -0.556 2.052 1.096 1.972 2.088 2.08 2.104 -2.088 0.0600000000000001 1.924 0.936 1.98 1.992 1.74543874860072 2.07967914733829 2.22085504254391 2.014 1.304 0.731 -1.176568 0.524384 -0.449784
0.468 0.448 -0.556 -0.948 -0.904 1.972 -1.912 2.08 0.104 -2.088 1.06 1.924 -0.0640000000000001 -0.02 -1.008 0.937480365252819 0.0435192817590317 1.6983499366871 -0.486 0.554 -0.019 0.213432 0.188384 -0.069784
-0.532 0.448 -0.556 -1.948 0.0960000000000001 -1.028 -1.912 2.08 2.104 -1.088 -1.94 -1.076 0.936 1.98 0.992 0.685025897679698 1.56579036851401 -0.875754393209299 -0.986 0.554 0.231 0.491432 0.188384 -0.183784
0.468 0.448 0.444 -1.948 2.096 0.972 -0.912 -0.92 -0.896 -0.0880000000000001 2.06 -0.0760000000000001 -2.064 1.98 -1.008 2.33867554756673 0.905086565748199 1.26752178763417 -0.986 1.304 -0.519 -0.494568 0.524384 -0.303784
0.468 0.448 0.444 -1.948 -0.904 -1.028 0.0880000000000001 2.08 0.104 -2.088 1.06 -2.076 1.936 -0.02 -0.00800000000000001 1.58122675906718 -0.0861304292163372 2.15887119966375 -0.986 0.554 -0.269 -0.494568 0.188384 -0.186784
0.468 -0.552 0.444 -0.948 0.0960000000000001 -2.028 1.088 0.0800000000000001 1.104 -1.088 -0.94 -0.0760000000000001 0.936 1.98 0.992 2.04226508943623 3.70846491192898 4.32657764741844 0.264 0.304 -0.269 0.060432 -0.227616 -0.186784
0.468 0.448 -0.556 0.052 -1.904 -2.028 -1.912 -1.92 0.104 1.912 0.0600000000000001 -2.076 -1.064 -1.02 -2.008 1.95252397297139 1.04918131526239 0.342405539597207 -1.486 -1.196 -0.269 0.769432 -0.595616 -0.186784
0.468 0.448 0.444 1.052 -0.904 1.972 1.088 -1.92 2.104 1.912 1.06 -0.0760000000000001 -0.0640000000000001 0.98 0.992 2.36978871040632 1.4717634857511 3.15552584287208 0.764 -0.196 1.481 0.282432 -0.147616 0.632216
0.468 0.448 0.444 -1.948 -0.904 0.972 2.088 2.08 -0.896 -1.088 0.0600000000000001 1.924 -2.064 -0.02 0.992 0.854838814269227 1.19113165701006 1.3684876690168 0.764 0.304 -0.769 0.282432 0.076384 -0.420784
0.468 -0.552 -0.556 -1.948 0.0960000000000001 0.972 2.088 -1.92 2.104 0.912 -1.94 1.924 -2.064 -0.02 1.992 0.517044462356189 0.361795216721531 0.81711923629295 1.014 -0.946 0.481 -0.620568 0.462384 0.164216
0.468 -0.552 0.444 0.052 -0.904 -2.028 -1.912 1.08 -0.896 -2.088 -1.94 -2.076 -0.0640000000000001 -0.02 -2.008 0.241734175577269 0.903286865447853 0.0795074942904934 -1.486 -0.446 -1.269 -0.716568 0.186384 -0.654784
-0.532 -0.552 -0.556 0.052 1.096 -2.028 2.088 2.08 -1.896 -2.088 -0.94 -2.076 -2.064 -2.02 -2.008 1.03899163574574 -0.134169262239311 -0.115754125986126 -0.486 0.054 -2.019 0.213432 -0.089616 1.013216
-0.532 -0.552 -0.556 1.052 -1.904 -2.028 -1.912 -1.92 -0.896 -2.088 -1.94 -1.076 -1.064 -1.02 -2.008 0.0738346503623843 0.829024458564963 0.598542391604713 -0.986 -1.696 -1.519 0.491432 0.876384 0.747216
0.468 0.448 0.444 -1.948 -1.904 -0.028 -1.912 -0.92 -1.896 -2.088 -0.94 -2.076 -1.064 0.98 -1.008 0.10571211565285 1.30538663157268 1.0724527585814 -1.736 -0.696 -1.269 -0.827568 -0.371616 -0.654784
0.468 -0.552 -0.556 1.052 1.096 0.972 1.088 2.08 -1.896 -1.088 -1.94 0.924 1.936 -2.02 -2.008 0.184251537250226 -0.010120577124352 -0.478054917128552 0.264 -0.196 -0.019 -0.203568 0.048384 -0.069784
0.468 0.448 0.444 2.052 -1.904 -2.028 -1.912 -0.92 -0.896 -2.088 -1.94 -1.076 0.936 -1.02 -1.008 1.38106874734231 2.09137763947534 3.07719684055783 -0.486 -1.446 -1.019 -0.272568 -0.707616 -0.537784
0.468 0.448 0.444 -0.948 1.096 -0.028 1.088 -1.92 2.104 1.912 2.06 1.924 0.936 1.98 1.992 1.35142119204769 2.15158822869146 2.38117403345369 1.014 0.804 1.231 0.393432 0.300384 0.515216
-0.532 -0.552 -0.556 -1.948 2.096 1.972 -1.912 2.08 -0.896 -0.0880000000000001 -1.94 0.924 -2.064 -2.02 1.992 -0.323305820224802 0.236833614680024 0.743116843294383 -0.236 0.054 -0.269 0.074432 -0.089616 0.082216
-0.532 0.448 -0.556 2.052 -1.904 -2.028 0.0880000000000001 -1.92 0.104 -2.088 -0.94 -0.0760000000000001 1.936 -2.02 1.992 0.992066752453739 1.09543979842981 1.72155080667702 1.014 -1.696 -0.519 -0.620568 -0.819616 0.215216
-0.532 -0.552 -0.556 0.052 0.0960000000000001 1.972 2.088 -1.92 -0.896 -2.088 2.06 1.924 -2.064 -2.02 0.992 0.0318734266098503 0.0123091362335419 0.501233402543598 1.264 -0.446 -0.769 -0.759568 0.186384 0.348216
-0.532 0.448 0.444 1.052 1.096 -2.028 2.088 -1.92 2.104 0.912 2.06 -0.0760000000000001 0.936 1.98 1.992 1.16542843721728 2.0412219130363 2.01471806146105 1.264 0.804 0.481 0.504432 0.300384 -0.316784
0.468 -0.552 0.444 2.052 1.096 1.972 -0.912 -1.92 -1.896 -0.0880000000000001 0.0600000000000001 -2.076 -1.064 0.98 -2.008 0.847106284330685 2.03750621388897 1.0964873032449 -0.736 0.054 -0.269 -0.383568 -0.089616 -0.186784
0.468 0.448 0.444 -0.948 0.0960000000000001 0.972 2.088 1.08 1.104 0.912 2.06 1.924 -2.064 -1.02 -1.008 1.11218922858462 1.28068090786812 2.03347290636438 0.514 0.554 0.231 0.171432 0.188384 0.047216
-0.532 -0.552 0.444 0.052 2.096 -0.028 -1.912 1.08 -1.896 -2.088 -1.94 -1.076 -2.064 -2.02 -2.008 -0.319137932510075 0.809449793719543 0.872971821138572 -1.236 -0.196 -1.519 -0.605568 0.048384 0.747216
0.468 0.448 0.444 0.052 2.096 1.972 -0.912 -1.92 2.104 1.912 -1.94 1.924 1.936 -1.02 1.992 0.303921394143561 0.97392698867902 1.71770134112795 0.764 -0.696 1.981 0.282432 -0.371616 0.866216
-0.532 -0.552 -0.556 -1.948 -1.904 -1.028 1.088 0.0800000000000001 1.104 0.912 -0.94 -2.076 -2.064 -2.02 -1.008 -0.503565758757255 -1.07763236220021 -1.60924708448473 -0.986 -1.196 -0.269 0.491432 0.600384 0.082216
-0.532 -0.552 -0.556 -1.948 -1.904 -2.028 -0.912 -1.92 2.104 -1.088 -1.94 -2.076 -1.064 -2.02 -2.008 0.0238470715100619 0.690010791818118 1.356311570607 -1.736 -1.946 -0.519 0.908432 1.014384 0.215216
-0.532 -0.552 -0.556 -0.948 2.096 -2.028 2.088 -1.92 0.104 0.912 -1.94 -2.076 -1.064 -2.02 0.992 -0.492095275523958 0.664156026087508 0.71700446422551 0.014 -0.946 -0.519 -0.064568 0.462384 0.215216
-0.532 0.448 -0.556 -0.948 2.096 -1.028 -0.912 1.08 -1.896 -2.088 -0.94 0.924 -2.064 -2.02 -2.008 -0.725957568639577 -0.493186951234391 -0.903461466656254 -0.736 0.054 -1.769 0.352432 -0.035616 0.880216
-0.532 -0.552 -0.556 -1.948 -1.904 -1.028 2.088 2.08 -0.896 -2.088 2.06 1.924 -2.064 -1.02 -2.008 -0.663848545786863 0.17630179220141 0.0830657598380842 0.014 0.304 -1.519 -0.064568 -0.227616 0.747216
0.468 -0.552 -0.556 -1.948 0.0960000000000001 -0.028 -1.912 -0.92 0.104 1.912 -1.94 0.924 -0.0640000000000001 -0.02 -2.008 0.0274181569585095 0.433147545998222 0.395485580003874 -1.236 -0.696 0.481 0.630432 0.324384 0.164216
-0.532 0.448 0.444 0.052 2.096 1.972 -1.912 -1.92 -1.896 -2.088 2.06 -2.076 -2.064 -2.02 -2.008 -0.653937332843171 0.371986534312062 0.300200504445356 -1.486 0.054 -1.019 -0.716568 -0.035616 0.481216
0.468 -0.552 0.444 -1.948 -1.904 -2.028 -1.912 2.08 2.104 1.912 1.06 0.924 1.936 1.98 1.992 1.10189881082749 0.412058061250994 1.4502162142282 -0.236 0.804 0.981 -0.161568 -0.503616 0.398216
-0.532 -0.552 -0.556 1.052 -1.904 -2.028 -1.912 0.0800000000000001 0.104 -2.088 -0.94 -1.076 -2.064 -2.02 -2.008 -0.594908534479779 -0.104240478631967 -1.11738636614271 -0.986 -1.196 -1.519 0.491432 0.600384 0.747216
-0.532 -0.552 0.444 2.052 2.096 1.972 0.0880000000000001 -1.92 2.104 1.912 -0.94 0.924 1.936 -0.02 -1.008 0.218796141354406 0.0875407976056714 0.570993944042646 0.514 -0.196 1.981 0.171432 0.048384 -1.114784
0.468 0.448 0.444 0.052 1.096 -2.028 1.088 2.08 1.104 1.912 -1.94 -0.0760000000000001 0.936 0.98 -0.00800000000000001 0.747934635467734 1.56578414836867 2.1709163402437 0.264 0.554 0.481 0.060432 0.188384 0.164216
0.468 -0.552 0.444 2.052 2.096 1.972 2.088 2.08 2.104 1.912 2.06 0.924 1.936 1.98 1.992 1.51490364472966 2.05774769111321 2.29049063938257 1.764 2.054 1.981 0.726432 -1.193616 0.866216
0.468 0.448 0.444 2.052 2.096 -0.028 -1.912 2.08 -1.896 -1.088 2.06 -1.076 0.936 0.98 0.992 0.962395252013506 1.04856887562797 1.61287263987893 0.014 1.804 -0.519 -0.050568 0.748384 -0.303784
-0.532 -0.552 -0.556 2.052 -1.904 -2.028 -1.912 -1.92 -1.896 -0.0880000000000001 0.0600000000000001 -0.0760000000000001 -2.064 -2.02 -2.008 0.198036275281943 0.404891120291195 -0.0344811755874367 -0.486 -1.446 -1.519 0.213432 0.738384 0.747216
0.468 0.448 0.444 1.052 -0.904 -2.028 -0.912 -1.92 0.104 -0.0880000000000001 -0.94 -2.076 -0.0640000000000001 1.98 -0.00800000000000001 1.23692057359504 1.59037758047596 1.63201757224258 -0.486 -0.446 -0.519 -0.272568 -0.259616 -0.303784
-0.532 -0.552 -0.556 2.052 2.096 -2.028 -1.912 0.0800000000000001 -1.896 0.912 -0.94 -2.076 -2.064 -2.02 -2.008 0.469188830481682 0.0617255426343483 1.05896817499124 -0.986 -0.196 -1.269 0.491432 0.048384 0.614216
-0.532 0.448 0.444 -0.948 -1.904 -2.028 -1.912 -0.92 -1.896 -2.088 2.06 -1.076 1.936 1.98 1.992 0.509961460798803 -0.159428147226791 0.087443077511063 -0.486 0.304 -1.019 -0.272568 0.076384 0.481216
-0.532 -0.552 -0.556 2.052 1.096 1.972 2.088 2.08 0.104 0.912 -0.94 1.924 -0.0640000000000001 1.98 1.992 0.704591908878338 0.943606099430995 1.34541144349398 2.014 1.054 0.731 -1.176568 -0.641616 -0.449784
0.468 0.448 0.444 -1.948 1.096 0.972 -1.912 -0.92 -1.896 0.912 -1.94 0.924 -1.064 -0.02 -0.00800000000000001 0.156743334213264 -0.546878542436248 0.0178928411566878 -0.736 -0.446 -0.269 -0.383568 -0.259616 -0.186784
0.468 0.448 -0.556 -1.948 -0.904 -1.028 -0.912 -1.92 -0.896 -1.088 -1.94 -2.076 -2.064 -2.02 -0.00800000000000001 -0.245470721877946 0.213643112596739 0.157327216127 -1.236 -1.696 -1.269 0.630432 -0.819616 -0.654784
0.468 -0.552 -0.556 -1.948 -1.904 0.972 -0.912 1.08 1.104 -2.088 -0.94 -0.0760000000000001 0.936 -2.02 -2.008 0.349826226560683 0.533159347987403 -0.534123799777133 -1.236 -0.946 0.231 0.630432 0.462384 0.047216
0.468 -0.552 -0.556 0.052 -1.904 1.972 2.088 -0.92 0.104 0.912 0.0600000000000001 -2.076 1.936 0.98 0.992 0.48635598559636 1.13504183223032 0.610424535510243 0.264 -0.446 1.231 -0.203568 0.186384 0.515216
-0.532 -0.552 -0.556 0.052 0.0960000000000001 1.972 -0.912 -0.92 0.104 -1.088 2.06 -0.0760000000000001 -1.064 -1.02 -1.008 0.187456509870985 0.740579855070042 0.290367145974953 -0.486 0.054 -0.019 0.213432 -0.089616 -0.050784
-0.532 0.448 -0.556 -0.948 1.096 1.972 2.088 0.0800000000000001 0.104 -2.088 -0.94 -0.0760000000000001 -0.0640000000000001 1.98 -0.00800000000000001 0.238960374639255 -0.421173677402933 0.116705667196257 0.264 0.554 -0.019 -0.203568 0.188384 -0.050784
-0.532 0.448 0.444 -1.948 0.0960000000000001 -1.028 2.088 2.08 2.104 1.912 2.06 0.924 -0.0640000000000001 -0.02 1.992 0.941322950056671 1.54793915506022 1.75269916130437 0.764 1.054 0.731 0.282432 0.412384 -0.449784
0.468 0.448 0.444 2.052 -1.904 -2.028 -1.912 2.08 -0.896 -1.088 -1.94 -1.076 0.936 -2.02 0.992 0.323309012584967 1.5790108858926 1.78424810469021 0.014 -0.946 -0.769 -0.050568 -0.483616 -0.420784
-0.532 -0.552 -0.556 1.052 1.096 1.972 0.0880000000000001 2.08 2.104 0.912 1.06 0.924 1.936 0.98 -0.00800000000000001 0.470943235655501 0.268115780584697 0.19818747449663 0.514 1.304 1.731 -0.342568 -0.779616 -0.981784
-0.532 0.448 0.444 -0.948 2.096 1.972 2.088 1.08 2.104 1.912 2.06 0.924 0.936 1.98 1.992 1.28240826755448 1.00168356731608 1.20728809178521 1.014 1.804 1.731 0.393432 0.748384 -0.981784
-0.532 -0.552 -0.556 1.052 -0.904 -2.028 -0.912 -1.92 -1.896 -1.088 -0.94 -2.076 -0.0640000000000001 -2.02 -2.008 0.235243280739757 1.40212225103086 0.960885758390801 -0.986 -1.446 -1.269 0.491432 0.738384 0.614216
0.468 0.448 -0.556 1.052 2.096 -0.028 1.088 2.08 -1.896 -1.088 -1.94 0.924 1.936 -0.02 -1.008 1.26793007728418 2.06534083566488 1.53614346190279 0.514 0.554 -0.269 -0.342568 0.188384 -0.186784
-0.532 0.448 0.444 2.052 1.096 -1.028 -0.912 2.08 -0.896 -0.0880000000000001 1.06 0.924 0.936 -1.02 0.992 1.3045522404892 2.44521649179902 2.06356020586125 0.764 0.804 -0.269 0.282432 0.300384 0.082216
0.468 -0.552 0.444 1.052 -0.904 -2.028 -1.912 1.08 1.104 -2.088 -1.94 -2.076 -0.0640000000000001 1.98 -2.008 1.01789527399429 1.03376612008271 0.930441758840991 -1.236 0.054 -0.769 -0.605568 -0.089616 -0.420784
-0.532 -0.552 -0.556 -0.948 -1.904 -0.028 -1.912 -0.92 -1.896 -2.088 -1.94 -2.076 -1.064 -2.02 -0.00800000000000001 0.652770039831177 -0.329726144034267 -0.0978492288740455 -1.236 -1.696 -1.269 0.630432 0.876384 0.614216
-0.532 -0.552 -0.556 2.052 -0.904 -0.028 1.088 -0.92 -1.896 0.912 1.06 1.924 0.936 1.98 -0.00800000000000001 1.30288847392359 0.371166301612728 0.496907116151781 1.264 0.304 -0.019 -0.759568 -0.227616 -0.050784
-0.532 0.448 0.444 -1.948 -1.904 0.972 -1.912 2.08 0.104 1.912 2.06 1.924 0.936 0.98 -0.00800000000000001 1.54284100741263 1.6884482880119 2.00442282341136 -0.486 0.804 0.981 -0.272568 0.300384 -0.582784
0.468 0.448 0.444 -1.948 1.096 -2.028 1.088 0.0800000000000001 -0.896 1.912 -1.94 -2.076 0.936 0.98 -0.00800000000000001 -0.0976417518554896 0.635969167567399 1.93722862509305 -0.736 0.054 -0.019 -0.383568 -0.035616 -0.069784
-0.532 -0.552 -0.556 2.052 -1.904 -2.028 0.0880000000000001 0.0800000000000001 1.104 -2.088 0.0600000000000001 -0.0760000000000001 -1.064 -1.02 1.992 0.504807504357536 1.59251168378861 1.08498089699792 1.014 -0.696 -1.019 -0.620568 0.324384 0.481216
0.468 -0.552 0.444 0.052 0.0960000000000001 1.972 1.088 -0.92 -1.896 1.912 2.06 1.924 0.936 0.98 1.992 0.416826607981338 0.214970003685388 0.932069637129236 1.264 0.554 0.731 0.504432 -0.365616 0.281216
-0.532 0.448 0.444 -1.948 0.0960000000000001 1.972 0.0880000000000001 -1.92 -1.896 1.912 2.06 0.924 -0.0640000000000001 0.98 1.992 1.62065278284388 0.820726461686722 2.15296787731878 0.264 0.304 0.481 0.060432 0.076384 -0.316784
0.468 -0.552 -0.556 -1.948 2.096 1.972 -1.912 -1.92 -0.896 1.912 -0.94 1.924 -2.064 -1.02 1.992 1.66351700490983 1.89726062010268 2.16590772137235 0.014 -0.446 0.231 -0.064568 0.186384 0.047216
-0.532 0.448 -0.556 -1.948 -1.904 -0.028 -1.912 -1.92 -1.896 -2.088 -1.94 -2.076 -2.064 -2.02 -2.008 -0.158238188748152 -0.783463104467833 -0.279756493713102 -1.986 -1.946 -1.519 1.047432 -0.931616 0.747216
0.468 0.448 -0.556 -1.948 -1.904 -0.028 2.088 2.08 2.104 -2.088 -1.94 1.924 1.936 1.98 1.992 0.915991426950675 0.93592747213974 1.613150494163 1.014 0.054 0.481 -0.620568 -0.035616 0.164216
-0.532 0.448 0.444 -1.948 2.096 -2.028 0.0880000000000001 0.0800000000000001 1.104 -2.088 0.0600000000000001 -0.0760000000000001 -2.064 -2.02 -2.008 -0.13705820524842 1.65046990116919 2.34581298296867 -0.986 0.054 -1.269 -0.494568 -0.035616 0.614216
0.468 0.448 0.444 -0.948 2.096 1.972 -0.912 0.0800000000000001 1.104 -2.088 1.06 -0.0760000000000001 -0.0640000000000001 -1.02 -2.008 0.934781266531623 1.32505121039741 1.21227209773647 -0.986 0.554 0.231 -0.494568 0.188384 0.047216
-0.532 -0.552 0.444 -1.948 1.096 0.972 1.088 -1.92 1.104 0.912 2.06 -0.0760000000000001 -2.064 -2.02 -0.00800000000000001 -0.0412202251232138 -0.531059174916092 -1.08992308999546 -0.236 -0.196 0.231 -0.161568 0.048384 -0.183784
0.468 -0.552 -0.556 1.052 0.0960000000000001 -1.028 1.088 2.08 1.104 1.912 -0.94 1.924 -1.064 -0.02 -0.00800000000000001 1.81542946118112 0.760955152515534 1.8940899188639 1.014 0.304 0.231 -0.620568 -0.227616 0.047216
0.468 0.448 0.444 1.052 2.096 1.972 2.088 2.08 1.104 -1.088 2.06 1.924 1.936 1.98 1.992 0.409080916333879 0.579768102145312 0.721971144726899 1.764 2.054 0.981 0.726432 0.860384 0.398216
0.468 0.448 0.444 2.052 0.0960000000000001 1.972 -1.912 2.08 1.104 0.912 0.0600000000000001 0.924 1.936 1.98 0.992 1.30866167751091 1.80090953812723 1.0027031516325 0.514 1.054 1.481 0.171432 0.412384 0.632216
0.468 -0.552 0.444 -1.948 -1.904 -1.028 -1.912 -0.92 -1.896 -2.088 -0.94 1.924 -0.0640000000000001 -0.02 -0.00800000000000001 0.685688064153149 0.748904025591469 0.210495568674447 -0.486 -0.946 -1.269 -0.272568 0.462384 -0.654784
-0.532 0.448 0.444 0.052 0.0960000000000001 0.972 2.088 -0.92 2.104 -2.088 -0.94 0.924 0.936 1.98 0.992 0.286709800523534 0.198885473477683 0.676126970700168 1.014 0.054 0.481 0.393432 -0.035616 -0.316784
0.468 -0.552 0.444 2.052 -1.904 1.972 2.088 0.0800000000000001 -1.896 1.912 -0.94 -2.076 0.936 1.98 0.992 1.0161903104583 1.38271697476462 1.08747780207615 0.764 -0.196 0.731 0.282432 0.048384 0.281216
0.468 -0.552 0.444 0.052 -1.904 -2.028 0.0880000000000001 2.08 -0.896 -0.0880000000000001 -1.94 -2.076 -2.064 -2.02 -1.008 -0.043723510330572 0.120180352824676 0.857983972558047 -0.736 -0.946 -1.269 -0.383568 0.462384 -0.654784
0.468 -0.552 0.444 0.052 -0.904 1.972 2.088 1.08 0.104 -0.0880000000000001 -0.94 1.924 -1.064 1.98 1.992 1.30370678680556 1.45656006632059 1.53188787055766 1.514 0.304 0.231 0.615432 -0.227616 0.047216
0.468 0.448 0.444 -0.948 1.096 -1.028 2.088 2.08 2.104 0.912 2.06 0.924 1.936 0.98 0.992 2.28971129269071 1.39267656082061 3.25520930449713 0.764 1.554 0.981 0.282432 0.636384 0.398216
-0.532 -0.552 -0.556 1.052 1.096 -1.028 2.088 -0.92 2.104 -1.088 -0.94 1.924 0.936 0.98 0.992 -0.400830673481621 1.24781190109719 0.331265460629679 1.514 0.054 0.231 -0.898568 -0.089616 -0.183784
0.468 0.448 -0.556 0.052 -1.904 -0.028 -1.912 -1.92 0.104 0.912 -0.94 -1.076 -0.0640000000000001 -2.02 -2.008 0.131419259796242 -0.688110860829141 -0.0678822583147239 -1.236 -1.696 0.231 0.630432 -0.819616 0.047216
0.468 0.448 0.444 1.052 -1.904 0.972 2.088 1.08 2.104 1.912 0.0600000000000001 1.924 -1.064 1.98 1.992 0.429857836834576 0.635581314808222 1.11765313738454 1.764 0.304 0.981 0.726432 0.076384 0.398216
-0.532 0.448 0.444 2.052 0.0960000000000001 -2.028 0.0880000000000001 2.08 2.104 1.912 2.06 -0.0760000000000001 1.936 1.98 1.992 0.210046646092905 0.819039996487066 0.229026252413196 1.014 1.554 0.981 0.393432 0.636384 -0.582784
-0.532 0.448 -0.556 -0.948 -1.904 1.972 2.088 1.08 0.104 -2.088 0.0600000000000001 1.924 -0.0640000000000001 1.98 1.992 1.66914633550304 0.620367123091976 1.96988807432069 1.264 0.304 -0.019 -0.759568 0.076384 -0.050784
-0.532 0.448 0.444 -1.948 2.096 1.972 1.088 2.08 0.104 -0.0880000000000001 2.06 1.924 1.936 1.98 1.992 1.56495922364207 1.6363943324094 3.06801119744191 0.764 2.054 0.981 0.282432 0.860384 -0.582784
0.468 0.448 0.444 1.052 1.096 1.972 2.088 2.08 2.104 -2.088 2.06 -0.0760000000000001 1.936 0.98 -0.00800000000000001 1.62676990397419 1.58028191355836 1.68546851672252 0.764 1.554 0.981 0.282432 0.636384 0.398216
-0.532 -0.552 -0.556 2.052 0.0960000000000001 -2.028 2.088 0.0800000000000001 1.104 -1.088 -0.94 -0.0760000000000001 -2.064 1.98 -1.008 -0.328825447680896 -0.304118565944373 -0.304832330122659 0.764 0.304 -1.019 -0.481568 -0.227616 0.481216
0.468 -0.552 -0.556 0.052 0.0960000000000001 -1.028 1.088 -0.92 -0.896 -2.088 -1.94 -2.076 1.936 -1.02 -2.008 0.940267180393715 0.527451376138927 1.16592218985514 -0.736 -0.946 -0.519 0.352432 0.462384 -0.303784
-0.532 -0.552 -0.556 -1.948 -1.904 0.972 -0.912 -1.92 1.104 -1.088 0.0600000000000001 1.924 -0.0640000000000001 -0.02 1.992 -0.69188394136131 0.534528137137663 0.476688016193533 0.264 -0.946 0.231 -0.203568 0.462384 -0.183784
-0.532 -0.552 -0.556 -1.948 2.096 0.972 1.088 2.08 2.104 1.912 2.06 -1.076 1.936 0.98 0.992 0.375190452776548 1.55912262499837 1.23860554358414 -0.236 1.804 1.731 0.074432 -1.055616 -0.981784
0.468 -0.552 -0.556 2.052 -0.904 0.972 0.0880000000000001 -1.92 2.104 1.912 2.06 -0.0760000000000001 0.936 1.98 0.992 0.984565003759937 0.267376504642913 1.00903113491615 0.764 0.304 1.481 -0.481568 -0.227616 0.632216
