-0.51 -0.57 -0.55 0.15 -0.0899999999999999 -1.73 -2.07 -2.07 -1.97 1.98 -1.9 -1.98 -0.92 -0.97 0.83 1.19720144937137 1.27130845628688 1.14616950106183 -0.7675 -1.2575 -0.66 0.39425 0.69105 0.3232
-0.51 0.43 -0.55 0.15 -2.09 -1.73 -2.07 -1.07 -1.97 1.98 0.1 -1.98 -1.92 0.03 -0.17 0.870053723070753 0.200761584630602 0.0944601368280311 -1.0175 -0.7575 -0.91 0.53175 -0.35145 0.4507
0.49 -0.57 -0.55 0.15 1.91 0.27 -1.07 -1.07 0.03 -2.02 -1.9 0.02 -1.92 1.03 -0.17 0.401857757771293 1.23744296781148 0.395545533421197 -0.2675 -0.0074999999999999 -0.91 0.11925 -0.02145 -0.4593
0.49 0.43 0.45 0.15 -1.09 0.27 -0.0699999999999998 0.93 -0.97 -2.02 -1.9 1.02 -0.92 2.03 1.83 1.1956562649776 1.28497226877973 0.743305521040597 0.7325 -0.00749999999999984 -0.91 0.30175 -0.02895 -0.4593
0.49 0.43 0.45 1.15 -0.0899999999999999 2.27 -1.07 1.93 2.03 1.98 -1.9 -0.98 0.0800000000000001 2.03 1.83 1.91451080023319 1.52596491843145 2.27873133823407 0.2325 0.4925 1.59 0.07675 0.18605 0.7657
-0.51 0.43 0.45 1.15 -1.09 -1.73 -1.07 -2.07 -0.97 -2.02 1.1 -1.98 -1.92 -1.97 -2.17 1.02996150185854 2.44432133177283 2.29950872268577 -1.0175 -1.0075 -1.66 -0.48575 -0.45895 0.8332
-0.51 0.43 -0.55 2.15 1.91 -1.73 -2.07 -0.0699999999999998 2.03 -1.02 2.1 -1.98 -0.92 -0.97 -0.17 0.040230338552905 -1.92074733893602 -0.224033925581147 -0.5175 0.7425 -0.41 0.25675 0.29355 0.1957
0.49 -0.57 -0.55 -1.85 -1.09 -1.73 -2.07 -2.07 -1.97 -1.02 -1.9 -1.98 -0.92 -1.97 0.83 -0.440244924968227 1.25636235844385 0.650849286107707 -1.2675 -1.7575 -1.41 0.66925 0.97605 -0.7043
-0.51 -0.57 -0.55 0.15 1.91 0.27 1.93 1.93 2.03 1.98 2.1 -0.98 2.08 1.03 0.83 0.612243375975924 0.913927922509339 1.62472979765257 0.4825 1.7425 1.59 -0.29325 -1.01895 -0.8243
-0.51 0.43 0.45 -1.85 -2.09 -1.73 -2.07 0.93 -1.97 0.98 -0.9 -1.98 2.08 1.03 -0.17 -0.415562753492758 0.211347949201124 0.794089303821982 -1.5175 -0.2575 -0.16 -0.71075 -0.13645 0.0682
0.49 -0.57 0.45 2.15 1.91 1.27 1.93 -2.07 -0.97 -0.02 1.1 2.02 -0.92 0.03 -0.17 0.504671131212409 0.984906965335858 1.81814855206903 1.4825 0.2425 -0.16 0.63925 -0.16395 -0.0918
0.49 -0.57 -0.55 2.15 0.91 0.27 -2.07 1.93 2.03 1.98 2.1 2.02 -0.92 0.03 1.83 2.16884165135122 3.01984838270155 2.16699496109478 0.9825 1.2425 0.84 -0.56825 -0.73395 0.3982
-0.51 0.43 0.45 0.15 -2.09 -1.73 -2.07 -1.07 -1.97 -1.02 -0.9 0.02 2.08 -1.97 -1.17 1.30802320497782 1.18168591025508 1.7351489955175 -0.7675 -1.5075 -0.66 -0.37325 -0.67395 0.3232
-0.51 0.43 -0.55 -1.85 -1.09 2.27 0.93 -0.0699999999999998 0.03 1.98 -1.9 2.02 -1.92 1.03 1.83 0.661632373157152 -0.273614336664041 1.32711495550535 0.7325 -0.5075 0.59 -0.43075 -0.24395 -0.3143
0.49 -0.57 -0.55 1.15 -2.09 -0.73 -1.07 -0.0699999999999998 -1.97 -2.02 -1.9 -1.98 0.0800000000000001 -0.97 -1.17 -0.225479875032766 0.860388690465961 1.80589109906517 -0.7675 -1.2575 -1.16 0.39425 0.69105 -0.5818
-0.51 0.43 0.45 1.15 -1.09 -1.73 -1.07 1.93 -0.97 -2.02 2.1 0.02 2.08 -1.97 1.83 0.28586001309873 -0.204838609119251 -0.542660198779064 0.4825 0.2425 -0.66 0.18925 0.07855 0.3232
-0.51 -0.57 0.45 -1.85 1.91 2.27 -0.0699999999999998 -2.07 2.03 -0.02 -1.9 0.02 -0.92 0.03 -1.17 1.1717313140663 1.79791738856785 1.181202879 -0.7675 -0.5075 0.84 -0.37325 0.26355 -0.4418
-0.51 -0.57 -0.55 1.15 -1.09 2.27 -0.0699999999999998 -2.07 -0.97 -2.02 1.1 -1.98 -1.92 2.03 -0.17 0.276552444853355 2.02677363264052 1.57832124838952 -0.2675 -0.00749999999999984 -0.66 0.11925 -0.02145 0.3232
-0.51 -0.57 -0.55 2.15 1.91 0.27 1.93 0.93 0.03 -2.02 0.1 -1.98 -0.92 -0.97 0.83 1.47241733453871 -0.0739375007346721 0.560093644141082 0.7325 0.4925 -0.66 -0.43075 -0.30645 0.3232
-0.51 -0.57 0.45 1.15 -0.0899999999999999 1.27 1.93 -2.07 2.03 1.98 -1.9 -0.98 -1.92 -1.97 -1.17 -0.499310569128074 -0.216017814496109 -0.722236379626325 0.2325 -1.5075 0.84 0.07675 0.83355 -0.4418
-0.51 0.43 0.45 -0.85 -2.09 0.27 0.93 -2.07 -1.97 0.98 -1.9 -0.98 1.08 0.03 -2.17 1.12505121963499 0.399930808220088 0.913408944958742 -0.7675 -1.5075 0.09 -0.37325 -0.67395 -0.0593
-0.51 -0.57 0.45 -1.85 -1.09 2.27 1.93 1.93 2.03 0.98 2.1 1.02 2.08 1.03 0.83 1.17971440835859 0.59783118666181 2.11725055489736 0.4825 0.9925 1.84 0.18925 -0.59145 -0.9518
0.49 0.43 0.45 -1.85 -0.0899999999999999 -0.73 0.93 -2.07 -0.97 1.98 2.1 1.02 -1.92 -0.97 -2.17 1.98772464250326 1.96746471619214 3.13811138633521 -0.5175 -0.2575 -0.41 -0.26075 -0.13645 -0.2143
-0.51 0.43 0.45 1.15 1.91 -1.73 1.93 1.93 2.03 1.98 1.1 -1.98 0.0800000000000001 -0.97 -0.17 -0.897510778725877 -0.0426652407807382 -0.587517418580009 0.2325 0.9925 0.59 0.07675 0.40105 -0.3143
-0.51 -0.57 0.45 2.15 -0.0899999999999999 -0.73 1.93 -0.0699999999999998 -1.97 1.98 1.1 2.02 2.08 1.03 1.83 0.629421391346924 0.571316743005058 1.90478623634175 1.9825 0.4925 0.34 0.86425 -0.30645 -0.1868
0.49 0.43 0.45 0.15 -0.0899999999999999 2.27 -1.07 -0.0699999999999998 -1.97 0.98 1.1 2.02 -0.92 1.03 0.83 2.3436328083391 1.85614257656941 -0.00594173625212102 0.4825 0.4925 0.09 0.18925 0.18605 0.0307
-0.51 0.43 -0.55 1.15 1.91 1.27 1.93 -2.07 -0.97 -2.02 -0.9 0.02 1.08 -1.97 0.83 -0.23040300283638 0.24046284210232 -0.398175292279557 0.9825 -0.7575 -0.16 -0.56825 -0.35145 0.0682
0.49 0.43 0.45 1.15 -1.09 0.27 -1.07 1.93 2.03 0.98 1.1 2.02 1.08 0.03 1.83 -0.280689186666456 0.71866097729257 0.340643741523982 0.9825 0.4925 1.09 0.41425 0.18605 0.5207
0.49 -0.57 0.45 -1.85 0.91 0.27 -1.07 -2.07 0.03 -2.02 1.1 -1.98 -1.92 -1.97 0.83 0.24258725436157 2.33274518210528 1.61704633261411 -1.0175 -0.5075 -0.91 -0.48575 0.26355 -0.4593
-0.51 -0.57 -0.55 -1.85 0.91 -1.73 1.93 -2.07 -0.97 -0.02 0.1 -1.98 -1.92 -1.97 -2.17 2.24722622508129 1.31127753078998 0.58983040604409 -1.0175 -0.7575 -1.16 0.53175 0.40605 0.5782
0.49 0.43 -0.55 -0.85 -1.09 2.27 1.93 -0.0699999999999998 -1.97 1.98 0.1 1.02 -0.92 -1.97 -0.17 -0.793703987549932 1.55447470262195 0.263048648120724 0.4825 -0.7575 0.34 -0.29325 -0.35145 0.1532
0.49 0.43 0.45 1.15 -2.09 2.27 -0.0699999999999998 -2.07 -1.97 -2.02 -1.9 -1.98 -0.92 0.03 0.83 1.91986168916165 1.90571946491031 0.656357130898026 -0.0175 -1.5075 -0.66 -0.03575 -0.67395 -0.3368
0.49 0.43 0.45 -1.85 1.91 -0.73 1.93 1.93 2.03 1.98 2.1 0.02 2.08 2.03 1.83 1.82773135140902 1.4653987931431 1.55142434119495 0.4825 1.9925 1.34 0.18925 0.83105 0.6432
0.49 0.43 0.45 -0.85 1.91 2.27 -2.07 1.93 2.03 1.98 -0.9 0.02 2.08 0.03 1.83 -1.08371669418545 1.73665401719091 -0.220851962208559 -0.2675 0.7425 2.09 -0.14825 0.29355 1.0107
0.49 0.43 0.45 -0.85 -1.09 1.27 -0.0699999999999998 1.93 2.03 0.98 2.1 0.02 0.0800000000000001 1.03 0.83 1.77801214456865 1.26858006204691 -0.339228916767709 -0.0175 0.9925 1.09 -0.03575 0.40105 0.5207
-0.51 -0.57 0.45 -0.85 1.91 0.27 -0.0699999999999998 -2.07 0.03 -0.02 -1.9 -0.98 -1.92 -0.97 0.83 0.546151283724466 0.147140582009847 1.35151101969068 -0.2675 -0.7575 -0.41 -0.14825 0.40605 0.1957
0.49 0.43 0.45 -1.85 -2.09 -1.73 -1.07 1.93 2.03 -1.02 0.1 -1.98 2.08 1.03 -1.17 1.98876999616229 0.136674926342237 0.495079980735369 -1.5175 0.2425 0.34 -0.71075 0.07855 0.1532
0.49 0.43 0.45 -1.85 -0.0899999999999999 -1.73 1.93 -1.07 0.03 -2.02 0.1 0.02 -0.92 -1.97 -2.17 0.284457658673026 -0.316106709794447 -0.334269315678031 -0.5175 -0.7575 -1.16 -0.26075 -0.35145 -0.5818
-0.51 -0.57 -0.55 -1.85 -2.09 0.27 -1.07 -2.07 1.03 -2.02 -0.9 -0.98 -1.92 1.03 -1.17 0.0206257346993944 -0.902980679262141 -0.0474367644400828 -1.2675 -1.0075 -0.66 0.66925 0.54855 0.3232
0.49 0.43 0.45 -1.85 -2.09 2.27 -1.07 0.93 0.03 -0.02 -1.9 2.02 0.0800000000000001 -1.97 1.83 0.507369232252349 -0.0853616479965133 0.148757513130098 0.2325 -1.2575 0.59 0.07675 -0.56645 0.2757
0.49 0.43 -0.55 0.15 -2.09 -1.73 -2.07 -2.07 -1.97 -0.02 -1.9 0.02 -1.92 -1.97 -2.17 1.38981227156439 1.98666888661091 1.16146805567633 -1.0175 -2.0075 -1.41 0.53175 -0.88895 -0.7043
-0.51 -0.57 0.45 0.15 1.91 1.27 -2.07 0.93 -1.97 1.98 0.1 -1.98 2.08 0.03 -0.17 0.70749636025179 1.09444467183168 1.36749412004745 -1.0175 0.7425 0.84 -0.48575 -0.44895 -0.4418
0.49 0.43 0.45 -0.85 -1.09 2.27 -0.0699999999999998 -2.07 -1.97 -2.02 -1.9 -0.98 -1.92 0.03 -1.17 0.587220103368836 1.12906414816197 1.04208695265711 -0.7675 -1.2575 -0.91 -0.37325 -0.56645 -0.4593
-0.51 -0.57 -0.55 -1.85 -1.09 -0.73 -0.0699999999999998 1.93 0.03 0.98 1.1 -1.98 0.0800000000000001 1.03 -1.17 -0.780460592735738 1.06320611656408 0.618769611014412 -1.2675 0.7425 0.09 0.66925 -0.44895 -0.0593
0.49 0.43 0.45 2.15 1.91 2.27 1.93 -1.07 1.03 1.98 -0.9 0.02 2.08 0.03 0.83 0.75232606577785 2.36988028228195 1.16059048740484 1.2325 -0.0074999999999999 1.84 0.52675 -0.02895 0.8882
0.49 0.43 0.45 2.15 1.91 -1.73 0.93 0.93 2.03 0.98 0.1 0.02 2.08 2.03 -1.17 0.500567294260381 1.48830305460699 1.51104926917063 0.4825 1.2425 0.84 0.18925 0.50855 0.3982
-0.51 0.43 -0.55 -1.85 -0.0899999999999999 1.27 -1.07 1.93 2.03 -0.02 -1.9 1.02 0.0800000000000001 2.03 -0.17 1.54633268231825 0.897331785828709 1.95701395444318 -0.5175 0.4925 0.84 0.25675 0.18605 -0.4418
0.49 0.43 -0.55 -1.85 0.91 -1.73 -1.07 -2.07 1.03 1.98 0.1 2.02 -1.92 -0.97 -0.17 1.45129163461224 1.83711488668246 1.59687327290088 -0.2675 -0.5075 -0.16 0.11925 -0.24395 -0.0918
0.49 -0.57 -0.55 2.15 -2.09 2.27 0.93 -2.07 -1.97 -2.02 -1.9 2.02 0.0800000000000001 1.03 -0.17 0.113209057183975 -0.0611148242839531 -0.219232909659388 1.2325 -1.2575 -0.41 -0.70575 0.69105 -0.2143
-0.51 -0.57 -0.55 0.15 -2.09 2.27 -2.07 -2.07 -1.97 -2.02 0.1 -1.98 0.0800000000000001 -1.97 -2.17 0.378854198030241 0.397617148282799 0.610640805532139 -1.5175 -1.5075 -0.41 0.80675 0.83355 0.1957
0.49 0.43 0.45 -1.85 1.91 -1.73 1.93 1.93 0.03 -0.02 1.1 -0.98 0.0800000000000001 -1.97 -0.17 0.592287826436784 1.02092880422239 1.07572332914645 -0.2675 0.7425 -0.41 -0.14825 0.29355 -0.2143
-0.51 0.43 0.45 1.15 1.91 -1.73 1.93 1.93 -0.97 -0.02 1.1 1.02 2.08 -0.97 1.83 1.52702793497792 1.01803832378738 3.19763252755632 1.4825 0.9925 -0.16 0.63925 0.40105 0.0682
0.49 0.43 -0.55 -0.85 1.91 -1.73 0.93 0.93 2.03 -0.02 1.1 -1.98 0.0800000000000001 1.03 -0.17 -1.43768048215639 0.697415584580154 -0.277834846028905 -0.5175 1.2425 0.0900000000000001 0.25675 0.50855 0.0307
-0.51 -0.57 -0.55 2.15 1.91 0.27 -1.07 1.93 0.03 -0.02 0.1 0.02 0.0800000000000001 0.03 -1.17 0.253990776712006 0.235740542841024 1.83390764841252 -0.0175 0.9925 0.09 -0.01825 -0.59145 -0.0593
0.49 -0.57 -0.55 2.15 -1.09 -1.73 1.93 -0.0699999999999998 1.03 -1.02 -1.9 0.02 -0.92 -1.97 -1.17 -0.104406455024975 0.567373444807442 0.0293377232356117 0.7325 -1.2575 -0.66 -0.43075 0.69105 -0.3368
0.49 0.43 0.45 -1.85 -2.09 -1.73 1.93 -2.07 2.03 -2.02 -0.9 -1.98 -1.92 -1.97 -2.17 0.255603389768233 1.63843155652571 0.318321730101257 -1.0175 -1.7575 -0.91 -0.48575 -0.78145 -0.4593
-0.51 0.43 0.45 2.15 -2.09 -1.73 -1.07 0.93 -1.97 -0.02 2.1 1.02 -0.92 -0.97 -0.17 2.13405990752039 0.749134666435051 1.6147654437386 0.4825 -0.0074999999999999 -1.16 0.18925 -0.02895 0.5782
-0.51 -0.57 0.45 -1.85 -0.0899999999999999 -1.73 1.93 -2.07 1.03 1.98 2.1 1.02 2.08 1.03 1.83 0.340855967938666 0.25934474109422 1.767263465802 0.7325 0.2425 0.84 0.30175 -0.16395 -0.4418
-0.51 -0.57 -0.55 2.15 -0.0899999999999999 2.27 1.93 1.93 -1.97 -1.02 0.1 0.02 0.0800000000000001 1.03 1.83 -0.38400488631862 0.0288925378782915 -0.0536004108958287 1.4825 0.7425 -0.16 -0.84325 -0.44895 0.0682
0.49 0.43 0.45 2.15 -2.09 0.27 1.93 -0.0699999999999998 0.03 1.98 -0.9 2.02 2.08 2.03 1.83 1.41191015121206 1.09068538103948 0.774275361474985 1.9825 -0.2575 1.09 0.86425 -0.13645 0.5207
0.49 0.43 0.45 1.15 1.91 -1.73 -1.07 0.93 -0.97 -2.02 0.1 -0.98 2.08 2.03 1.83 -0.244589148387336 1.19786937325428 -0.847010570805553 0.2325 1.2425 -0.66 0.07675 0.50855 -0.3368
0.49 0.43 0.45 0.15 -2.09 -0.73 -0.0699999999999998 1.93 -1.97 -2.02 -1.9 0.02 -1.92 0.03 -2.17 0.333460580550791 1.56373762344573 1.72977593788521 -0.5175 -0.5075 -1.66 -0.26075 -0.24395 -0.8268
-0.51 0.43 0.45 -0.85 -2.09 -1.73 -2.07 -1.07 -1.97 -2.02 1.1 -1.98 0.0800000000000001 -1.97 -2.17 1.17025223041454 1.02756324960417 0.651751480501387 -1.7675 -1.0075 -1.41 -0.82325 -0.45895 0.7057
-0.51 0.43 -0.55 2.15 -2.09 2.27 1.93 -0.0699999999999998 2.03 1.98 2.1 2.02 2.08 2.03 1.83 0.39537540203759 1.08387460108762 2.13235245706832 1.9825 0.4925 2.09 -1.11825 0.18605 -1.0793
0.49 0.43 0.45 1.15 1.91 -1.73 -2.07 -0.0699999999999998 0.03 -1.02 -0.9 2.02 2.08 2.03 1.83 0.605895928585494 1.32259731843162 0.84173076560993 0.7325 0.7425 -0.16 0.30175 0.29355 -0.0918
0.49 -0.57 -0.55 1.15 -0.0899999999999999 -1.73 -1.07 0.93 0.03 1.98 -1.9 2.02 0.0800000000000001 0.03 0.83 1.9366474385814 2.57086858128388 3.95114850623689 0.7325 -0.2575 0.09 -0.43075 0.12105 0.0307
0.49 -0.57 -0.55 -1.85 -2.09 1.27 -2.07 -1.07 -0.97 0.98 1.1 1.02 2.08 1.03 -1.17 -0.38087629338156 -0.0131993796767265 -0.059144416911773 -1.0175 -0.2575 0.84 0.53175 0.12105 0.3982
-0.51 0.43 0.45 -1.85 1.91 2.27 -0.0699999999999998 1.93 0.03 -0.02 -1.9 0.02 0.0800000000000001 2.03 0.83 0.597182388094211 0.204975429422185 1.45905765388068 -0.2675 0.9925 0.59 -0.14825 0.40105 -0.3143
-0.51 -0.57 -0.55 -0.85 -1.09 1.27 1.93 1.93 2.03 1.98 1.1 2.02 2.08 2.03 0.83 0.26107638645246 0.651594868363895 1.34344246861227 0.9825 0.9925 1.84 -0.56825 -0.59145 -0.9518
0.49 0.43 0.45 1.15 -2.09 -1.73 -2.07 -2.07 2.03 -2.02 -1.9 2.02 -1.92 -0.97 0.83 0.849897561069833 -0.145198170278706 1.846592887476 0.4825 -1.7575 -0.91 0.18925 -0.78145 -0.4593
-0.51 0.43 0.45 0.15 0.91 -0.73 -1.07 -1.07 -0.97 -2.02 -1.9 -0.98 -1.92 -0.97 -0.17 -0.333369659264291 0.801863635004634 -0.158082927773267 -0.5175 -0.7575 -1.41 -0.26075 -0.35145 0.7057
0.49 0.43 0.45 1.15 -2.09 2.27 -2.07 1.93 1.03 1.98 1.1 1.02 0.0800000000000001 1.03 -0.17 1.89176146821209 2.16439506752895 4.13788630053318 -0.0175 0.4925 1.34 -0.03575 0.18605 0.6432
0.49 0.43 0.45 -1.85 -2.09 -1.73 -2.07 0.93 -0.97 -2.02 2.1 -0.98 0.0800000000000001 1.03 -1.17 0.801231103167751 0.73765581204742 0.837772071520124 -1.5175 0.4925 -1.16 -0.71075 0.18605 -0.5818
-0.51 0.43 0.45 -0.85 1.91 -1.73 0.93 1.93 2.03 1.98 2.1 -0.98 0.0800000000000001 2.03 0.83 1.68179552245604 2.44955559015397 3.50043323911386 -0.0175 1.9925 0.59 -0.03575 0.83105 -0.3143
0.49 -0.57 -0.55 2.15 0.91 -0.73 -0.0699999999999998 -1.07 0.03 1.98 2.1 1.02 2.08 0.03 0.83 1.96981256552353 1.72808843441237 1.81271045634982 0.9825 0.4925 0.84 -0.56825 -0.30645 0.3982
-0.51 -0.57 0.45 -1.85 -2.09 -0.73 -2.07 -2.07 1.03 0.98 0.1 2.02 -0.92 2.03 -1.17 0.332816542314912 -0.240607142120346 -0.193070991222876 -0.7675 -0.5075 0.09 -0.37325 0.26355 -0.0593
0.49 -0.57 -0.55 -1.85 -2.09 -1.73 1.93 1.93 -1.97 -2.02 2.1 1.02 -0.92 0.03 -1.17 0.115075197799197 0.468158257760937 0.859040554610697 -0.0175 0.4925 -1.66 -0.01825 -0.30645 -0.8268
-0.51 -0.57 -0.55 -1.85 1.91 2.27 -2.07 1.93 -1.97 -2.02 0.1 0.02 -1.92 -0.97 -1.17 -0.320178744411505 -0.487333753682681 -1.07848013507966 -1.2675 0.7425 -0.91 0.66925 -0.44895 0.4507
-0.51 0.43 0.45 1.15 1.91 0.27 -0.0699999999999998 -2.07 0.03 -2.02 1.1 1.02 0.0800000000000001 1.03 1.83 1.51317077118712 1.18145526266135 1.48063439151807 0.9825 0.4925 -0.41 0.41425 0.18605 0.1957
0.49 0.43 0.45 -0.85 1.91 -1.73 1.93 1.93 -0.97 -1.02 2.1 2.02 2.08 2.03 -1.17 1.21210293322352 0.891792741677933 1.83860271379145 0.4825 1.9925 -0.41 0.18925 0.83105 -0.2143
0.49 -0.57 -0.55 -0.85 1.91 0.27 1.93 -0.0699999999999998 2.03 1.98 0.1 -0.98 1.08 0.03 -1.17 0.623949977178194 0.482424852068739 0.191685132749261 -0.2675 0.4925 1.34 0.11925 -0.30645 0.6432
0.49 -0.57 0.45 0.15 1.91 2.27 -0.0699999999999998 0.93 2.03 1.98 0.1 2.02 0.0800000000000001 2.03 -0.17 0.994163498559542 0.804862348271315 0.120285169382599 0.4825 1.2425 1.59 0.18925 -0.73395 0.7657
0.49 0.43 0.45 -1.85 1.91 1.27 -0.0699999999999998 1.93 2.03 -2.02 -0.9 1.02 2.08 0.03 -1.17 1.49006860243391 2.49923428104781 3.11627555627624 -0.5175 0.7425 0.84 -0.26075 0.29355 0.3982
0.49 0.43 0.45 2.15 -1.09 2.27 1.93 1.93 -1.97 0.98 -0.9 1.02 1.08 0.03 0.83 0.483975683587732 1.37490390294594 1.69465800198508 1.4825 -0.0074999999999999 0.59 0.63925 -0.02895 0.2757
0.49 0.43 0.45 -1.85 1.91 -1.73 -1.07 -2.07 -0.97 1.98 2.1 -0.98 -1.92 0.03 -1.17 0.555676317654022 1.4026616187638 2.28692783831532 -1.2675 0.4925 -0.66 -0.59825 0.18605 -0.3368
-0.51 -0.57 -0.55 1.15 1.91 -0.73 1.93 -1.07 2.03 0.98 0.1 -0.98 -0.92 -1.97 -2.17 0.54733510804486 0.510995728750204 0.49119765197386 -0.0175 -0.2575 0.34 -0.01825 0.12105 -0.1868
-0.51 -0.57 -0.55 -1.85 -0.0899999999999999 2.27 0.93 1.93 -0.97 1.98 -0.9 0.02 -1.92 -0.97 1.83 0.90124138069322 0.223324481117468 -0.245327495852505 0.2325 -0.0074999999999999 0.34 -0.15575 -0.02145 -0.1868
0.49 -0.57 -0.55 0.15 -0.0899999999999999 -0.73 1.93 -2.07 2.03 -2.02 -0.9 1.02 2.08 -0.97 1.83 1.30379269809422 0.934085903294339 0.358130437256341 1.2325 -1.0075 0.34 -0.70575 0.54855 0.1532
-0.51 -0.57 -0.55 2.15 -2.09 -1.73 -1.07 -1.07 0.03 -2.02 -1.9 1.02 -1.92 -1.97 -1.17 -1.21929012558665 -0.419378499365904 -1.82628117935423 0.2325 -1.7575 -1.41 -0.15575 0.97605 0.7057
0.49 0.43 0.45 0.15 1.91 2.27 -2.07 1.93 0.03 -1.02 -0.9 2.02 -1.92 -0.97 1.83 0.952517877664786 1.44406773529959 1.66262582097381 0.4825 0.4925 -0.16 0.18925 0.18605 -0.0918
0.49 -0.57 -0.55 0.15 1.91 2.27 -0.0699999999999998 1.93 1.03 -2.02 2.1 2.02 -0.92 0.03 -0.17 0.4943966273425 0.755087936796779 1.74083873343945 0.4825 1.4925 0.09 -0.29325 -0.87645 0.0307
-0.51 -0.57 0.45 2.15 -1.09 -0.73 1.93 0.93 0.03 -1.02 1.1 2.02 2.08 2.03 -0.17 1.20849404931418 1.12739292824736 2.07316667635516 1.4825 0.7425 0.09 0.63925 -0.44895 -0.0593
0.49 0.43 -0.55 -0.85 -0.0899999999999999 0.27 -1.07 -2.07 0.03 0.98 2.1 0.02 -1.92 -1.97 -0.17 1.28457770199603 2.03717270596286 1.83030116547976 -0.5175 -0.5075 -0.16 0.25675 -0.24395 -0.0918
-0.51 0.43 0.45 2.15 -0.0899999999999999 0.27 1.93 1.93 0.03 1.98 -1.9 -0.98 1.08 1.03 -0.17 2.17000075088815 1.42976208733699 2.29342926390329 0.7325 0.2425 0.84 0.30175 0.07855 -0.4418
-0.51 -0.57 -0.55 -1.85 -1.09 -1.73 -2.07 -2.07 -1.97 -0.02 0.1 -0.98 -1.92 -1.97 -2.17 0.0423841694816126 0.870287385939141 1.99175837052405 -1.7675 -1.2575 -1.41 0.94425 0.69105 0.7057
-0.51 -0.57 -0.55 -1.85 1.91 -1.73 1.93 -0.0699999999999998 0.03 -1.02 2.1 -0.98 2.08 -0.97 0.83 1.05557200273332 1.83118236088782 2.3047695488739 -0.0175 0.7425 -0.16 -0.01825 -0.44895 0.0682
-0.51 0.43 -0.55 1.15 1.91 2.27 -0.0699999999999998 -0.0699999999999998 2.03 1.98 -1.9 -1.98 1.08 2.03 0.83 0.574234788817936 0.432368147616825 1.13463430999266 -0.0175 0.4925 1.84 -0.01825 0.18605 -0.9518
-0.51 0.43 -0.55 -1.85 0.91 0.27 -2.07 0.93 -1.97 -2.02 -1.9 -1.98 -1.92 -1.97 -2.17 0.427756857261347 -0.0514907178563211 0.686736740524045 -2.0175 -0.5075 -1.41 1.08175 -0.24395 0.7057
-0.51 -0.57 -0.55 1.15 1.91 -1.73 1.93 -2.07 -0.97 -0.02 -0.9 0.02 2.08 1.03 1.83 0.752586504725109 0.767471328286349 1.38794702247125 1.2325 -0.0074999999999999 -0.16 -0.70575 -0.02145 0.0682
0.49 0.43 -0.55 2.15 -1.09 -1.73 -0.0699999999999998 1.93 2.03 -0.02 1.1 1.02 1.08 1.03 -1.17 1.36227661205067 3.03087067586819 2.87142554948434 0.4825 0.7425 0.34 -0.29325 0.29355 0.1532
