0.52 -0.45 0.49 -1.84 -1.23 0.83 -2.13 2.19 0.92 1.05 2.16 0.0600000000000001 2.01 0.0800000000000001 -0.14 0.887506589715848 -0.483181201999866 1.93293722951154 -1.0125 0.8 1.2025 -0.50725 -0.465 0.5656
0.52 0.55 -0.51 -1.84 -1.23 -1.17 -2.13 1.19 -2.08 -1.95 0.16 -1.94 -0.99 0.0800000000000001 1.86 0.59638869235857 0.871837796758752 2.14762824130568 -1.0125 0.05 -1.5475 0.50525 -0.0775 -0.8644
0.52 0.55 0.49 -1.84 -2.23 0.83 -2.13 -1.81 -1.08 2.05 -0.84 -0.94 -1.99 0.0800000000000001 -0.14 1.03465458010976 2.31280412048451 0.885658262541997 -1.2625 -1.2 -0.0475 -0.62975 -0.765 -0.0844
-0.48 -0.45 -0.51 -0.84 0.77 -2.17 1.87 0.19 1.92 -0.95 -1.84 1.06 0.01 1.08 0.86 1.17078092941307 1.17789301962756 -0.688569344147033 0.7375 0.05 -0.2975 -0.38725 -0.1275 0.0831
0.52 0.55 0.49 0.16 -2.23 1.83 0.87 -1.81 0.92 1.05 -1.84 1.06 -0.99 -1.92 -2.14 -0.152072494162546 0.510118278781597 1.75320216298139 -0.0125 -1.95 0.7025 -0.01725 -1.1775 0.3056
-0.48 -0.45 -0.51 0.16 -0.23 -2.17 0.87 -1.81 0.92 -1.95 1.16 0.0600000000000001 0.01 -1.92 -0.14 1.81639653228336 2.87782253499932 1.53366404021671 0.2375 -0.7 -0.7975 -0.13225 0.21 0.3231
0.52 -0.45 -0.51 -1.84 -2.23 0.83 -2.13 -1.81 -1.08 -1.95 -0.84 -1.94 1.01 -1.92 0.86 0.604718684078144 -1.22097047709854 -0.613987137698748 -1.2625 -1.7 -0.2975 0.63275 0.66 -0.2144
0.52 0.55 0.49 0.16 -0.23 1.83 0.87 2.19 -2.08 -1.95 1.16 -0.94 -1.99 0.0800000000000001 -0.14 0.98047572726851 0.943033647911868 2.91217677869081 -0.0125 0.8 -1.0475 -0.01725 0.335 -0.6044
0.52 -0.45 0.49 0.16 -1.23 1.83 0.87 -1.81 -2.08 1.05 0.16 2.06 2.01 -1.92 -0.14 0.308857895675264 1.65393499421312 0.925689131343912 0.7375 -1.2 0.7025 0.35025 0.435 0.3056
-0.48 -0.45 -0.51 -0.84 1.77 -0.17 -2.13 -1.81 -2.08 -1.95 -1.84 1.06 -1.99 -1.92 0.86 0.146016900198917 1.0890052407392 0.120612940227337 -0.2625 -0.95 -1.5475 0.12275 0.3225 0.6831
0.52 0.55 0.49 -1.84 -0.23 1.83 1.87 -0.81 -1.08 1.05 2.16 -0.94 -0.99 0.0800000000000001 1.86 -0.612857128444463 0.22471915262005 1.28629492022456 0.2375 0.3 0.2025 0.10525 0.06 0.0456
-0.48 -0.45 -0.51 -1.84 -1.23 -0.17 1.87 -0.81 1.92 -0.95 1.16 0.0600000000000001 -0.99 -1.92 -1.14 0.767926938867322 1.51795782367389 2.72274465831542 -0.2625 -0.7 -0.0475 0.12275 0.21 -0.0369
0.52 0.55 0.49 0.16 0.77 1.83 -0.13 2.19 0.92 1.05 0.16 2.06 0.01 -0.92 1.86 3.63758825157119 1.88225895485931 2.69285669790127 0.9875 0.55 0.9525 0.47275 0.1975 0.4356
-0.48 -0.45 0.49 -1.84 -2.23 -2.17 -2.13 -1.81 -2.08 -1.95 -1.84 -1.94 -1.99 -1.92 -2.14 -0.170283939348002 -0.208369621526492 1.05756339477494 -2.0125 -1.95 -2.0475 -0.99725 0.7725 0.9231
0.52 -0.45 -0.51 -0.84 -1.23 -2.17 -2.13 1.19 -0.0800000000000001 1.05 1.16 1.06 0.01 0.0800000000000001 0.86 1.49541376985167 -0.334510101380963 1.37662676546062 -0.2625 0.3 -0.2975 0.12275 -0.24 -0.2144
0.52 -0.45 0.49 0.16 1.77 1.83 -1.13 1.19 -0.0800000000000001 -1.95 -0.84 -1.94 -1.99 -1.92 -2.14 0.225766754989515 1.87964888547147 1.28237981553645 -1.2625 0.05 -0.5475 -0.62975 -0.1275 -0.3444
0.52 -0.45 -0.51 -1.84 -2.23 0.83 -0.13 2.19 0.92 -0.95 -1.84 -1.94 1.01 2.08 -0.14 0.693663752225088 2.80835639322213 0.905867362965066 -1.0125 0.05 0.4525 0.50525 -0.1275 0.1756
0.52 -0.45 0.49 0.16 -2.23 0.83 1.87 0.19 1.92 -0.95 1.16 2.06 1.01 2.08 1.86 -1.03343306177538 0.0267601311315364 -0.199809313726678 1.4875 0.3 0.7025 0.71775 -0.24 0.3056
-0.48 -0.45 -0.51 -0.84 0.77 0.83 -1.13 -0.81 1.92 -0.95 2.16 2.06 -0.99 2.08 1.86 1.56525448371174 1.55197402364642 0.215323297007773 0.4875 1.05 0.2025 -0.25975 -0.5775 -0.1569
0.52 -0.45 -0.51 1.16 1.77 1.83 -2.13 1.19 1.92 -0.95 2.16 2.06 2.01 2.08 -0.14 0.12662278614575 1.36563603051225 2.20086891621569 0.2375 1.8 1.2025 -0.13225 -0.915 0.5656
0.52 0.55 0.49 0.16 1.77 0.83 1.87 -1.81 -2.08 2.05 -0.84 2.06 2.01 2.08 1.86 0.187966352205923 0.844647889118075 1.52773021279515 1.4875 0.3 0.7025 0.71775 0.06 0.3056
-0.48 -0.45 -0.51 0.16 -2.23 -0.17 -1.13 -1.81 0.92 0.05 -0.84 2.06 0.01 -1.92 0.86 0.705699678695937 1.7660138243167 2.18761976030471 0.4875 -1.7 0.2025 -0.25975 0.66 -0.1569
-0.48 -0.45 -0.51 1.16 -0.23 -2.17 -1.13 1.19 -0.0800000000000001 1.05 2.16 -1.94 -1.99 1.08 -2.14 0.0604354359160286 1.92161171198777 2.61408880767734 -1.0125 1.05 -0.7975 0.50525 -0.5775 0.3231
0.52 0.55 0.49 2.16 0.77 1.83 1.87 2.19 1.92 2.05 -1.84 2.06 0.01 0.0800000000000001 0.86 -0.944837880080377 1.1446743204249 0.914738584814564 1.7375 0.3 1.4525 0.84025 0.06 0.6956
0.52 -0.45 0.49 2.16 1.77 -1.17 -2.13 1.19 1.92 -1.95 0.16 1.06 1.01 -1.92 -1.14 2.40331334676276 0.294960322990524 1.27351170444828 -0.0125 0.3 -0.0475 -0.01725 -0.24 -0.0844
0.52 0.55 0.49 -0.84 1.77 1.83 1.87 2.19 1.92 2.05 2.16 2.06 2.01 1.08 1.86 0.638113647271018 1.34603293801896 3.80526070057549 1.2375 1.8 1.9525 0.59525 0.885 0.9556
0.52 -0.45 -0.51 0.16 1.77 1.83 1.87 1.19 -2.08 -1.95 -1.84 0.0600000000000001 2.01 2.08 -0.14 1.40213561403171 0.794400328305428 1.74210192536047 0.4875 0.8 -0.0475 -0.25975 -0.465 -0.0844
-0.48 -0.45 -0.51 -0.84 -0.23 -1.17 1.87 -1.81 -2.08 -0.95 -1.84 -0.94 -1.99 -0.92 -1.14 -0.11486301335725 0.832137675272647 0.982211949073784 -0.2625 -1.2 -1.5475 0.12275 0.435 0.6831
-0.48 -0.45 -0.51 -1.84 1.77 -2.17 -2.13 2.19 -2.08 0.05 2.16 -1.94 -0.99 2.08 0.86 -0.15916103720303 0.109929838195468 0.620776650953917 -1.2625 2.05 -1.2975 0.63275 -1.0275 0.5631
-0.48 0.55 -0.51 1.16 -2.23 1.83 1.87 2.19 0.92 1.05 -1.84 1.06 2.01 1.08 1.86 -0.497643548452786 0.0060750556222352 1.34565903515228 1.4875 -0.2 1.4525 -0.76975 -0.215 -0.7569
-0.48 -0.45 -0.51 2.16 1.77 1.83 -2.13 -1.81 0.92 -0.95 -0.84 -0.94 0.01 -1.92 -2.14 -0.109220560675503 0.117489361096424 0.128597971693409 -0.7625 -0.7 0.4525 0.37775 0.21 -0.2769
-0.48 0.55 0.49 -1.84 -0.23 0.83 -2.13 -0.81 1.92 2.05 2.16 2.06 1.01 0.0800000000000001 1.86 2.34914458892035 2.17952663690241 1.63497742326896 -0.0125 0.3 1.4525 -0.01725 0.06 -0.7569
0.52 0.55 -0.51 2.16 -2.23 1.83 -2.13 -1.81 0.92 -1.95 2.16 -1.94 -0.99 -1.92 -1.14 -1.83490167160533 -0.655034937750496 -0.428993314551572 -0.7625 -0.95 -0.0475 0.37775 -0.6275 -0.0844
-0.48 -0.45 -0.51 -1.84 -1.23 -2.17 1.87 -1.81 -1.08 2.05 -0.84 -0.94 1.01 -0.92 0.86 -0.758439611758014 -0.361238017189298 0.821963310567709 -0.0125 -1.2 -0.0475 -0.00474999999999998 0.435 -0.0369
0.52 0.55 0.49 -0.84 1.77 -2.17 -1.13 -1.81 -1.08 0.05 -1.84 0.0600000000000001 0.01 0.0800000000000001 -2.14 0.450987987564137 0.404967484101645 1.19918275937218 -1.0125 -0.45 -0.7975 -0.50725 -0.3525 -0.4744
-0.48 -0.45 -0.51 -1.84 -0.23 1.83 -2.13 -1.81 -0.0800000000000001 -0.95 0.16 1.06 2.01 -1.92 -0.14 1.15083208355611 1.78597181521841 1.91879509561046 -0.7625 -0.95 0.7025 0.37775 0.3225 -0.3969
0.52 0.55 0.49 1.16 -2.23 1.83 -0.13 2.19 -0.0800000000000001 -0.95 0.16 -1.94 -1.99 -0.92 -2.14 -0.130890980995787 -0.169695671217284 1.53568170553697 -0.7625 -0.2 -0.2975 -0.38475 -0.215 -0.2144
-0.48 -0.45 0.49 0.16 1.77 -2.17 -2.13 2.19 1.92 2.05 2.16 2.06 0.01 2.08 -1.14 1.03288706923832 1.55184576785247 3.59454128084164 -0.2625 2.05 0.4525 -0.13975 -1.0275 -0.2769
-0.48 -0.45 -0.51 2.16 -2.23 -2.17 -0.13 -1.81 -2.08 -1.95 0.16 -1.94 0.01 0.0800000000000001 -0.14 -0.108821332686212 -0.471730294848673 -0.425780469574481 -0.0125 -0.95 -1.5475 -0.00475000000000001 0.3225 0.6831
-0.48 0.55 -0.51 2.16 0.77 -0.17 1.87 -1.81 -2.08 2.05 -1.84 -0.94 2.01 -1.92 -2.14 0.430545120071741 1.03737060222002 1.92010304568713 0.2375 -1.2 0.4525 -0.13225 -0.765 -0.2769
-0.48 0.55 -0.51 0.16 -1.23 -2.17 -1.13 2.19 -1.08 -1.95 -1.84 0.0600000000000001 1.01 0.0800000000000001 -2.14 -0.935678127217183 -1.36132622259738 0.169641313683923 -0.7625 -0.2 -1.0475 0.37775 -0.215 0.4431
0.52 -0.45 -0.51 -1.84 1.77 1.83 1.87 -0.81 -1.08 2.05 -0.84 1.06 -1.99 0.0800000000000001 1.86 0.565909766798965 1.60650758656081 2.58320792777867 0.7375 0.05 0.2025 -0.38725 -0.1275 0.0456
-0.48 0.55 -0.51 1.16 1.77 -1.17 0.87 -1.81 -2.08 -1.95 -0.84 1.06 -0.99 2.08 0.86 0.134115113168022 1.16503627278557 0.585118121278296 0.9875 0.3 -1.5475 -0.51475 0.06 0.6831
0.52 0.55 0.49 0.16 1.77 -2.17 -1.13 0.19 -2.08 -1.95 0.16 -1.94 -1.99 2.08 -2.14 0.927065979673289 1.37938136433821 2.89446721603255 -1.2625 1.05 -2.0475 -0.62975 0.4725 -1.1244
0.52 0.55 0.49 -0.84 0.77 -2.17 1.87 -0.81 -0.0800000000000001 -1.95 2.16 -1.94 2.01 2.08 1.86 0.407750427663857 0.424581363683523 0.597975228350625 0.2375 1.05 -0.5475 0.10525 0.4725 -0.3444
-0.48 -0.45 0.49 2.16 -0.23 1.83 0.87 2.19 -0.0800000000000001 2.05 -1.84 2.06 2.01 2.08 1.86 -0.508660881984544 0.644280365893569 1.44999124677994 1.7375 0.55 1.4525 0.84025 -0.3525 -0.7569
0.52 -0.45 -0.51 -1.84 -2.23 1.83 1.87 -1.81 1.92 0.05 1.16 -0.94 -0.99 0.0800000000000001 -1.14 0.194737935848303 2.01604791312695 1.56063328622902 -0.5125 -0.7 0.7025 0.25025 0.21 0.3056
-0.48 -0.45 -0.51 -0.84 -1.23 -0.17 0.87 1.19 -2.08 2.05 -1.84 1.06 2.01 -1.92 0.86 -0.865591996707438 0.398296789630107 2.23849273803122 0.4875 -0.95 0.4525 -0.25975 0.3225 -0.2769
-0.48 -0.45 -0.51 2.16 0.77 1.83 1.87 -0.81 -0.0800000000000001 0.05 2.16 -0.94 -0.99 2.08 1.86 0.622133877667186 0.948002520829041 0.733278684446854 1.2375 1.05 0.2025 -0.64225 -0.5775 -0.1569
0.52 0.55 0.49 2.16 -2.23 1.83 -0.13 1.19 0.92 0.05 2.16 0.0600000000000001 2.01 1.08 1.86 1.93886467457997 0.60592821398173 0.139500948800749 0.9875 0.55 1.2025 0.47275 0.1975 0.5656
-0.48 -0.45 -0.51 2.16 1.77 1.83 -2.13 -1.81 -2.08 -0.95 -1.84 -0.94 -1.99 -1.92 -2.14 0.156854258447312 -1.3470643403629 0.783589818066179 -0.7625 -0.95 -0.7975 0.37775 0.3225 0.3231
-0.48 -0.45 -0.51 1.16 -1.23 1.83 -2.13 2.19 -0.0800000000000001 0.05 -1.84 -1.94 -1.99 -1.92 -2.14 -1.01655945514371 -0.877112235154291 0.621964975089585 -1.2625 -0.7 -0.0475 0.63275 0.21 -0.0369
0.52 0.55 0.49 -1.84 0.77 -2.17 -1.13 0.19 0.92 2.05 -1.84 -0.94 0.01 1.08 0.86 1.09252555200712 1.17563180229325 1.54732728538127 -0.7625 0.05 0.2025 -0.38475 -0.0775 0.0456
0.52 0.55 0.49 -1.84 1.77 1.83 -1.13 -1.81 0.92 0.05 0.16 2.06 -0.99 0.0800000000000001 1.86 1.26583805025876 0.653439916449684 1.61498472943622 0.2375 0.05 0.4525 0.10525 -0.0775 0.1756
-0.48 0.55 0.49 -0.84 1.77 -2.17 1.87 -1.81 1.92 -1.95 0.16 -1.94 -0.99 1.08 -0.14 0.596316722619101 -0.354157119655189 1.0307480188524 -0.2625 0.3 -0.7975 -0.13975 0.06 0.3231
-0.48 0.55 0.49 0.16 1.77 -1.17 -0.13 0.19 1.92 2.05 -1.84 -0.94 0.01 -0.92 -1.14 1.11781470940484 2.01066792064105 2.24306898117913 -0.5125 -0.2 0.7025 -0.26225 -0.215 -0.3969
0.52 -0.45 -0.51 2.16 0.77 1.83 1.87 -0.81 0.92 -1.95 0.16 -1.94 2.01 0.0800000000000001 -0.14 2.2216802537721 1.45305146005683 2.46749026745603 0.4875 0.05 0.7025 -0.25975 -0.1275 0.3056
0.52 0.55 0.49 -1.84 0.77 -2.17 -1.13 2.19 -2.08 2.05 0.16 -0.94 1.01 -1.92 -2.14 -1.38823248905756 -1.6189976246724 1.69704522584137 -1.5125 0.3 -0.2975 -0.75225 0.06 -0.2144
0.52 0.55 0.49 -0.84 -2.23 1.83 -0.13 -1.81 1.92 2.05 0.16 -1.94 -1.99 1.08 1.86 0.344948391331788 0.198701646637176 -0.0799304401587129 -0.2625 -0.7 0.9525 -0.13975 -0.49 0.4356
-0.48 0.55 0.49 -1.84 0.77 -0.17 1.87 2.19 -0.0800000000000001 -1.95 -1.84 -1.94 -1.99 -0.92 -0.14 0.857407776624278 0.52239956859978 0.291265291624617 -0.5125 0.05 -1.0475 -0.26225 -0.0775 0.4431
-0.48 -0.45 -0.51 1.16 -2.23 -1.17 -0.13 0.19 1.92 2.05 2.16 -1.94 2.01 0.0800000000000001 -2.14 -0.70414447904439 -0.602260073802033 0.732737303759959 -0.7625 0.05 1.2025 0.37775 -0.1275 -0.6369
-0.48 -0.45 -0.51 -0.84 -2.23 -0.17 -0.13 -0.81 1.92 -0.95 -1.84 2.06 1.01 -1.92 -2.14 0.572598371685823 2.09060501350281 1.87617431571142 -0.2625 -1.7 0.4525 0.12275 0.66 -0.2769
0.52 -0.45 0.49 -1.84 -0.23 -2.17 -1.13 -1.81 -1.08 2.05 -0.84 2.06 1.01 -1.92 -2.14 0.985384136975724 0.807956481480461 2.38644753262581 -0.7625 -1.2 -0.0475 -0.38475 0.435 -0.0844
-0.48 -0.45 -0.51 1.16 -0.23 -2.17 0.87 -1.81 -2.08 -0.95 -1.84 -1.94 -0.99 -1.92 -1.14 1.01880824120549 0.438437542332014 -0.183729877699801 -0.2625 -1.45 -1.5475 0.12275 0.5475 0.6831
-0.48 0.55 0.49 0.16 -2.23 0.83 1.87 -0.81 1.92 1.05 -1.84 -0.94 0.01 1.08 1.86 0.426678896029268 0.941003843097579 1.70590327831354 0.7375 -0.95 0.9525 0.35025 -0.6275 -0.5169
0.52 0.55 0.49 1.16 0.77 -0.17 1.87 2.19 0.92 2.05 -1.84 2.06 1.01 0.0800000000000001 -0.14 1.58621208644553 0.861198723241356 0.566146241884099 1.2375 0.3 0.9525 0.59525 0.06 0.4356
-0.48 -0.45 -0.51 -0.84 -2.23 1.83 -1.13 -1.81 -1.08 -1.95 -1.84 -0.94 1.01 0.0800000000000001 0.86 1.70296821035978 1.97107571652845 0.773645079213849 -0.5125 -1.45 -0.0475 0.25025 0.5475 -0.0369
-0.48 0.55 -0.51 0.16 1.77 1.83 -0.13 0.19 -2.08 -1.95 -1.84 1.06 0.01 2.08 1.86 -0.166794220340189 0.647071848010557 -0.518071049395472 0.7375 0.55 -0.5475 -0.38725 0.1975 0.2031
-0.48 0.55 -0.51 1.16 1.77 -2.17 1.87 0.19 1.92 -1.95 1.16 2.06 2.01 -1.92 -2.14 1.04263300005274 1.51281850580387 1.50408554340955 0.7375 0.3 -0.0475 -0.38725 0.06 -0.0369
0.52 0.55 0.49 1.16 1.77 -2.17 1.87 1.19 -1.08 1.05 2.16 2.06 1.01 2.08 1.86 0.849557659055936 2.62441593845583 1.842377115999 1.7375 1.8 -0.2975 0.84025 0.885 -0.2144
-0.48 0.55 0.49 1.16 -2.23 1.83 -2.13 0.19 0.92 2.05 -1.84 -1.94 0.01 -0.92 -1.14 1.55942383046035 1.17635179099246 1.77599263501372 -1.0125 -1.2 1.2025 -0.50725 -0.765 -0.6369
-0.48 0.55 -0.51 0.16 0.77 0.83 -2.13 1.19 1.92 2.05 0.16 2.06 2.01 2.08 -2.14 0.406142110128201 1.02665687922326 0.362216560301607 -0.5125 1.05 1.7025 0.25025 0.4725 -0.8769
-0.48 -0.45 0.49 -1.84 -2.23 0.83 -0.13 2.19 0.92 2.05 2.16 2.06 -1.99 0.0800000000000001 -2.14 0.511093568762426 0.193210161705258 0.886353626252945 -0.5125 0.55 0.4525 -0.26225 -0.3525 -0.2769
-0.48 0.55 0.49 -1.84 1.77 1.83 1.87 2.19 -1.08 0.05 1.16 2.06 2.01 2.08 1.86 1.2458351561736 0.977993135048276 2.47498623056294 0.9875 1.8 0.7025 0.47275 0.885 -0.3969
-0.48 -0.45 -0.51 -1.84 1.77 1.83 -1.13 -1.81 0.92 -1.95 -0.84 2.06 0.01 0.0800000000000001 1.86 -0.0310395875160243 0.281718547912388 0.887556597232915 0.2375 -0.2 0.2025 -0.13225 -0.015 -0.1569
-0.48 -0.45 0.49 -1.84 -2.23 -2.17 -0.13 2.19 1.92 0.05 -0.84 -0.94 -0.99 -0.92 -1.14 0.245817022016992 0.309896117963237 0.457868441847805 -1.0125 -0.45 -0.2975 -0.50725 0.0975 0.0831
-0.48 -0.45 -0.51 -1.84 1.77 -1.17 -0.13 2.19 -2.08 1.05 -0.84 0.0600000000000001 0.01 -0.92 0.86 0.686604631039898 0.781304249618863 0.0495923374414334 -0.2625 0.55 -0.5475 0.12275 -0.3525 0.2031
0.52 -0.45 -0.51 -0.84 -1.23 0.83 1.87 1.19 -2.08 -1.95 -0.84 -0.94 2.01 0.0800000000000001 -1.14 0.86271068859442 0.209861823661899 0.558587322968725 -0.2625 -0.2 -0.2975 0.12275 -0.015 -0.2144
-0.48 0.55 -0.51 1.16 -1.23 -2.17 1.87 -1.81 -2.08 2.05 2.16 1.06 2.01 0.0800000000000001 1.86 0.583149058515942 0.236721451545473 0.741555591389299 1.4875 -0.2 -0.0475000000000001 -0.76975 -0.215 -0.0368999999999999
-0.48 -0.45 0.49 2.16 0.77 0.83 1.87 1.19 1.92 1.05 -1.84 2.06 0.01 -1.92 -2.14 1.57014852064078 1.72858263588062 2.10419315779971 0.9875 -0.45 0.9525 0.47275 0.0975 -0.5169
-0.48 -0.45 -0.51 -1.84 1.77 -2.17 1.87 1.19 -2.08 -1.95 2.16 -0.94 -0.99 -0.92 -2.14 -0.247040431507117 -0.834677084147107 -0.150796039998369 -0.7625 1.05 -1.7975 0.37775 -0.5775 0.8031
0.52 -0.45 0.49 -1.84 0.77 -1.17 -1.13 1.19 1.92 2.05 1.16 -1.94 2.01 -0.92 -0.14 0.608663385785741 0.746420820693814 0.988744562447639 -1.2625 0.55 1.2025 -0.62975 -0.3525 0.5656
0.52 -0.45 -0.51 -0.84 -0.23 1.83 0.87 -1.81 -2.08 0.05 0.16 2.06 -1.99 -0.92 0.86 -0.423312003756685 -0.556746567789701 -0.585507029724728 0.7375 -0.7 -0.5475 -0.38725 0.21 -0.3444
-0.48 -0.45 0.49 0.16 1.77 -2.17 -0.13 -1.81 -0.0800000000000001 -1.95 1.16 -1.94 -0.99 -1.92 -2.14 0.989823752804238 1.01539272625479 1.16466328162037 -1.0125 -0.2 -1.2975 -0.50725 -0.015 0.5631
0.52 0.55 0.49 2.16 1.77 -0.17 1.87 1.19 -0.0800000000000001 0.05 2.16 1.06 2.01 2.08 1.86 0.994079278668376 2.99410694381497 4.4910773727095 1.7375 1.8 0.4525 0.84025 0.885 0.1756
0.52 -0.45 -0.51 2.16 1.77 1.83 0.87 -1.81 -1.08 1.05 2.16 2.06 -1.99 1.08 0.86 0.107301281845503 1.31227805408839 0.195725522324047 1.4875 0.8 -0.0475 -0.76975 -0.465 -0.0844
-0.48 0.55 0.49 2.16 -0.23 -2.17 0.87 1.19 1.92 1.05 0.16 -1.94 -1.99 2.08 1.86 0.510346090289098 1.02227454207775 0.202788852086985 0.7375 0.8 -0.2975 0.35025 0.335 0.0831
-0.48 -0.45 -0.51 2.16 -2.23 -2.17 -1.13 -1.81 1.92 -1.95 2.16 1.06 0.01 1.08 0.86 -0.806779978344769 0.610378052475578 -0.103742007379408 0.7375 -0.2 -0.5475 -0.38725 -0.015 0.2031
0.52 -0.45 -0.51 2.16 1.77 -2.17 0.87 -1.81 -2.08 0.05 -0.84 -1.94 -1.99 1.08 -2.14 0.492452398086008 0.515677381212551 0.569113310262736 -0.2625 0.05 -1.5475 0.12275 -0.1275 -0.8644
0.52 -0.45 0.49 2.16 0.77 0.83 1.87 0.19 -0.0800000000000001 1.05 0.16 2.06 -0.99 1.08 0.86 0.0761631136602929 -0.0492293245609091 -0.161697764958031 1.7375 0.55 0.2025 0.84025 -0.3525 0.0456
0.52 -0.45 0.49 -0.84 -2.23 -1.17 -2.13 -1.81 -2.08 1.05 -0.84 -0.94 -1.99 -0.92 -0.14 1.18154354171643 1.40462438711923 1.27587946451422 -1.0125 -1.45 -1.0475 -0.50725 0.5475 -0.6044
0.52 0.55 0.49 -1.84 1.77 -0.17 1.87 2.19 -2.08 1.05 1.16 1.06 2.01 2.08 1.86 1.05569720981729 1.28905463103609 2.78076907172284 0.7375 1.8 0.2025 0.35025 0.885 0.0456
0.52 -0.45 0.49 -1.84 -2.23 0.83 -2.13 -1.81 -1.08 0.05 1.16 -0.94 1.01 0.0800000000000001 -0.14 0.523895740829359 1.19177430104687 1.32805174464402 -1.2625 -0.7 0.2025 -0.62975 0.21 0.0456
-0.48 0.55 0.49 2.16 -0.23 -1.17 -1.13 0.19 1.92 0.05 2.16 2.06 -0.99 2.08 1.86 0.683722639477807 0.743849502913459 0.463414831656797 1.2375 1.05 -0.0475 0.59525 0.4725 -0.0369
0.52 0.55 -0.51 2.16 1.77 0.83 -0.13 -0.81 1.92 0.05 -0.84 -1.94 1.01 1.08 0.86 1.03203424680809 2.06308609375849 1.46099860989318 0.2375 0.3 0.9525 -0.13225 0.06 0.4356
-0.48 -0.45 0.49 2.16 0.77 1.83 0.87 1.19 -0.0800000000000001 0.05 1.16 -1.94 -1.99 -0.92 -2.14 1.2753387421861 0.24617650128318 0.388607209372341 -0.2625 0.55 -0.0475 -0.13975 -0.3525 -0.0369
0.52 0.55 0.49 -1.84 -2.23 -2.17 -2.13 2.19 0.92 0.05 -0.84 0.0600000000000001 2.01 2.08 1.86 1.04913074895374 0.829996666022982 1.12122088456139 -0.5125 0.3 0.2025 -0.26225 0.06 0.0456
-0.48 0.55 0.49 2.16 1.77 -0.17 -2.13 2.19 1.92 1.05 2.16 1.06 0.01 -1.92 0.86 0.815473437101613 1.41852785211978 0.94715605449399 0.4875 1.05 0.7025 0.22775 0.4725 -0.3969
0.52 0.55 0.49 -0.84 0.77 -1.17 -0.13 -0.81 -0.0800000000000001 -1.95 -1.84 -1.94 -1.99 -1.92 -1.14 0.390387813808818 0.465811894902957 0.512419845013261 -1.0125 -0.95 -1.2975 -0.50725 -0.6275 -0.7344
-0.48 0.55 -0.51 2.16 1.77 1.83 -0.13 -0.81 0.92 -1.95 -0.84 -1.94 -1.99 0.0800000000000001 0.86 2.12204822121659 1.88592631445745 2.27340829711784 0.2375 0.05 -0.2975 -0.13225 -0.0775 0.0831
