0.46 -0.48 0.48 1.83 -1.22 0.92 -1.35 1.9 -1.95 2.12 1.75 -0.74 2.07 0.2 2.04 -0.229365050202317 1.28980963825477 3.34825893390912 0.445 0.6575 0.79 0.1972 -0.4062 0.2243
0.46 -0.48 -0.52 1.83 1.78 1.92 1.65 1.9 -0.95 2.12 -0.25 -1.74 2.07 2.2 2.04 1.93343339067398 2.75546988472838 1.7524227604907 0.945 1.4075 1.29 -0.5078 -0.7662 0.4543
0.46 -0.48 -0.52 -0.17 -2.22 0.92 -2.35 1.9 -1.95 2.12 -0.25 1.26 2.07 -1.8 -0.96 0.7213642744122 -0.0145378786818995 0.0850639801255721 -0.555 -0.5925 0.79 0.2722 0.1938 0.2243
0.46 -0.48 0.48 -0.17 0.78 -2.08 -0.35 -2.1 0.05 1.12 1.75 -1.74 1.07 0.2 1.04 0.131192959999657 0.156898084664978 0.662598925408862 -0.305 0.1575 0.04 -0.1628 -0.1662 -0.1207
0.46 -0.48 0.48 1.83 -1.22 -1.08 1.65 -0.1 2.05 -1.88 -2.25 2.26 -0.93 2.2 1.04 1.23165037036437 1.65568856549431 1.9990436774722 1.695 -0.3425 -0.46 0.7972 0.0738 -0.3507
-0.54 -0.48 -0.52 0.83 0.78 1.92 1.65 0.9 2.05 -1.88 1.75 0.26 -0.93 -1.8 1.04 -0.322254004667686 1.44776619253965 0.930231103385298 0.945 0.4075 0.29 -0.5078 -0.2862 -0.2957
0.46 0.52 0.48 -2.17 -2.22 1.92 -2.35 -1.1 2.05 -0.88 -0.25 1.26 -0.93 -0.8 -0.96 0.587272932621846 0.580178863165519 -0.479189994571461 -1.055 -1.0925 0.54 -0.5228 -0.6587 0.1093
-0.54 0.52 -0.52 -1.17 1.78 -1.08 -2.35 -2.1 0.05 -1.88 -1.25 -0.74 -1.93 2.2 -1.96 0.371858400710021 2.08477326829511 1.81773623646808 -1.555 0.1575 -1.21 0.7922 -0.00869999999999997 0.5143
-0.54 -0.48 -0.52 -0.17 -0.22 1.92 0.65 0.9 2.05 -1.88 0.75 -1.74 2.07 1.2 1.04 0.54436659682181 0.111395048520404 0.303350054800345 -0.055 0.6575 1.04 0.0122 -0.4062 -0.7007
0.46 0.52 0.48 1.83 1.78 -0.0800000000000001 0.65 -0.1 1.05 1.12 1.75 -0.74 0.0700000000000001 -1.8 -0.96 2.35442475486389 2.32087869951848 2.15968254078851 0.195 0.4075 0.54 0.0772 0.1213 0.1093
0.46 0.52 0.48 -1.17 1.78 -2.08 -1.35 -1.1 2.05 -1.88 -0.25 -1.74 -1.93 -1.8 -1.96 2.91733414031545 1.97656464232074 1.5841706110075 -1.555 -0.3425 -0.96 -0.7628 -0.2687 -0.5807
-0.54 -0.48 -0.52 -2.17 1.78 1.92 1.65 -1.1 -0.95 -0.88 1.75 -0.74 2.07 2.2 0.04 1.11540190241443 1.75692256763785 0.724095689709978 -0.305 1.1575 0.54 0.1422 -0.6462 -0.4307
0.46 -0.48 -0.52 -2.17 0.78 -2.08 -2.35 -0.1 -1.95 -1.88 -2.25 -0.74 -0.93 2.2 -1.96 -0.90100714050477 0.526202782892648 -0.419245815725947 -1.805 0.1575 -1.71 0.9222 -0.1662 -0.9257
0.46 -0.48 0.48 -0.17 -2.22 -1.08 -2.35 -2.1 2.05 0.12 -1.25 1.26 -0.93 1.2 -1.96 -1.84490596119144 0.0695035038172241 1.09094363556322 -0.805 -1.0925 0.04 -0.4028 0.4338 -0.1207
-0.54 -0.48 -0.52 1.83 -2.22 -2.08 1.65 1.9 0.05 2.12 -0.25 -1.74 -1.93 0.2 -0.96 -1.84257929379693 0.761220199291922 1.1321454968841 0.195 -0.0925000000000001 -0.46 -0.1178 -0.0462 0.1093
-0.54 0.52 -0.52 -1.17 -0.22 -0.0800000000000001 -2.35 0.9 2.05 1.12 1.75 1.26 0.0700000000000001 -1.8 0.04 0.465826416499284 -0.0949976415598205 1.36655899536794 -0.555 0.1575 0.79 0.2722 -0.0087 -0.5657
-0.54 -0.48 -0.52 -0.17 -2.22 -0.0800000000000001 1.65 -2.1 0.05 1.12 -0.25 2.26 -0.93 1.2 0.04 1.57311382850638 1.04763763121178 2.42362389570005 0.945 -0.8425 0.04 -0.5078 0.3138 -0.1607
0.46 0.52 0.48 -1.17 -0.22 1.92 -1.35 -0.1 2.05 1.12 1.75 1.26 2.07 0.2 2.04 0.652657072957704 1.7574546287175 0.170950973126047 0.195 0.4075 1.79 0.0772 0.1213 0.6843
-0.54 0.52 0.48 -2.17 0.78 1.92 -2.35 0.9 -1.95 -0.88 1.75 0.26 2.07 -1.8 0.04 -0.134553297016453 0.738253181623999 1.43984040223696 -1.055 0.4075 0.29 -0.5228 0.1213 -0.2957
-0.54 0.52 -0.52 -0.17 -2.22 -0.0800000000000001 1.65 0.9 -1.95 -0.88 -2.25 -0.74 0.0700000000000001 1.2 -1.96 1.63437712519896 1.26838051586138 0.782855185204856 -0.305 -0.5925 -0.71 0.1422 -0.3987 0.2443
0.46 -0.48 0.48 1.83 -1.22 -2.08 0.65 -0.1 -1.95 1.12 -0.25 -1.74 -1.93 0.2 -0.96 0.886512576029112 0.561629178570607 3.02256135707198 -0.055 -0.3425 -1.21 -0.0428 0.0738 -0.6957
-0.54 -0.48 0.48 -0.17 -2.22 1.92 0.65 -2.1 0.05 -1.88 -2.25 -1.74 0.0700000000000001 -0.8 0.04 1.46528069487336 1.68275723535704 0.973325385170787 -0.305 -1.8425 0.04 -0.1628 0.7938 -0.1607
0.46 0.52 0.48 1.83 -0.22 1.92 1.65 -1.1 2.05 1.12 1.75 2.26 2.07 2.2 2.04 1.4844659570254 1.18208629894088 1.36565588528693 1.945 0.6575 1.79 0.9172 0.2513 0.6843
0.46 0.52 0.48 -0.17 1.78 -1.08 1.65 1.9 0.05 2.12 1.75 0.26 -1.93 0.2 2.04 2.01316892759248 2.47955444433058 2.27030022064238 0.945 1.4075 -0.21 0.4372 0.6413 -0.2357
-0.54 0.52 0.48 0.83 1.78 1.92 -1.35 -1.1 1.05 -1.88 1.75 -0.74 0.0700000000000001 0.2 0.04 1.55594042559909 3.10014530304533 2.72493866871474 -0.305 0.6575 0.29 -0.1628 0.2513 -0.2957
-0.54 -0.48 0.48 -2.17 -2.22 -2.08 -0.35 0.9 -1.95 -1.88 -0.25 -1.74 -0.93 -0.8 0.04 -0.997472273125517 1.82583481940864 1.03815703160241 -1.055 -0.5925 -1.71 -0.5228 0.1938 0.7843
0.46 0.52 -0.52 1.83 1.78 0.92 1.65 1.9 2.05 -0.88 0.75 1.26 -1.93 -0.8 2.04 0.302938549981906 -0.0313743750732813 0.580498550429379 1.695 0.9075 0.04 -0.8978 0.3813 -0.1207
0.46 0.52 0.48 -1.17 1.78 -0.0800000000000001 0.65 -2.1 0.05 0.12 1.75 -1.74 -1.93 0.2 -1.96 -0.719758474859312 0.310776949871667 -0.15922549247197 -1.055 0.4075 -0.46 -0.5228 0.1213 -0.3507
0.46 -0.48 -0.52 1.83 0.78 -0.0800000000000001 0.65 -2.1 0.05 0.12 -1.25 2.26 0.0700000000000001 2.2 2.04 1.26610029306039 -0.421494990502893 1.2945448309473 1.695 -0.0925 0.04 -0.8978 -0.0462 -0.1207
0.46 0.52 -0.52 -2.17 -2.22 -0.0800000000000001 -2.35 -2.1 2.05 2.12 0.75 2.26 1.07 -0.8 -0.96 1.00289401911117 0.292361871701644 0.226263351755469 -0.805 -1.0925 1.29 0.4022 -0.6587 0.4543
0.46 0.52 0.48 1.83 1.78 1.92 1.65 -0.1 2.05 -0.88 0.75 2.26 1.07 0.2 1.04 -0.0493663429344988 3.24207753293442 0.461497383421839 1.695 0.6575 1.04 0.7972 0.2513 0.3393
0.46 -0.48 -0.52 1.83 -2.22 -1.08 1.65 -1.1 2.05 -0.88 1.75 -0.74 1.07 1.2 -0.96 1.42805316890887 0.756507343783949 1.54945442578623 0.445 -0.0925000000000001 0.29 -0.2478 -0.0462 -0.00570000000000004
-0.54 -0.48 0.48 -2.17 1.78 -1.08 0.65 -2.1 2.05 2.12 0.75 -1.74 -1.93 -1.8 0.04 1.02630285416799 1.23100044687097 0.64272671196259 -0.805 -0.3425 0.29 -0.4028 0.0738 -0.2957
0.46 -0.48 -0.52 -0.17 -2.22 -2.08 -0.35 -0.1 0.05 2.12 1.75 2.26 2.07 1.2 1.04 -0.44789925387136 -0.00647269477627925 -0.742508439929161 0.695 0.1575 0.54 -0.3778 -0.1662 0.1093
0.46 0.52 0.48 -0.17 0.78 -1.08 1.65 -2.1 -1.95 2.12 1.75 -0.74 2.07 2.2 1.04 1.89090135660504 1.16874673806671 2.59345720889291 0.445 0.6575 0.29 0.1972 0.2513 -0.00569999999999998
0.46 0.52 0.48 -0.17 -0.22 1.92 0.65 1.9 -1.95 2.12 1.75 0.26 1.07 0.2 -0.96 1.87789961840946 0.79042709006138 2.0886324322706 -0.055 0.9075 0.79 -0.0428 0.3813 0.2243
-0.54 0.52 0.48 -2.17 1.78 0.92 0.65 1.9 -1.95 -1.88 -2.25 2.26 1.07 -1.8 -1.96 -0.0196104437087298 0.710909190495394 0.184774862302664 -0.305 -0.0925000000000001 -0.46 -0.1628 -0.1387 0.1093
-0.54 -0.48 -0.52 -2.17 1.78 1.92 1.65 1.9 -0.95 -0.88 -2.25 -1.74 -0.93 1.2 1.04 0.140898319639884 0.0356374458256996 2.486906192073 -0.305 0.6575 -0.21 0.1422 -0.4062 -0.0257
-0.54 -0.48 -0.52 -2.17 0.78 0.92 -2.35 -2.1 0.05 -0.88 -0.25 1.26 -0.93 -0.8 -0.96 -0.475796236528345 0.301475005238058 0.531041479539914 -1.055 -0.5925 -0.21 0.5322 0.1938 -0.0257
0.46 -0.48 -0.52 0.83 0.78 0.92 -2.35 -2.1 2.05 2.12 -2.25 0.26 -1.93 1.2 0.04 0.565639755634786 1.53486639215495 2.97230431695009 -0.305 -0.5925 0.79 0.1422 0.1938 0.2243
0.46 -0.48 0.48 1.83 -2.22 -1.08 1.65 0.9 -1.95 2.12 -0.25 -1.74 0.0700000000000001 -1.8 0.04 1.28286339608606 1.32964399147539 1.29586697277947 0.445 -0.8425 -0.21 0.1972 0.3138 -0.2357
-0.54 0.52 0.48 0.83 -2.22 -2.08 -2.35 -1.1 -0.95 -0.88 -1.25 -1.74 -1.93 -1.8 -1.96 -0.271691470034852 -0.381657166134326 0.634154851637078 -1.305 -1.5925 -1.46 -0.6428 -0.9187 0.6493
-0.54 0.52 0.48 -0.17 1.78 -1.08 1.65 -1.1 -1.95 2.12 -0.25 2.26 1.07 1.2 2.04 1.47803449996087 0.809667142540312 1.80549646990982 1.445 0.4075 0.04 0.6772 0.1213 -0.1607
-0.54 0.52 -0.52 1.83 1.78 0.92 -2.35 -1.1 2.05 -0.88 0.75 -0.74 2.07 1.2 1.04 2.05456488444911 0.837140261798624 2.26135361424349 -0.055 0.6575 1.04 0.0122 0.2513 -0.7007
-0.54 -0.48 -0.52 -2.17 -2.22 -2.08 0.65 0.9 1.05 -1.88 -2.25 -1.74 -1.93 0.2 0.04 0.631739398474479 1.05452120467894 0.539695927543036 -0.805 -0.8425 -1.21 0.4022 0.3138 0.5143
0.46 0.52 0.48 -2.17 0.78 1.92 -0.35 1.9 -0.95 2.12 -0.25 1.26 -1.93 1.2 1.04 0.290371128326128 -0.187349633100135 -0.393047464459886 -0.055 0.9075 0.29 -0.0428 0.3813 -0.00570000000000001
0.46 -0.48 0.48 0.83 1.78 -2.08 -2.35 -2.1 2.05 0.12 1.75 2.26 2.07 -0.8 2.04 0.569868853358543 0.86360505333707 0.0844940162062957 0.695 0.1575 0.54 0.3172 -0.1662 0.1093
0.46 -0.48 -0.52 0.83 0.78 -2.08 -1.35 -2.1 -1.95 2.12 -0.25 2.26 -1.93 -0.8 -0.96 0.724221568266658 1.27418317023782 1.60241475093004 0.195 -0.5925 -0.96 -0.1178 0.1938 -0.5807
0.46 -0.48 0.48 -2.17 -1.22 1.92 1.65 1.9 2.05 -1.88 1.75 -0.74 -1.93 0.2 -0.96 -0.962660564153149 -0.489941076834493 0.345562540783255 -0.555 0.6575 0.04 -0.2828 -0.4062 -0.1207
-0.54 0.52 -0.52 -2.17 -0.22 -2.08 1.65 -1.1 -1.95 -1.88 -1.25 -1.74 0.0700000000000001 -1.8 -1.96 -0.00874937468495141 2.02475276987423 2.50027535787151 -1.055 -1.0925 -1.46 0.5322 -0.6587 0.6493
-0.54 -0.48 -0.52 -0.17 -1.22 -2.08 -0.35 1.9 -0.95 -0.88 -0.25 -1.74 0.0700000000000001 -1.8 1.04 2.44992703857135 3.99138747709381 1.99967167587545 -0.305 -0.3425 -0.96 0.1422 0.0738 0.3793
0.46 0.52 -0.52 1.83 -2.22 -2.08 -2.35 -0.1 0.05 1.12 -2.25 0.26 0.0700000000000001 -1.8 1.04 0.474178713875915 0.209365790163277 0.765022254438491 0.195 -1.5925 -0.21 -0.1178 -0.9187 -0.2357
-0.54 -0.48 -0.52 -1.17 -2.22 -0.0800000000000001 0.65 1.9 0.05 1.12 -2.25 0.26 -0.93 -0.8 0.04 0.691090138477929 1.25352130133865 0.788123286136628 -0.055 -0.8425 0.04 0.0122 0.3138 -0.1607
0.46 0.52 0.48 1.83 1.78 1.92 0.65 -1.1 2.05 2.12 0.75 -0.74 2.07 1.2 0.04 0.425295391046092 -0.881161229916616 1.20704044913601 0.445 0.6575 2.04 0.1972 0.2513 0.7993
-0.54 -0.48 -0.52 -2.17 -1.22 -1.08 1.65 1.9 -0.95 2.12 -1.25 0.26 0.0700000000000001 0.2 1.04 2.82169209160407 0.00926167115695076 1.80456526000379 0.195 -0.0925000000000001 0.04 -0.1178 -0.0462 -0.1607
-0.54 0.52 0.48 -2.17 -0.22 -1.08 -2.35 0.9 -1.95 1.12 1.75 0.26 0.0700000000000001 1.2 1.04 -1.49047151577553 -0.169338162674344 -0.205153856758536 -0.805 0.9075 -0.46 -0.4028 0.3813 0.1093
-0.54 -0.48 0.48 0.83 -2.22 -0.0800000000000001 -2.35 0.9 -1.95 -0.88 -1.25 -1.74 1.07 -0.8 -0.96 -0.585498751428839 0.931442075006189 1.32900212279601 -1.055 -0.8425 -0.46 -0.5228 0.3138 0.1093
-0.54 -0.48 -0.52 0.83 -1.22 1.92 -0.35 1.9 -1.95 0.12 -1.25 -1.74 -1.93 0.2 -1.96 -0.371638661266562 -0.0073126852963559 0.465547480173411 -0.805 -0.0925000000000001 -0.46 0.4022 -0.0462 0.1093
-0.54 -0.48 -0.52 1.83 -0.22 -1.08 -0.35 1.9 -1.95 -1.88 0.75 -1.74 -1.93 -1.8 2.04 -1.47997423029398 -0.593617554018686 -0.0622034303176366 0.445 0.1575 -1.71 -0.2478 -0.1662 0.7843
-0.54 -0.48 0.48 1.83 -0.22 -1.08 -2.35 1.9 0.05 -1.88 -0.25 0.26 -1.93 -0.8 0.04 0.516492314612183 0.796021251000443 1.55803216086368 -0.055 0.1575 -1.21 -0.0428 -0.1662 0.5143
-0.54 0.52 0.48 -2.17 -1.22 -2.08 -0.35 -0.1 -1.95 -1.88 -1.25 -1.74 -0.93 1.2 -0.96 0.845117001654215 0.0568999860940662 1.04290647289299 -1.305 -0.3425 -1.71 -0.6428 -0.2687 0.7843
0.46 0.52 -0.52 -2.17 -1.22 1.92 0.65 0.9 0.05 -0.88 1.75 2.26 -1.93 -1.8 1.04 0.880278301282044 1.74042372351415 -0.384244180224859 0.445 -0.0925000000000001 -0.21 -0.2478 -0.1387 -0.2357
-0.54 0.52 0.48 -2.17 -0.22 -1.08 -2.35 1.9 0.05 -1.88 1.75 -1.74 -1.93 -0.8 -1.96 -0.70328446341179 -0.2693716722372 -0.0787723500862406 -2.055 0.6575 -1.21 -1.0028 0.2513 0.5143
-0.54 -0.48 -0.52 0.83 -2.22 -0.0800000000000001 -2.35 -2.1 -1.95 -1.88 -2.25 -1.74 0.0700000000000001 -1.8 -1.96 -0.400355276175135 -0.796165321337043 0.816194796998564 -1.305 -2.0925 -0.96 0.6622 0.9138 0.3793
-0.54 -0.48 -0.52 1.83 -2.22 -1.08 0.65 1.9 -0.95 -1.88 1.75 -0.74 -1.93 -1.8 0.04 1.10645384952104 0.278581567482728 1.00329539502693 0.445 -0.0925000000000001 -1.46 -0.2478 -0.0462 0.6493
-0.54 -0.48 -0.52 1.83 1.78 1.92 1.65 -0.1 -0.95 0.12 1.75 2.26 0.0700000000000001 -0.8 2.04 -0.444108316659673 1.0728824621014 -0.217098095141188 1.945 0.6575 0.29 -1.0278 -0.4062 -0.2957
0.46 0.52 0.48 1.83 0.78 -1.08 -1.35 -0.1 0.05 0.12 -1.25 -1.74 1.07 0.2 0.04 -1.36363411358713 -0.428725603186208 0.0340607608804358 -0.305 -0.0925000000000001 0.04 -0.1628 -0.1387 -0.1207
0.46 0.52 -0.52 1.83 0.78 1.92 1.65 -0.1 2.05 2.12 1.75 2.26 2.07 1.2 2.04 1.08109154624833 1.24489990411184 1.96630795717401 1.945 0.9075 2.04 -1.0278 0.3813 0.7993
0.46 0.52 0.48 1.83 -0.22 1.92 1.65 0.9 2.05 -1.88 0.75 0.26 0.0700000000000001 2.2 0.04 0.716322104612192 0.811048902159148 1.33873257460148 0.945 0.9075 0.54 0.4372 0.3813 0.1093
0.46 0.52 0.48 -2.17 0.78 1.92 0.65 -2.1 -1.95 0.12 -2.25 -0.74 -0.93 -1.8 -0.96 0.787380071213907 0.260615031888982 -0.791695693389005 -0.805 -1.3425 -0.21 -0.4028 -0.7887 -0.2357
-0.54 0.52 0.48 -0.17 -2.22 0.92 1.65 1.9 2.05 1.12 1.75 2.26 2.07 1.2 2.04 1.20663634900544 1.07822621456962 2.60974520375095 1.445 0.6575 1.54 0.6772 0.2513 -0.9707
-0.54 0.52 0.48 1.83 -2.22 1.92 1.65 -2.1 -1.95 -1.88 -1.25 0.26 1.07 -1.8 0.04 1.58006792924077 1.80597893818783 2.79761789018547 0.945 -1.8425 -0.21 0.4372 -1.0487 -0.0257
0.46 -0.48 0.48 -2.17 1.78 0.92 0.65 0.9 -1.95 2.12 -0.25 -1.74 1.07 -1.8 1.04 0.671459572341265 0.708054866629582 1.18417744778847 -0.555 0.1575 0.54 -0.2828 -0.1662 0.1093
-0.54 -0.48 0.48 1.83 -2.22 1.92 1.65 1.9 -1.95 1.12 0.75 2.26 1.07 2.2 2.04 1.69116592799916 0.823812953691321 1.63744260060943 1.945 0.6575 0.54 0.9172 -0.4062 -0.4307
-0.54 0.52 0.48 1.83 1.78 -2.08 1.65 1.9 2.05 -0.88 0.75 2.26 -0.93 2.2 2.04 -0.2542077181208 0.844412551568487 0.61130613788177 1.945 1.6575 -0.46 0.9172 0.7713 0.1093
0.46 0.52 -0.52 0.83 0.78 -2.08 1.65 -0.1 2.05 -0.88 -2.25 -1.74 2.07 -0.8 -1.96 1.42802374753994 2.77653775605768 2.41848283960075 -0.305 -0.5925 0.29 0.1422 -0.3987 -0.00570000000000001
0.46 -0.48 -0.52 -2.17 1.78 -2.08 -2.35 -0.1 -0.95 0.12 -2.25 2.26 1.07 0.2 1.04 0.586652547780715 1.37133412568449 1.51948263071927 -0.305 -0.0925000000000001 -0.46 0.1422 -0.0462 -0.3507
0.46 -0.48 -0.52 1.83 -0.22 -2.08 -2.35 -1.1 -1.95 -0.88 -2.25 -0.74 -0.93 0.2 0.04 1.41468219741288 1.52851197795516 1.9238154236625 -0.305 -0.8425 -1.46 0.1422 0.3138 -0.8107
0.46 0.52 -0.52 1.83 -1.22 1.92 1.65 -0.1 2.05 1.12 1.75 2.26 1.07 2.2 2.04 0.45081794714415 2.40456290220053 2.60357567616545 1.945 0.6575 1.54 -1.0278 0.2513 0.5693
-0.54 -0.48 -0.52 0.83 -2.22 -1.08 -2.35 1.9 -1.95 -1.88 -1.25 -0.74 1.07 -1.8 0.04 -0.378479612696143 -0.82694069122287 -1.06323077941255 -0.555 -0.8425 -0.96 0.2722 0.3138 0.3793
0.46 -0.48 0.48 -2.17 0.78 1.92 -2.35 -2.1 -1.95 2.12 1.75 1.26 -0.93 1.2 -1.96 2.08800559749791 1.34163883743892 2.54542566346914 -1.305 0.4075 0.29 -0.6428 -0.2862 -0.00570000000000001
-0.54 0.52 -0.52 -2.17 1.78 -2.08 1.65 -2.1 -1.95 -1.88 -2.25 -1.74 0.0700000000000001 -1.8 -1.96 0.120970865908183 0.771197712498312 -0.609836078984807 -1.055 -1.0925 -1.46 0.5322 -0.6587 0.6493
-0.54 -0.48 -0.52 -2.17 1.78 1.92 1.65 -1.1 1.05 0.12 -0.25 -1.74 -1.93 0.2 -1.96 -0.0604127368808259 -0.330552793836858 -0.3588092663158 -1.055 0.1575 0.29 0.5322 -0.1662 -0.2957
0.46 0.52 -0.52 0.83 0.78 -2.08 -1.35 1.9 2.05 -1.88 1.75 1.26 0.0700000000000001 2.2 1.04 0.613972271533924 1.32576609958656 1.46203773811374 0.445 1.6575 -0.46 -0.2478 0.7713 -0.3507
0.46 0.52 0.48 -0.17 0.78 0.92 -0.35 0.9 -0.95 1.12 1.75 0.26 -0.93 1.2 -0.96 1.93429216123613 2.21843523527644 2.61240004643379 -0.305 1.1575 0.04 -0.1628 0.5113 -0.1207
-0.54 -0.48 -0.52 0.83 1.78 1.92 0.65 -1.1 0.05 -1.88 -2.25 -1.74 2.07 -0.8 -0.96 1.31732976440653 0.73930329374171 2.23229163693245 -0.305 -0.5925 0.54 0.1422 0.1938 -0.4307
0.46 0.52 0.48 1.83 -0.22 0.92 1.65 -1.1 2.05 2.12 -0.25 -1.74 -1.93 -1.8 -1.96 -0.578374349867986 -0.578917088041061 -0.524125921936946 -0.055 -0.8425 0.79 -0.0428 -0.5287 0.2243
-0.54 0.52 0.48 -0.17 1.78 -2.08 1.65 1.9 0.05 1.12 1.75 2.26 0.0700000000000001 -1.8 -0.96 0.780522091575257 1.90516555832155 2.87292032726817 0.695 0.9075 -0.21 0.3172 0.3813 -0.0257
0.46 -0.48 0.48 -2.17 1.78 -1.08 0.65 0.9 -1.95 -0.88 -2.25 2.26 2.07 2.2 2.04 0.0392618109680503 0.631144458363186 0.955793689754469 0.695 0.6575 -0.46 0.3172 -0.4062 -0.3507
0.46 0.52 -0.52 1.83 1.78 -0.0800000000000001 1.65 -2.1 1.05 -0.88 -2.25 -1.74 -1.93 -0.8 -1.96 -0.0420681955628278 0.0495591333790492 0.234754695965 -0.055 -0.8425 -0.46 0.0122 -0.5287 -0.3507
-0.54 -0.48 -0.52 0.83 -1.22 1.92 0.65 -2.1 1.05 -0.88 1.75 -0.74 2.07 2.2 0.04 1.81141071051213 1.86654020715472 2.11377409008939 0.195 0.1575 1.04 -0.1178 -0.1662 -0.7007
0.46 -0.48 0.48 -2.17 -0.22 0.92 -2.35 -1.1 1.05 -1.88 -1.25 0.26 -1.93 -1.8 1.04 0.180452210362615 1.31653034398459 0.575191231890242 -0.805 -1.0925 -0.46 -0.4028 0.4338 -0.3507
0.46 -0.48 -0.52 1.83 1.78 0.92 0.65 -0.1 0.05 -1.88 -2.25 -1.74 -1.93 -1.8 -1.96 0.71336539340021 0.274094707760875 0.756760762646946 -0.305 -0.5925 -0.71 0.1422 0.1938 -0.4657
0.46 0.52 0.48 1.83 1.78 1.92 1.65 -0.1 2.05 2.12 -0.25 2.26 2.07 1.2 2.04 1.67569158941515 1.64476032924467 1.54341119858563 1.945 0.6575 2.04 0.9172 0.2513 0.7993
-0.54 -0.48 -0.52 -1.17 1.78 -1.08 -0.35 -0.1 -1.95 -0.88 -0.25 -1.74 -0.93 -0.8 -1.96 0.220321447134566 0.783791799678953 0.507427703512869 -1.305 0.1575 -1.21 0.6622 -0.1662 0.5143
-0.54 -0.48 0.48 -2.17 -2.22 1.92 0.65 1.9 2.05 2.12 -0.25 0.26 -0.93 0.2 0.04 0.601893924748286 1.16519813348398 1.46063498039116 -0.305 -0.0925000000000001 1.29 -0.1628 -0.0462 -0.8357
0.46 0.52 0.48 -0.17 -0.22 -2.08 1.65 1.9 1.05 -0.88 1.75 2.26 1.07 0.2 -0.96 -0.226154984569515 -0.114902639577346 0.393647290026738 0.695 0.9075 -0.21 0.3172 0.3813 -0.2357
0.46 -0.48 -0.52 1.83 1.78 -0.0800000000000001 1.65 -1.1 0.05 2.12 -0.25 -1.74 1.07 -1.8 -1.96 1.10087024058883 0.368519591139472 1.20256515042657 -0.055 -0.3425 0.79 0.0122 0.0738 0.2243
0.46 0.52 0.48 1.83 -0.22 -1.08 -1.35 -0.1 -1.95 -0.88 0.75 0.26 2.07 0.2 -0.96 0.73049671639002 0.904036052919742 1.15592363246098 -0.055 0.1575 -0.46 -0.0428 -0.0087 -0.3507
0.46 0.52 0.48 -0.17 1.78 -1.08 -2.35 -0.1 2.05 2.12 1.75 1.26 2.07 2.2 2.04 1.28549258432668 1.91388866349177 2.26129727550467 0.195 1.4075 1.29 0.0772 0.6413 0.4543
