-0.57 -0.54 -0.45 -1.11 -0.92 -1.87 -1.97 -2.1 -2.16 -0.14 -1.76 -0.93 -2.11 -1.89 -1.89 -1.27491139456996 1.01183486359407 1.9555029045522 -1.475 -1.6675 -1.57 0.6075 0.8559 0.9023
0.43 0.46 0.55 -2.11 2.08 -0.87 2.03 -2.1 -2.16 -0.14 -0.76 1.07 1.89 0.11 1.11 0.833507428179628 1.72720466916684 1.19817095248681 0.525 -0.1675 -0.32 0.2325 -0.1216 -0.1302
-0.57 0.46 -0.45 -0.11 0.0800000000000001 2.13 -1.97 -0.1 1.84 -2.14 -1.76 1.07 -0.11 -1.89 -1.89 0.687516150303729 -0.252989127275889 -1.32896383872244 -0.725 -0.9175 0.43 0.27 -0.4666 -0.2377
-0.57 0.46 -0.45 1.89 1.08 -1.87 -1.97 1.9 -2.16 -0.14 1.24 0.0700000000000001 -2.11 -1.89 1.11 0.278266327549238 2.66762406074986 1.91980500095052 0.275 0.5825 -1.57 -0.18 0.2234 0.9023
0.43 -0.54 -0.45 -2.11 -0.92 -0.87 0.03 -0.1 1.84 -0.14 2.24 0.0700000000000001 1.89 0.11 2.11 1.22588484099681 0.64632866290468 1.29109451844724 0.0250000000000001 0.3325 0.68 -0.0675 -0.2241 0.2998
-0.57 -0.54 -0.45 0.89 2.08 1.13 -0.97 -1.1 1.84 -1.14 -1.76 -0.93 1.89 1.11 -1.89 -0.427015174405819 -0.790057169426085 -0.187484221420482 -0.725 0.0825 0.93 0.27 -0.0891 -0.5227
0.43 0.46 0.55 1.89 1.08 1.13 2.03 1.9 -2.16 0.86 -0.76 -1.93 1.89 -0.89 -1.89 1.56505081401732 0.0639735265962091 -0.000148275441372414 0.0250000000000001 0.3325 0.43 -0.0425 0.1084 0.1923
-0.57 -0.54 0.55 1.89 -1.92 -0.87 2.03 1.9 1.84 0.86 -1.76 2.07 0.89 0.11 2.11 2.14952903153037 0.0863926665259753 -0.714697755150569 2.025 -0.4175 0.68 1.0575 0.1809 -0.3802
-0.57 0.46 0.55 -2.11 0.0800000000000001 -1.87 2.03 1.9 1.84 1.86 2.24 -0.93 -1.11 1.11 1.11 2.01368247002308 1.69758418020354 2.03764032421954 0.0250000000000001 1.3325 0.18 -0.0425 0.5684 -0.0952
0.43 -0.54 -0.45 -2.11 -1.92 2.13 0.03 1.9 1.84 -1.14 2.24 0.0700000000000001 -1.11 0.11 1.11 1.01381193472068 0.572912767746899 0.252800553121238 -0.225 0.5825 0.43 0.045 -0.3591 0.1923
0.43 0.46 0.55 1.89 -0.92 -1.87 0.03 0.9 0.84 -0.14 -1.76 1.07 0.89 -0.89 0.11 1.27760106525635 -0.326989795931194 -0.233429542126556 0.775 -0.6675 -0.0700000000000001 0.37 -0.3516 -0.0227
0.43 -0.54 -0.45 -2.11 -1.92 2.13 2.03 1.9 0.84 1.86 2.24 -0.93 1.89 0.11 1.11 -0.312677508154844 1.20987317015201 1.18503549765576 0.0250000000000001 0.5825 1.68 -0.0675 -0.3591 0.7298
-0.57 0.46 0.55 -2.11 -0.92 -1.87 -1.97 -0.1 1.84 1.86 -0.76 -1.93 -0.11 -1.89 -0.89 -0.290192950138388 0.209683892902174 1.0203404044012 -1.725 -0.9175 0.43 -1.005 -0.4666 -0.2377
0.43 0.46 -0.45 0.89 2.08 -1.87 1.03 -1.1 0.84 -0.14 -1.76 0.0700000000000001 0.89 2.11 -0.89 0.412558407079921 1.19577841392904 1.90489071491999 0.275 0.3325 -0.0700000000000001 -0.18 0.1084 -0.0227
0.43 -0.54 -0.45 -1.11 -0.92 -1.87 -0.97 1.9 1.84 -1.14 -1.76 -1.93 -1.11 0.11 -0.89 1.32439942995415 1.38184286668697 1.75105414502067 -1.225 -0.1675 -0.57 0.495 0.0459 -0.2377
0.43 -0.54 0.55 -2.11 2.08 2.13 -0.97 0.9 -0.16 0.86 -0.76 -0.93 1.89 2.11 2.11 1.13159680260814 1.22812943444584 2.42540587786383 -0.475 1.0825 1.18 -0.3175 -0.6291 0.5148
-0.57 -0.54 -0.45 1.89 2.08 2.13 2.03 -1.1 1.84 1.86 -0.76 2.07 1.89 1.11 2.11 -0.662104480955273 1.13423502554442 0.182731091429675 2.025 0.3325 1.93 -0.9675 -0.2241 -1.0927
-0.57 0.46 -0.45 -0.11 1.08 -1.87 2.03 -1.1 -1.16 1.86 -1.76 1.07 0.89 -0.89 1.11 1.48325200373289 1.29694393867827 1.92331466579396 1.025 -0.6675 -0.0700000000000001 -0.5175 -0.3516 0.0473
-0.57 0.46 0.55 0.89 -0.92 2.13 2.03 1.9 -1.16 -2.14 1.24 0.0700000000000001 0.89 -0.89 1.11 -0.189750374183439 1.0833647920823 1.54734667369786 1.025 0.3325 -0.0700000000000001 0.5075 0.1084 0.0473
0.43 -0.54 -0.45 0.89 2.08 2.13 0.03 -1.1 -0.16 -2.14 2.24 2.07 1.89 2.11 -0.89 -0.321458328543606 2.38808705956375 2.60738003284648 0.525 1.3325 0.43 -0.2925 -0.7641 0.1923
-0.57 0.46 0.55 1.89 -1.92 -0.87 -0.97 1.9 1.84 1.86 2.24 2.07 1.89 2.11 0.11 0.0121853627382322 0.664974837606918 1.31060013614833 0.775 1.0825 1.18 0.37 0.4534 -0.6652
0.43 0.46 -0.45 -0.11 1.08 0.13 2.03 -0.1 -1.16 -2.14 1.24 -0.93 -2.11 0.11 1.11 -1.27730180035042 0.855043305291238 -0.706920164928064 0.525 0.5825 -1.32 -0.2925 0.2234 -0.5602
0.43 0.46 0.55 -2.11 2.08 2.13 2.03 -1.1 1.84 1.86 2.24 1.07 -0.11 1.11 1.11 -0.431845827149151 0.337579127870412 2.23997004675977 0.525 1.0825 1.43 0.2325 0.4534 0.6223
0.43 0.46 0.55 1.89 0.0800000000000001 -0.87 2.03 -2.1 -2.16 1.86 -1.76 1.07 -1.11 1.11 0.11 -0.0382767178622275 0.85320254898436 -0.00245265633458613 1.275 -0.6675 -0.57 0.645 -0.3516 -0.2377
0.43 0.46 -0.45 0.89 0.0800000000000001 0.13 -0.97 1.9 1.84 -2.14 -1.76 2.07 -0.11 1.11 1.11 0.980883602826434 2.41902081705118 2.06486063159947 0.775 0.3325 -0.0700000000000001 -0.405 0.1084 -0.0227
0.43 0.46 0.55 -2.11 2.08 -1.87 -1.97 -2.1 -0.16 -2.14 0.24 -1.93 -1.11 -1.89 -0.89 0.726161902990723 1.95746740487079 1.24005361340639 -1.725 -0.4175 -1.32 -1.005 -0.2366 -0.5602
-0.57 -0.54 -0.45 0.89 0.0800000000000001 -0.87 1.03 1.9 -2.16 -1.14 -1.76 -1.93 -2.11 -1.89 -1.89 -1.42330507328393 0.0976826321739525 1.7756359081545 -0.475 -0.4175 -1.57 0.1575 0.1809 0.9023
-0.57 -0.54 -0.45 -2.11 -1.92 1.13 -0.97 -2.1 -2.16 1.86 2.24 0.0700000000000001 1.89 1.11 0.11 0.311986211653853 1.63404785183994 -0.128724186812402 -0.725 -0.1675 0.68 0.27 0.0459 -0.3802
0.43 0.46 0.55 -1.11 2.08 2.13 0.03 -2.1 -2.16 0.86 -0.76 2.07 -0.11 2.11 -0.89 1.78810893996281 1.96809036464036 1.95201070622507 0.0250000000000001 0.3325 0.18 -0.0425 0.1084 0.0848
0.43 -0.54 -0.45 -0.11 2.08 -1.87 1.03 -2.1 -2.16 -0.14 -0.76 -1.93 -1.11 -1.89 -1.89 0.186318948096015 0.321715673141297 -0.13480642540668 -0.725 -0.6675 -1.32 0.27 0.3159 -0.5602
0.43 0.46 0.55 1.89 2.08 1.13 -1.97 -2.1 -0.16 1.86 1.24 1.07 1.89 1.11 1.11 0.101458681494297 0.18531818136934 0.782302327565257 0.525 0.5825 1.18 0.2325 0.2234 0.5148
0.43 0.46 0.55 -2.11 -1.92 -1.87 2.03 -2.1 1.84 -1.14 -0.76 -0.93 -0.11 1.11 -0.89 -0.395603005653776 0.0286282899691835 1.70120877361399 -0.475 -0.9175 -0.32 -0.3175 -0.4666 -0.1302
0.43 -0.54 0.55 -2.11 -1.92 -1.87 0.03 0.9 -1.16 -2.14 -1.76 2.07 -0.11 0.11 2.11 1.02283360269355 2.03039574767008 2.8594478334216 0.525 -0.6675 -1.32 0.2325 0.3159 -0.5602
0.43 0.46 -0.45 -2.11 -1.92 -1.87 -1.97 -0.1 1.84 1.86 2.24 2.07 0.89 1.11 -0.89 -0.84539782572027 -0.382952801679719 -2.62351299413736 -0.725 0.3325 0.68 0.27 0.1084 0.2998
-0.57 0.46 0.55 -2.11 1.08 -0.87 2.03 1.9 -2.16 -2.14 1.24 2.07 -2.11 0.11 0.11 1.69975634485807 2.55166850866699 3.13320453951113 0.525 1.0825 -1.82 0.2325 0.4534 1.0448
0.43 -0.54 0.55 1.89 2.08 -0.87 2.03 1.9 1.84 -2.14 2.24 -1.93 1.89 2.11 1.11 2.20980013159733 3.39021511555522 4.40873243971713 0.775 2.0825 0.18 0.37 -1.1691 0.0848
0.43 0.46 0.55 -2.11 -0.92 0.13 2.03 1.9 0.84 1.86 2.24 2.07 0.89 0.11 -0.89 -0.248755087944514 2.31541299999007 2.91568642316873 0.275 0.8325 0.93 0.095 0.3384 0.4073
0.43 0.46 -0.45 -0.11 -1.92 -1.87 -1.97 -2.1 -1.16 -1.14 2.24 -1.93 -2.11 0.11 0.11 2.12807982902192 0.598922912481693 1.3035708315353 -0.975 -0.4175 -1.57 0.3825 -0.2366 -0.6677
0.43 0.46 -0.45 -2.11 2.08 2.13 -1.97 1.9 1.84 1.86 2.24 1.07 -0.11 2.11 2.11 1.43090166952697 -0.514859082029608 0.51853638462122 -0.225 2.0825 1.43 0.045 0.9134 0.6223
-0.57 0.46 0.55 -0.11 1.08 1.13 1.03 -2.1 1.84 -1.14 -1.76 -0.93 -2.11 -1.89 -0.89 -0.799999201823661 -0.0331912415033012 0.27524114185628 -0.225 -1.1675 -0.0700000000000001 -0.18 -0.5816 0.0473
0.43 -0.54 0.55 -2.11 0.0800000000000001 -1.87 -0.97 -2.1 1.84 1.86 0.24 1.07 1.89 -1.89 -1.89 0.69340926137987 1.1279488062949 1.75753602349469 -0.975 -0.9175 0.93 -0.5925 0.4509 0.4073
0.43 0.46 0.55 0.89 -1.92 -1.87 -0.97 0.9 1.84 -2.14 2.24 0.0700000000000001 0.89 1.11 -1.89 1.07808613849825 1.04178310033054 1.43865069239138 -0.475 0.5825 -0.32 -0.3175 0.2234 -0.1302
-0.57 -0.54 -0.45 1.89 1.08 0.13 0.03 1.9 -1.16 -1.14 2.24 -0.93 -2.11 -0.89 -0.89 0.379445988650228 0.821395438983015 2.59217072756979 0.0250000000000001 1.0825 -1.07 -0.0675 -0.6291 0.6173
0.43 -0.54 0.55 1.89 0.0800000000000001 -1.87 -1.97 -2.1 0.84 -2.14 0.24 0.0700000000000001 -2.11 -0.89 -1.89 -0.350130475508236 0.715857889375683 -0.856856731046326 -0.475 -0.6675 -1.32 -0.3175 0.3159 -0.5602
0.43 -0.54 0.55 1.89 -1.92 0.13 -1.97 1.9 -2.16 -1.14 -0.76 2.07 -0.11 -1.89 0.11 0.508104787511823 0.743045922351172 2.34621343753839 0.525 -0.6675 -0.82 0.2325 0.3159 -0.3452
-0.57 0.46 -0.45 0.89 -1.92 1.13 -1.97 0.9 1.84 1.86 -0.76 2.07 -0.11 2.11 2.11 0.866022104176039 2.82431082803985 3.42643569988347 0.775 0.0825000000000001 1.18 -0.405 -0.00659999999999997 -0.6652
-0.57 -0.54 -0.45 -2.11 2.08 -0.87 -1.97 -2.1 -2.16 -2.14 -0.76 -1.93 -2.11 -1.89 -1.89 1.46097564119121 0.037594955865505 1.35788011793532 -1.975 -0.6675 -1.82 0.8325 0.3159 1.0448
0.43 0.46 -0.45 -2.11 -1.92 -1.87 1.03 -0.1 -0.16 -0.14 -0.76 2.07 0.89 2.11 2.11 1.50191711043769 0.920002171473543 0.730222239707929 0.775 -0.1675 -0.32 -0.405 -0.1216 -0.1302
-0.57 -0.54 -0.45 -1.11 -0.92 -1.87 -1.97 1.9 -2.16 1.86 -1.76 -1.93 -0.11 -0.89 -1.89 1.82649390253466 1.79018543627074 1.52729628975043 -1.725 -0.4175 -0.57 0.72 0.1809 0.3323
-0.57 -0.54 -0.45 1.89 -1.92 -1.87 2.03 -2.1 0.84 -2.14 -1.76 -1.93 -1.11 0.11 0.11 0.547605517294734 0.199142744375316 1.24070008976992 0.525 -1.4175 -1.07 -0.2925 0.7209 0.6173
-0.57 0.46 0.55 -1.11 -1.92 2.13 -0.97 -2.1 1.84 1.86 -1.76 2.07 1.89 2.11 1.11 -0.224688398643309 1.46107820284464 0.835996111415965 0.275 -0.9175 1.93 0.095 -0.4666 -1.0927
0.43 -0.54 -0.45 1.89 -1.92 2.13 1.03 -1.1 -2.16 -2.14 -1.76 -1.93 -0.11 0.11 -1.89 -0.707548422818658 0.203514252382424 -0.792400965967039 -0.225 -1.1675 -0.57 0.045 0.5859 -0.2377
0.43 0.46 -0.45 1.89 -1.92 -1.87 1.03 -2.1 -0.16 -2.14 -1.76 -0.93 -1.11 -1.89 -1.89 0.993240782470196 1.69575458864128 0.636406909766094 0.0250000000000001 -1.9175 -1.32 -0.0675 -0.9266 -0.5602
0.43 0.46 -0.45 1.89 -1.92 -0.87 -1.97 -2.1 -2.16 -2.14 -1.76 -1.93 -1.11 -1.89 -1.89 -0.467369729159428 0.336709685913016 1.98367595007645 -0.975 -1.9175 -1.57 0.3825 -0.9266 -0.6677
0.43 -0.54 -0.45 -2.11 -1.92 -1.87 -1.97 -1.1 -2.16 -1.14 -1.76 -1.93 -2.11 -1.89 -1.89 0.297614259186266 -0.845529064858231 -0.0561634084099778 -1.975 -1.6675 -1.82 0.8325 0.8559 -0.7752
0.43 -0.54 -0.45 1.89 2.08 -1.87 -1.97 -2.1 0.84 1.86 2.24 0.0700000000000001 -0.11 1.11 1.11 1.07461424277757 2.0558049178806 1.26038365346788 0.275 0.8325 0.18 -0.18 -0.4941 0.0848
0.43 0.46 0.55 1.89 -1.92 2.13 2.03 -2.1 1.84 0.86 -1.76 -0.93 -2.11 -0.89 0.11 -0.0358776765879417 0.458472315176481 -1.07908108322177 0.775 -1.6675 0.68 0.37 -0.8116 0.2998
-0.57 0.46 0.55 -1.11 2.08 2.13 2.03 1.9 0.84 -0.14 2.24 2.07 -2.11 2.11 2.11 0.0830901058677009 1.50780461995725 1.32686179817732 1.275 2.0825 0.18 0.645 0.9134 -0.0952
0.43 0.46 0.55 -2.11 0.0800000000000001 0.13 -1.97 1.9 -2.16 1.86 2.24 -1.93 -0.11 1.11 -1.89 0.604745027460489 2.4051686485215 1.37010623250636 -1.975 1.3325 -0.0700000000000001 -1.1425 0.5684 -0.0227
0.43 0.46 -0.45 1.89 -1.92 -0.87 2.03 1.9 1.84 1.86 2.24 2.07 1.89 0.11 2.11 1.44183098191546 1.91725544629665 1.23038956653394 2.025 0.5825 1.18 -0.9675 0.2234 0.5148
0.43 0.46 0.55 -0.11 -0.92 2.13 -0.97 -2.1 -1.16 -2.14 -1.76 1.07 -1.11 -1.89 -1.89 2.44164773876418 2.84060796645161 0.897545812729909 -0.475 -1.6675 -0.57 -0.3175 -0.8116 -0.2377
-0.57 0.46 -0.45 -1.11 1.08 2.13 -1.97 1.9 0.84 -0.14 0.24 1.07 1.89 -0.89 -0.89 -0.184367356014375 0.628580261782943 1.36153527433458 -0.725 0.5825 1.18 0.27 0.2234 -0.6652
0.43 -0.54 -0.45 -2.11 -1.92 -1.87 1.03 0.9 -2.16 -0.14 2.24 1.07 -0.11 1.11 2.11 0.352920217581594 1.3370165037761 1.39182126424984 0.525 0.5825 -1.07 -0.2925 -0.3591 -0.4527
-0.57 -0.54 -0.45 -0.11 -1.92 2.13 0.03 -2.1 -2.16 1.86 2.24 2.07 -1.11 2.11 0.11 0.813692024648759 0.785266388713347 2.04891031417957 0.525 0.0825000000000001 0.18 -0.2925 -0.0891000000000001 -0.0952
0.43 0.46 0.55 0.89 2.08 2.13 0.03 1.9 0.84 -0.14 0.24 1.07 1.89 1.11 1.11 1.20787381015428 1.80218419702131 0.794560089378918 0.775 1.3325 1.18 0.37 0.5684 0.5148
-0.57 -0.54 -0.45 1.89 2.08 -0.87 2.03 1.9 0.84 1.86 0.24 0.0700000000000001 0.89 0.11 2.11 0.337809573518549 0.674890283444569 0.226071244680885 1.525 1.0825 0.68 -0.7425 -0.6291 -0.3802
0.43 -0.54 -0.45 -0.11 2.08 2.13 -1.97 0.9 1.84 0.86 -1.76 -0.93 1.89 -1.89 0.11 0.597911613020002 1.52259642047207 0.827540474675297 -0.725 -0.1675 1.68 0.27 0.0459 0.7298
-0.57 0.46 0.55 1.89 2.08 0.13 -1.97 1.9 -1.16 0.86 1.24 0.0700000000000001 1.89 1.11 2.11 0.607047819461543 1.59626915469901 1.91218788582486 0.525 1.5825 0.43 0.2325 0.6834 -0.2377
-0.57 -0.54 -0.45 -2.11 2.08 2.13 -1.97 -2.1 -2.16 -2.14 -1.76 -1.93 -2.11 -1.89 -1.89 -1.08858896612738 -0.84756344464315 -1.20726545271623 -1.975 -0.9175 -1.07 0.8325 0.4509 0.6173
-0.57 0.46 -0.45 1.89 -1.92 -1.87 -1.97 -0.1 0.84 -2.14 -1.76 -0.93 -0.11 -1.89 -1.89 0.333059526407029 -0.314077535994507 0.407366898281723 -0.725 -1.4175 -0.82 0.27 -0.6966 0.4748
-0.57 -0.54 0.55 -1.11 -1.92 2.13 1.03 1.9 -1.16 0.86 1.24 2.07 1.89 1.11 0.11 -0.0376781379576631 1.15619710435817 1.61066685798197 0.525 0.5825 0.93 0.2325 -0.3591 -0.5227
0.43 -0.54 0.55 1.89 2.08 2.13 -1.97 -1.1 1.84 1.86 -1.76 -1.93 -1.11 -0.89 1.11 0.147341687523957 0.359792447944613 0.25979256592841 -0.225 -0.4175 1.18 -0.18 0.1809 0.5148
-0.57 0.46 -0.45 1.89 1.08 2.13 0.03 1.9 0.84 1.86 -0.76 1.07 -0.11 0.11 2.11 0.215152070882137 0.949177238624164 0.208942441488078 1.275 0.5825 1.18 -0.63 0.2234 -0.6652
0.43 0.46 0.55 0.89 -1.92 -0.87 2.03 0.9 -2.16 -1.14 -1.76 -1.93 -2.11 0.11 -1.89 0.994420495353635 0.898420122788756 1.17336785212665 -0.225 -0.6675 -1.57 -0.18 -0.3516 -0.6677
0.43 -0.54 -0.45 0.89 -0.92 2.13 0.03 -0.1 -0.16 0.86 0.24 1.07 -0.11 2.11 2.11 0.874932805165084 0.30564733420653 1.12107978042641 1.025 0.3325 0.68 -0.5175 -0.2241 0.2998
0.43 0.46 0.55 -2.11 2.08 -1.87 0.03 1.9 0.84 -2.14 0.24 -1.93 -2.11 -0.89 -1.89 1.00318428815536 0.504601357560903 0.197017749856776 -1.475 0.8325 -1.32 -0.8675 0.3384 -0.5602
0.43 -0.54 -0.45 -1.11 1.08 -0.87 0.03 1.9 0.84 0.86 1.24 0.0700000000000001 -2.11 2.11 2.11 0.416938743586933 1.71365965353994 0.864802980945822 0.275 1.5825 -0.32 -0.18 -0.8991 -0.1302
0.43 0.46 0.55 -2.11 -0.92 2.13 -0.97 -1.1 0.84 -2.14 1.24 -0.93 -1.11 -1.89 0.11 1.12554285151106 1.52339147157011 0.701566688859196 -0.975 -0.6675 -0.0700000000000001 -0.5925 -0.3516 -0.0227
0.43 -0.54 0.55 0.89 0.0800000000000001 2.13 2.03 -1.1 1.84 -2.14 2.24 2.07 -1.11 2.11 2.11 0.847579845179718 1.18751190985659 0.701845224835427 1.775 0.8325 0.18 0.92 -0.4941 0.0848
-0.57 -0.54 -0.45 -0.11 0.0800000000000001 -1.87 -1.97 -0.1 0.84 1.86 -0.76 -1.93 -1.11 0.11 1.11 -0.510552183706583 0.551687869864086 1.30840675671656 -0.725 -0.1675 -0.0700000000000001 0.27 0.0459 0.0473
-0.57 -0.54 -0.45 -2.11 1.08 0.13 -1.97 1.9 1.84 1.86 -1.76 -1.93 1.89 0.11 2.11 1.08109096834706 0.753891098650832 1.88210710966268 -0.975 0.3325 1.43 0.3825 -0.2241 -0.8077
-0.57 -0.54 -0.45 -0.11 1.08 -1.87 1.03 0.9 -2.16 1.86 -1.76 0.0700000000000001 -1.11 -0.89 -0.89 1.58876505943352 1.46119046333322 1.48225610940048 0.0250000000000001 -0.1675 -0.82 -0.0675 0.0459 0.4748
-0.57 -0.54 -0.45 0.89 -1.92 0.13 -0.97 -0.1 -1.16 -2.14 0.24 0.0700000000000001 -0.11 -0.89 -1.89 0.818199178514821 0.102413148264806 0.450108731597315 -0.475 -0.6675 -0.82 0.1575 0.3159 0.4748
-0.57 -0.54 -0.45 1.89 2.08 0.13 2.03 0.9 -1.16 1.86 0.24 -0.93 -2.11 -1.89 -0.89 0.0421437504577847 1.23556193231566 0.193942150409331 0.525 0.3325 -0.32 -0.2925 -0.2241 0.1898
-0.57 0.46 0.55 1.89 0.0800000000000001 -1.87 2.03 -2.1 0.84 0.86 -1.76 -1.93 1.89 2.11 -0.89 0.274627361353501 0.771349662197349 2.18379805364579 0.275 -0.4175 0.43 0.095 -0.2366 -0.2377
-0.57 -0.54 -0.45 -1.11 -1.92 0.13 2.03 -0.1 -2.16 0.86 -1.76 0.0700000000000001 -2.11 -1.89 -1.89 -0.894814126823762 -0.925734574434344 -0.0343444016874662 -0.225 -1.4175 -0.82 0.045 0.7209 0.4748
0.43 -0.54 -0.45 0.89 -1.92 2.13 -1.97 -1.1 -2.16 -0.14 2.24 1.07 -0.11 -1.89 1.11 0.483207673766365 -0.228985260156669 0.596437897652263 0.275 -0.6675 -0.0700000000000001 -0.18 0.3159 -0.0227
0.43 0.46 -0.45 -2.11 -1.92 -1.87 0.03 -2.1 1.84 0.86 0.24 -0.93 1.89 -0.89 0.11 0.185030329389723 -0.704881115482995 -0.333926866548331 -0.725 -1.1675 0.68 0.27 -0.5816 0.2998
0.43 -0.54 -0.45 1.89 1.08 -0.87 2.03 -1.1 -1.16 -2.14 0.24 0.0700000000000001 0.89 -1.89 0.11 -0.502396887677158 0.909413123049813 -0.0496162864117835 1.025 -0.4175 -0.82 -0.5175 0.1809 -0.3452
0.43 0.46 0.55 -0.11 1.08 2.13 -1.97 1.9 1.84 0.86 -0.76 -1.93 -0.11 -1.89 0.11 0.565596582113917 0.661384120259701 1.91536625347615 -0.975 0.0825 1.18 -0.5925 -0.0066 0.5148
-0.57 0.46 0.55 -2.11 2.08 0.13 2.03 0.9 -2.16 -2.14 1.24 -1.93 -2.11 -1.89 -1.89 1.03698045636624 0.944878237049665 0.144336796620241 -0.975 0.5825 -1.57 -0.5925 0.2234 0.9023
0.43 0.46 0.55 1.89 2.08 0.13 -0.97 0.9 0.84 1.86 2.24 1.07 1.89 0.11 0.11 0.256520078657486 0.759568805541839 1.08998139959942 0.525 1.3325 1.18 0.2325 0.5684 0.5148
-0.57 0.46 0.55 -0.11 -1.92 2.13 -1.97 -2.1 0.84 -1.14 0.24 -1.93 0.89 -1.89 -1.89 1.09167711552752 1.53145071811616 1.82858415147017 -1.475 -1.4175 0.68 -0.8675 -0.6966 -0.3802
0.43 0.46 0.55 1.89 2.08 0.13 2.03 0.9 1.84 1.86 1.24 2.07 1.89 2.11 2.11 0.682368515044292 1.77438994209717 2.03461135148029 2.025 1.5825 1.43 1.0575 0.6834 0.6223
-0.57 0.46 0.55 1.89 2.08 -0.87 2.03 1.9 0.84 1.86 -1.76 2.07 1.89 2.11 2.11 0.529337117986784 0.557779699168018 -0.180925648574804 2.025 1.0825 0.93 1.0575 0.4534 -0.5227
-0.57 -0.54 -0.45 1.89 -1.92 2.13 2.03 -2.1 -0.16 -0.14 0.24 2.07 1.89 0.11 1.11 -0.461332343507235 0.415010189733968 0.201555285246706 1.775 -0.9175 0.93 -0.855 0.4509 -0.5227
-0.57 -0.54 -0.45 -1.11 2.08 -1.87 -1.97 -2.1 1.84 -0.14 -1.76 -1.93 -1.11 0.11 -1.89 1.07739303188903 1.16821083667241 1.49685019527944 -1.725 -0.4175 -0.32 0.72 0.1809 0.1898
0.43 0.46 0.55 1.89 -1.92 -1.87 -1.97 -0.1 -1.16 -1.14 -0.76 2.07 -1.11 1.11 -1.89 1.19189344172112 1.78577801223518 1.11054239759825 0.0250000000000001 -0.4175 -1.32 -0.0425 -0.2366 -0.5602
-0.57 -0.54 -0.45 1.89 -0.92 -0.87 0.03 1.9 -2.16 0.86 -1.76 -1.93 1.89 -0.89 -1.89 0.784114654723708 0.8345733514601 1.98072352308523 -0.475 -0.4175 -0.0700000000000001 0.1575 0.1809 0.0473
0.43 0.46 -0.45 -2.11 -1.92 2.13 2.03 -0.1 -2.16 -0.14 1.24 0.0700000000000001 0.89 2.11 1.11 0.666960280852651 1.56887659272343 0.855307003155496 0.275 0.3325 0.18 -0.18 0.1084 0.0848
