0.54 0.5 -0.47 1.81 -1.99 -0.98 -1.62 -0.17 -2.05 2.05 -0.31 -2.09 -0.15 -2.21 -1.12 0.0739503573244845 0.966811424184972 0.336370086000371 -0.755 -1.17 -0.2825 0.3572 -0.605 -0.1601
0.54 0.5 0.53 -0.19 -0.99 -0.98 2.38 -0.17 -0.0499999999999998 2.05 1.69 -0.0899999999999999 0.85 1.79 -1.12 0.761477389160224 0.096349584608274 0.772498823532877 0.245 0.58 0.4675 0.1322 0.27 0.2449
0.54 0.5 -0.47 0.81 -0.99 2.02 -1.62 -2.17 -2.05 -1.95 1.69 1.91 -2.15 -0.21 -1.12 -0.706151283562582 1.39921262102264 1.08004804402555 -0.005 -0.42 -1.0325 0.00470000000000002 -0.23 -0.5651
-0.46 -0.5 0.53 -2.19 1.01 2.02 -1.62 1.83 1.95 0.05 1.69 1.91 -1.15 1.79 1.88 -0.10294386197468 -0.00387208437967207 -0.139318320938739 -0.005 1.58 0.7175 -0.000300000000000021 -0.81 -0.3376
-0.46 -0.5 -0.47 0.81 2.01 1.02 -1.62 -1.17 -2.05 1.05 0.69 -0.0899999999999999 1.85 -1.21 -2.12 1.88739416640956 1.04582858281723 0.623469568759167 -0.755 0.08 0.4675 0.3572 -0.06 -0.2226
0.54 -0.5 -0.47 1.81 0.01 -1.98 -1.62 -2.17 -2.05 -1.95 -2.31 -2.09 -2.15 -2.21 0.88 1.38827309884751 0.616824520838261 2.32533633319879 -0.255 -1.67 -2.0325 0.1222 0.815 -1.1051
0.54 0.5 -0.47 0.81 2.01 2.02 0.38 -1.17 1.95 -1.95 1.69 1.91 1.85 1.79 1.88 -1.64462563703368 0.299028772061517 1.88713294013476 1.245 1.08 0.9675 -0.5828 0.52 0.5149
-0.46 -0.5 -0.47 -1.19 1.01 0.02 -1.62 1.83 1.95 1.05 0.69 -2.09 -1.15 1.79 -1.12 1.04656769208298 2.17779100219413 2.35888218130643 -1.505 1.33 0.4675 0.7097 -0.685 -0.2226
-0.46 -0.5 0.53 -1.19 -1.99 0.02 -1.62 -1.17 -1.05 0.05 -2.31 -1.09 0.85 0.79 -2.12 -1.27200018201958 0.046507835544724 -1.81601877407872 -1.505 -1.17 -0.0324999999999999 -0.7953 0.565 0.00739999999999999
-0.46 -0.5 0.53 -1.19 -1.99 -1.98 -0.62 -1.17 1.95 -1.95 -1.31 -1.09 0.85 -2.21 1.88 1.55032715788239 1.61955351230945 2.1418848167514 -0.255 -1.67 -0.2825 -0.1328 0.815 0.1224
-0.46 -0.5 -0.47 0.81 1.01 2.02 1.38 -2.17 0.95 -0.95 1.69 1.91 1.85 -0.21 1.88 -0.654785766787123 0.17843900577776 0.712055945882039 1.495 0.08 0.9675 -0.7003 -0.06 -0.4526
-0.46 -0.5 -0.47 0.81 -1.99 0.02 2.38 -0.17 -0.0499999999999998 1.05 -1.31 0.91 -0.15 -1.21 -0.12 1.21137742771019 0.963005077121024 0.0969603393267778 0.995 -1.17 0.2175 -0.4653 0.565 -0.1076
-0.46 0.5 0.53 0.81 -0.99 -1.98 -1.62 1.83 1.95 -1.95 1.69 -1.09 -0.15 -0.21 -2.12 0.79722800012316 1.16401861169135 2.34059864681221 -1.005 0.58 -0.5325 -0.5303 0.27 0.2374
-0.46 0.5 -0.47 -1.19 1.01 -1.98 -1.62 1.83 1.95 -0.95 1.69 -2.09 -1.15 1.79 -0.12 -0.445147692488476 1.61725232504059 0.935556362107293 -1.255 1.58 -0.5325 0.5922 0.77 0.2374
0.54 0.5 0.53 -1.19 2.01 2.02 2.38 0.83 -2.05 2.05 0.69 1.91 1.85 1.79 -0.12 1.81732269546269 0.345555303459821 0.331501454640025 0.745 1.33 0.9675 0.3972 0.645 0.5149
-0.46 -0.5 -0.47 0.81 2.01 0.02 2.38 0.83 -1.05 2.05 -2.31 1.91 1.85 1.79 1.88 0.885929567534654 1.12671523156639 1.35442601761019 1.745 0.58 0.7175 -0.8178 -0.31 -0.3376
0.54 0.5 0.53 1.81 2.01 0.02 2.38 1.83 1.95 0.05 1.69 1.91 -1.15 0.79 -0.12 2.00062506864359 1.38767177487466 1.83181929349781 1.495 1.58 0.2175 0.7947 0.77 0.1099
-0.46 -0.5 0.53 -2.19 -1.99 1.02 -1.62 0.83 -2.05 -1.95 -2.31 0.91 -1.15 -1.21 -1.12 1.61251775209668 2.31136047302823 2.12080403899602 -1.005 -1.17 -1.0325 -0.5303 0.565 0.4674
0.54 0.5 0.53 -0.19 -1.99 -0.98 -1.62 -1.17 -0.0499999999999998 -0.95 -2.31 -2.09 -2.15 0.79 -1.12 -0.0261489232169924 -0.695249215396496 -0.0925526733662258 -1.255 -1.17 -1.0325 -0.6628 -0.605 -0.5651
-0.46 0.5 -0.47 -0.19 1.01 2.02 1.38 0.83 1.95 -1.95 -0.31 0.91 1.85 1.79 -0.12 1.68006259777798 1.1310946865241 2.26126745057211 0.495 0.83 0.9675 -0.2303 0.395 -0.4526
0.54 -0.5 -0.47 1.81 -0.99 -1.98 2.38 0.83 1.95 0.05 1.69 -1.09 0.85 -2.21 -2.12 0.875519867660289 -0.0636440076139695 -2.3774841114283 0.245 -0.17 0.2175 -0.1128 0.065 0.1099
-0.46 -0.5 -0.47 -2.19 -1.99 -1.98 -1.62 -2.17 -2.05 -1.95 -2.31 -2.09 -2.15 -2.21 -1.12 0.0803082976201755 0.435399954221117 0.0482727299034206 -1.755 -2.17 -2.0325 0.8272 1.065 0.9274
0.54 -0.5 0.53 1.81 -1.99 -0.98 1.38 1.83 1.95 0.05 -2.31 -2.09 -2.15 1.79 0.88 -0.450530068962689 -0.364854363069401 1.7292323175078 0.495 -0.17 -0.2825 0.2647 0.065 -0.1601
-0.46 -0.5 -0.47 -2.19 2.01 2.02 0.38 1.83 0.95 1.05 -2.31 1.91 -0.15 0.79 0.88 1.07157237405261 0.914304298408267 0.816422908234202 0.245 0.58 0.9675 -0.1128 -0.31 -0.4526
-0.46 -0.5 -0.47 1.81 -1.99 2.02 2.38 -1.17 1.95 2.05 1.69 1.91 1.85 1.79 1.88 0.173850185690164 -0.0532379597781076 1.76726646015054 1.995 0.08 1.9675 -0.9353 -0.06 -0.9126
0.54 0.5 0.53 -0.19 -0.99 2.02 1.38 0.83 -1.05 0.05 1.69 0.91 1.85 1.79 1.88 0.754096620731573 0.571508121772962 0.277817502024503 0.995 0.83 0.7175 0.5297 0.395 0.3799
0.54 -0.5 -0.47 1.81 -0.99 2.02 -0.62 1.83 1.95 -1.95 1.69 0.91 1.85 1.79 0.88 1.80142817815213 1.08372949918701 1.93164527446954 0.745 1.08 0.9675 -0.3478 -0.56 0.5149
0.54 0.5 0.53 -2.19 -1.99 -1.98 -1.62 1.83 1.95 -1.95 -2.31 0.91 -1.15 -2.21 -0.12 1.61928662102448 1.86102276880524 1.33073963209617 -0.755 -1.17 -0.7825 -0.3978 -0.605 -0.4301
0.54 -0.5 0.53 1.81 1.01 -1.98 -0.62 -0.17 -0.0499999999999998 2.05 1.69 0.91 1.85 -2.21 0.88 -0.399428694710974 0.270337394133724 -2.09938072944705 0.745 0.08 0.4675 0.3972 -0.06 0.2449
0.54 -0.5 -0.47 -0.19 -1.99 -1.98 1.38 1.83 1.95 0.05 -2.31 1.91 1.85 0.79 0.88 1.64794073015538 1.29965693567551 1.19951252763477 0.995 -0.42 0.4675 -0.4653 0.19 0.2449
0.54 0.5 0.53 -2.19 -1.99 1.02 2.38 0.83 1.95 -0.95 0.69 -2.09 -1.15 1.79 1.88 -0.322811699136566 0.728653431118511 -0.72398802484882 -0.005 0.33 0.2175 -0.000300000000000021 0.145 0.1099
-0.46 0.5 -0.47 1.81 0.01 1.02 -0.62 -0.17 0.95 -0.95 1.69 -0.0899999999999999 -1.15 -0.21 0.88 0.543724708586564 1.3045819563019 -0.000636669781508115 0.495 0.33 -0.0324999999999999 -0.2303 0.145 0.00739999999999999
-0.46 0.5 -0.47 -0.19 2.01 2.02 1.38 -0.17 1.95 2.05 -0.31 -2.09 0.85 -2.21 0.88 0.33442012290821 -0.442601555012553 0.0526041276398701 -0.005 -0.17 1.7175 0.00470000000000002 -0.105 -0.7976
0.54 0.5 0.53 -1.19 2.01 2.02 2.38 -0.17 1.95 1.05 0.69 1.91 1.85 1.79 1.88 0.216288967668932 1.32287092765524 0.7489725058057 1.245 1.08 1.7175 0.6622 0.52 0.9199
0.54 0.5 0.53 1.81 1.01 2.02 2.38 -1.17 0.95 2.05 1.69 1.91 -0.15 1.79 1.88 2.25486876367375 2.79971280626231 3.40793799176325 1.995 0.83 1.2175 1.0597 0.395 0.6499
-0.46 -0.5 -0.47 -2.19 2.01 1.02 2.38 0.83 1.95 0.05 1.69 1.91 -1.15 1.79 0.88 3.13864023940017 2.56223440452165 2.99264469397604 0.745 1.58 0.4675 -0.3478 -0.81 -0.2226
0.54 0.5 0.53 1.81 1.01 2.02 0.38 1.83 1.95 -1.95 1.69 1.91 -0.15 0.79 1.88 0.699460371689741 1.28516003422072 3.11850305513863 1.495 1.33 0.4675 0.7947 0.645 0.2449
-0.46 0.5 0.53 -0.19 2.01 0.02 -1.62 1.83 1.95 -1.95 -1.31 -2.09 0.85 0.79 0.88 -0.700763724567176 -0.493300789902406 0.728820266582163 -0.755 0.83 0.2175 -0.3978 0.395 -0.1076
-0.46 -0.5 -0.47 1.81 2.01 1.02 0.38 -1.17 0.95 1.05 -1.31 0.91 1.85 1.79 1.88 0.394485181439822 0.773135157772565 -0.640990903262232 1.245 0.33 1.2175 -0.5828 -0.185 -0.5676
-0.46 -0.5 -0.47 -1.19 0.01 -1.98 -1.62 -2.17 -2.05 -1.95 -2.31 -1.09 -1.15 -1.21 -2.12 0.181786271090041 0.497851029897797 0.831612239015453 -1.505 -1.42 -1.7825 0.7097 0.69 0.8124
0.54 0.5 0.53 -0.19 -1.99 -1.98 -1.62 -2.17 -0.0499999999999998 2.05 -2.31 -2.09 -2.15 0.79 0.88 0.385651077801782 2.16271034710457 1.98310154744581 -0.755 -1.42 -0.5325 -0.3978 -0.73 -0.2951
-0.46 0.5 0.53 1.81 -1.99 -1.98 -1.62 -2.17 1.95 1.05 0.69 -0.0899999999999999 -2.15 -0.21 -1.12 0.539195742256293 0.796281898883453 0.817962167833695 -0.255 -0.92 -0.2825 -0.1328 -0.48 0.1224
-0.46 0.5 -0.47 1.81 -1.99 -0.98 -0.62 0.83 -2.05 -1.95 -1.31 -0.0899999999999999 -1.15 -1.21 -2.12 -0.305818154286587 -0.712869341524275 0.925773459608703 -0.255 -0.92 -1.5325 0.1222 -0.48 0.6974
0.54 -0.5 -0.47 -2.19 0.01 0.02 2.38 -0.17 -0.0499999999999998 -1.95 -0.31 0.91 1.85 -0.21 1.88 -0.162956997162142 1.43243654393587 2.5067819142075 0.745 -0.17 -0.0324999999999999 -0.3478 0.065 -0.0251
0.54 -0.5 0.53 -1.19 1.01 2.02 -1.62 -2.17 -1.05 1.05 -0.31 -0.0899999999999999 -0.15 -1.21 1.88 0.299861975612894 0.951809005812673 2.39392693548138 -0.255 -0.67 0.4675 -0.1328 0.315 0.2449
-0.46 -0.5 -0.47 -0.19 2.01 2.02 1.38 1.83 -0.0499999999999998 1.05 1.69 0.91 1.85 -0.21 -2.12 -0.556339908683 -0.0104011812195072 0.392275413922249 -0.005 1.33 1.2175 0.00470000000000002 -0.685 -0.5676
-0.46 -0.5 -0.47 -0.19 -1.99 0.02 -1.62 -2.17 -2.05 -1.95 -2.31 -2.09 -0.15 -2.21 -2.12 -0.0786653218306856 -0.890792278584299 -0.822844438148123 -1.505 -2.17 -1.0325 0.7097 1.065 0.4674
0.54 0.5 0.53 -0.19 0.01 -1.98 -1.62 -2.17 -2.05 -0.95 0.69 -2.09 -2.15 -2.21 -2.12 0.406675180817603 -0.625314407083271 -0.033295002637732 -1.505 -0.92 -1.7825 -0.7953 -0.48 -0.9701
0.54 0.5 0.53 1.81 2.01 1.02 1.38 -0.17 -0.0499999999999998 -1.95 1.69 1.91 -0.15 0.79 1.88 0.018265081439036 1.55628923949062 1.28111520045374 1.745 1.08 -0.2825 0.9272 0.52 -0.1601
-0.46 0.5 0.53 -1.19 -1.99 -0.98 1.38 -2.17 -2.05 2.05 0.69 0.91 -2.15 -1.21 0.88 1.26693582947803 1.35571787771212 3.01969335086556 0.495 -1.17 -0.7825 0.2647 -0.605 0.3524
-0.46 0.5 0.53 1.81 2.01 0.02 2.38 1.83 1.95 2.05 -0.31 -0.0899999999999999 -0.15 -1.21 0.88 -0.735961291281534 0.646273101337748 1.31537709102496 1.245 0.58 0.9675 0.6622 0.27 -0.4526
-0.46 -0.5 -0.47 -2.19 2.01 2.02 0.38 -0.17 -1.05 -0.95 -0.31 -2.09 -2.15 -0.21 -2.12 1.36519903130702 1.03417844752411 1.63764848153185 -1.505 0.33 -0.5325 0.7097 -0.185 0.2374
-0.46 -0.5 -0.47 0.81 2.01 -1.98 -1.62 0.83 -2.05 0.05 -0.31 -0.0899999999999999 -2.15 -2.21 -2.12 1.24169648993779 2.13761343833708 2.40274822839116 -0.755 0.08 -1.5325 0.3572 -0.06 0.6974
-0.46 -0.5 -0.47 -1.19 2.01 2.02 -1.62 -0.17 0.95 2.05 -0.31 -2.09 -0.15 -0.21 0.88 0.0948000431601853 1.53243102832997 1.66097000560966 -1.005 0.33 1.2175 0.4747 -0.185 -0.5676
0.54 0.5 0.53 1.81 2.01 -0.98 -0.62 -1.17 1.95 2.05 1.69 1.91 1.85 1.79 0.88 1.32246886067108 2.7446818511277 1.53039963991385 0.995 1.08 1.2175 0.5297 0.52 0.6499
0.54 -0.5 -0.47 1.81 1.01 1.02 0.38 1.83 -2.05 0.05 1.69 1.91 1.85 -1.21 0.88 1.36896176354515 0.96495227462211 1.59303666415574 1.245 0.83 0.2175 -0.5828 -0.435 0.1099
-0.46 -0.5 -0.47 1.81 1.01 2.02 2.38 1.83 -2.05 2.05 -2.31 1.91 1.85 1.79 0.88 -1.03788768133521 1.32232921063175 -0.816456850001487 1.745 0.58 0.9675 -0.8178 -0.31 -0.4526
-0.46 0.5 0.53 -2.19 -0.99 1.02 -1.62 -1.17 -2.05 -1.95 -0.31 -2.09 -1.15 -1.21 -0.12 1.46676896120681 1.44558921454915 1.15170727855953 -1.505 -0.92 -1.0325 -0.7953 -0.48 0.4674
-0.46 0.5 -0.47 1.81 -0.99 -1.98 0.38 1.83 -0.0499999999999998 -1.95 0.69 0.91 1.85 -1.21 -2.12 0.675460965321817 1.14973532471316 -0.00793746972078213 0.245 0.08 -0.5325 -0.1128 0.02 0.2374
-0.46 -0.5 -0.47 0.81 2.01 1.02 2.38 0.83 -2.05 -1.95 -0.31 -2.09 1.85 -0.21 -0.12 1.35139193236088 1.98782552250698 1.22828941997883 0.245 0.58 -0.2825 -0.1128 -0.31 0.1224
0.54 0.5 -0.47 0.81 -1.99 -1.98 -1.62 -0.17 -1.05 1.05 0.69 1.91 -0.15 1.79 -1.12 1.15008398721752 0.0778656395799071 0.740135727856236 -0.005 0.08 -0.5325 0.00470000000000002 0.02 -0.2951
0.54 0.5 0.53 1.81 2.01 -1.98 2.38 0.83 -1.05 -0.95 1.69 1.91 -0.15 -0.21 0.88 0.811682225440528 2.11139288523728 2.45488223840818 1.745 1.08 -1.0325 0.9272 0.52 -0.5651
0.54 0.5 -0.47 0.81 1.01 -1.98 0.38 0.83 -2.05 1.05 -0.31 -0.0899999999999999 1.85 0.79 1.88 -0.389699811991837 1.20576759019094 1.87158925027561 0.745 0.58 -0.2825 -0.3478 0.27 -0.1601
0.54 0.5 0.53 1.81 2.01 -1.98 -1.62 1.83 -1.05 2.05 -0.31 0.91 -0.15 1.79 1.88 0.389008956970369 1.93790445712524 3.44383109141618 0.745 1.33 -0.2825 0.3972 0.645 -0.1601
-0.46 -0.5 -0.47 -2.19 1.01 2.02 0.38 1.83 -2.05 2.05 1.69 0.91 0.85 -0.21 -0.12 0.0305369758625639 0.603522087901232 0.251373818016498 -0.255 1.08 0.7175 0.1222 -0.56 -0.3376
0.54 -0.5 0.53 -2.19 2.01 -1.98 0.38 0.83 -2.05 0.05 1.69 -1.09 -2.15 0.79 -1.12 2.06184814042328 1.90876480036 1.26878173197235 -1.005 1.33 -1.5325 -0.5303 -0.685 -0.8351
0.54 -0.5 -0.47 -0.19 -1.99 -0.98 -1.62 1.83 -0.0499999999999998 0.05 -0.31 -1.09 0.85 -1.21 -0.12 -0.463906916076047 -0.601359012994005 0.365435686827523 -0.755 -0.42 -0.0324999999999999 0.3572 0.19 -0.0251
0.54 0.5 0.53 -2.19 -1.99 -1.98 -1.62 0.83 -1.05 -1.95 0.69 -0.0899999999999999 -2.15 -2.21 -1.12 1.19855854264592 1.49020855268798 1.25093016122669 -1.255 -0.67 -1.7825 -0.6628 -0.355 -0.9701
0.54 -0.5 0.53 -1.19 2.01 0.02 -1.62 1.83 1.95 2.05 1.69 -1.09 1.85 0.79 -1.12 1.55345167927007 1.8005238579449 2.41241326239825 -1.255 1.58 1.4675 -0.6628 -0.81 0.7849
0.54 0.5 0.53 1.81 1.01 2.02 2.38 -0.17 -1.05 2.05 -0.31 -1.09 -0.15 1.79 -1.12 -0.566807808611031 0.0388739888069141 0.392969989539008 0.495 0.58 0.7175 0.2647 0.27 0.3799
-0.46 -0.5 -0.47 -2.19 1.01 0.02 0.38 -2.17 -1.05 0.05 1.69 -1.09 -0.15 -2.21 -2.12 0.614859020638148 1.24328029573007 1.32409174027497 -1.255 -0.42 -0.2825 0.5922 0.19 0.1224
0.54 -0.5 0.53 -1.19 0.01 -1.98 -1.62 1.83 1.95 0.05 -0.31 -0.0899999999999999 -1.15 -1.21 -0.12 1.45069491878918 2.46990454482886 2.53098405466899 -0.755 0.08 -0.2825 -0.3978 -0.06 -0.1601
0.54 -0.5 -0.47 1.81 -0.99 1.02 0.38 -2.17 1.95 2.05 1.69 1.91 1.85 -0.21 1.88 0.856216709843662 0.192872142226243 0.360774523245258 1.495 -0.42 1.7175 -0.7003 0.19 0.9199
0.54 0.5 0.53 0.81 -0.99 2.02 2.38 1.83 0.95 0.05 1.69 1.91 0.85 -2.21 1.88 0.204817321640236 0.579368816942485 0.206432722666778 1.745 0.08 0.9675 0.9272 0.02 0.5149
-0.46 -0.5 -0.47 -2.19 1.01 2.02 -1.62 1.83 1.95 -1.95 -2.31 0.91 -0.15 1.79 0.88 -0.0402789142419799 -0.0927939376156388 1.30190723551542 -0.505 0.58 0.4675 0.2397 -0.31 -0.2226
-0.46 -0.5 -0.47 -1.19 -1.99 0.02 2.38 -2.17 1.95 2.05 -2.31 1.91 0.85 -0.21 -2.12 0.519199869177501 1.28608165969024 1.45912197242739 0.245 -1.67 1.2175 -0.1128 0.815 -0.5676
-0.46 0.5 -0.47 1.81 -1.99 2.02 -1.62 0.83 -0.0499999999999998 0.05 -0.31 1.91 0.85 -2.21 -0.12 0.232193385976328 0.680538157453553 -0.478548903933713 0.495 -0.92 0.7175 -0.2303 -0.48 -0.3376
-0.46 0.5 0.53 -1.19 -1.99 -1.98 -0.62 -2.17 1.95 -1.95 0.69 -1.09 -2.15 -0.21 -1.12 0.840539414095132 0.927775637514565 2.59062289427829 -1.005 -0.92 -1.0325 -0.5303 -0.48 0.4674
-0.46 0.5 -0.47 -2.19 -1.99 2.02 2.38 -0.17 1.95 -1.95 -0.31 1.91 -1.15 -2.21 -2.12 1.33640711714499 1.82579158266106 2.74948947767881 -0.005 -1.17 0.2175 0.00470000000000002 -0.605 -0.1076
-0.46 0.5 0.53 1.81 -1.99 1.02 -0.62 1.83 -2.05 1.05 -1.31 -1.09 -2.15 -1.21 -2.12 0.842303322378293 0.554939603254247 1.30725705575874 -0.505 -0.67 -0.5325 -0.2653 -0.355 0.2374
0.54 0.5 0.53 -2.19 -1.99 -1.98 -1.62 -2.17 -0.0499999999999998 2.05 -1.31 0.91 0.85 -2.21 -0.12 0.295635128143306 0.287458683821349 1.5019463823293 -0.755 -1.92 0.2175 -0.3978 -0.98 0.1099
-0.46 -0.5 -0.47 -1.19 1.01 -1.98 -1.62 0.83 -1.05 0.05 -0.31 -0.0899999999999999 -1.15 -0.21 0.88 0.0122274954528661 -0.313156475760085 0.336242343814833 -0.505 0.33 -1.0325 0.2397 -0.185 0.4674
0.54 0.5 0.53 1.81 0.01 0.02 -1.62 -0.17 -0.0499999999999998 -0.95 -0.31 1.91 0.85 0.79 -2.12 0.838834271646942 1.1747876351178 1.52868407251957 -0.005 0.08 -0.0324999999999999 -0.000300000000000021 0.02 -0.0251
0.54 0.5 0.53 -0.19 0.01 -1.98 1.38 -2.17 1.95 1.05 -1.31 -2.09 -2.15 -0.21 1.88 1.15919155855597 1.74289559770045 1.57911238830189 0.245 -0.92 -0.2825 0.1322 -0.48 -0.1601
-0.46 -0.5 -0.47 -0.19 -1.99 -1.98 -1.62 1.83 -1.05 -0.95 1.69 -0.0899999999999999 1.85 1.79 1.88 0.783515587676877 0.91109087998238 1.02464290342402 -0.005 0.83 -0.5325 0.00470000000000002 -0.435 0.2374
-0.46 0.5 0.53 -2.19 2.01 0.02 -1.62 -2.17 1.95 0.05 -0.31 0.91 -1.15 1.79 0.88 1.15553864690515 1.16589803000684 3.37440851392232 -0.505 0.33 0.2175 -0.2653 0.145 -0.1076
-0.46 -0.5 -0.47 1.81 2.01 1.02 2.38 -2.17 -2.05 2.05 -2.31 -2.09 -0.15 -0.21 -1.12 0.318746777890592 -0.105151895451038 0.822647541010214 0.245 -0.67 0.2175 -0.1128 0.315 -0.1076
-0.46 0.5 -0.47 -2.19 0.01 2.02 -1.62 1.83 1.95 0.05 0.69 1.91 1.85 0.79 1.88 0.529267004492933 1.30404816516045 1.49151302752866 -0.005 0.83 1.4675 0.00470000000000002 0.395 -0.6826
-0.46 -0.5 -0.47 0.81 1.01 1.02 -1.62 -0.17 -2.05 -1.95 1.69 -2.09 -2.15 -2.21 -2.12 0.152320955205315 -0.348253620290874 0.599398537096405 -1.255 0.08 -1.2825 0.5922 -0.06 0.5824
0.54 -0.5 -0.47 1.81 -1.99 -0.98 -1.62 -2.17 -0.0499999999999998 2.05 -1.31 -0.0899999999999999 -2.15 0.79 -2.12 -0.230835831521598 0.65052592814782 0.472947644036613 -0.505 -1.17 -0.2825 0.2397 0.565 -0.1601
-0.46 -0.5 -0.47 0.81 2.01 -0.98 -1.62 -2.17 1.95 0.05 -1.31 -2.09 1.85 -2.21 -1.12 -0.0903328647321836 -1.00540605133826 -0.34198540143925 -1.005 -0.92 0.7175 0.4747 0.44 -0.3376
0.54 0.5 0.53 -2.19 -0.99 -0.98 0.38 -0.17 -2.05 0.05 -0.31 -0.0899999999999999 1.85 1.79 0.88 -0.0299169616982518 0.679697978463061 1.80118196551868 -0.255 0.08 -0.2825 -0.1328 0.02 -0.1601
-0.46 -0.5 -0.47 -0.19 -0.99 1.02 -1.62 -2.17 -2.05 -1.95 0.69 -1.09 -1.15 -0.21 -2.12 -0.182276523309473 -0.153059872354571 0.0173901043904877 -1.255 -0.67 -1.0325 0.5922 0.315 0.4674
-0.46 0.5 0.53 -2.19 -1.99 -0.98 0.38 -2.17 -1.05 -1.95 -1.31 -2.09 0.85 -1.21 -1.12 0.821295078396926 0.469833011727568 1.27005180619844 -1.255 -1.67 -0.7825 -0.6628 -0.855 0.3524
-0.46 -0.5 -0.47 1.81 0.01 2.02 -0.62 0.83 -2.05 2.05 -0.31 -1.09 -0.15 1.79 -0.12 -0.0417150696354393 0.36289278297043 1.08946748458704 -0.005 0.58 0.4675 0.00470000000000002 -0.31 -0.2226
-0.46 0.5 0.53 -2.19 -1.99 -1.98 -1.62 -2.17 -2.05 -1.95 1.69 -2.09 -2.15 -2.21 -1.12 0.105665076567655 0.249885741889482 0.961313533481542 -1.755 -1.17 -2.0325 -0.9278 -0.605 0.9274
0.54 0.5 0.53 1.81 -0.99 0.02 1.38 0.83 0.95 2.05 0.69 1.91 1.85 1.79 1.88 1.3131161106612 1.04297636558735 1.77064433562014 1.745 0.58 1.2175 0.9272 0.27 0.6499
-0.46 -0.5 0.53 1.81 0.01 -1.98 -1.62 -1.17 -0.0499999999999998 0.05 -2.31 -2.09 0.85 1.79 0.88 1.58358492373776 2.39677536223873 2.96308514320849 -0.255 -0.42 -0.2825 -0.1328 0.19 0.1224
0.54 -0.5 -0.47 1.81 2.01 -1.98 2.38 1.83 -2.05 -0.95 -1.31 -2.09 -2.15 1.79 -1.12 -0.0557153418931951 -0.424223781795567 -0.742421302330959 0.245 1.08 -1.7825 -0.1128 -0.56 -0.9701
0.54 0.5 0.53 -2.19 0.01 1.02 2.38 0.83 -1.05 -0.95 1.69 -0.0899999999999999 0.85 0.79 1.88 1.68086106974146 1.8901742346068 2.3525707469302 0.495 0.83 -0.0324999999999999 0.2647 0.395 -0.0251
