-0.5 0.5 0.49 1.96 -1.89 1.96 -0.17 -1.06 -0.14 -0.02 -1.95 -1 -1.92 0.03 -1.95 1.61499356058269 1.2905189154551 1.67532591853836 -0.29 -1.2175 -0.03 -0.1542 -0.6775 -0.0075
0.5 -0.5 0.49 -0.04 2.11 -0.04 -2.17 1.94 -2.14 1.98 2.05 2 1.08 0.03 1.05 0.819905525726019 -1.29239988229543 -0.62157070281685 0.21 1.5325 0.22 0.0908 -0.835 0.0875
-0.5 -0.5 -0.51 -0.04 -0.89 1.96 -1.17 -2.06 0.86 -2.02 -0.95 1 -1.92 -1.97 -1.95 0.0438315336575936 1.04950315161571 0.898359055641306 -0.54 -1.4675 -0.28 0.2633 0.665 0.1175
-0.5 -0.5 -0.51 -2.04 -1.89 1.96 1.83 -1.06 1.86 -1.02 1.05 0 2.08 2.03 1.05 -0.61760680370564 0.411878390735032 1.23410637310257 0.21 0.0325000000000001 1.22 -0.1192 -0.085 -0.6325
-0.5 -0.5 -0.51 -2.04 1.11 -2.04 1.83 -1.06 -1.14 -2.02 0.05 1 -1.92 -0.97 1.05 0.172182041237828 0.187264837983205 2.19220747877298 0.46 -0.2175 -1.78 -0.2467 0.04 0.8675
-0.5 0.5 0.49 -2.04 -1.89 -0.04 0.83 0.94 1.86 -2.02 0.05 2 -1.92 -0.97 1.05 0.62388856362786 0.278359285181369 1.66672121819649 0.46 -0.4675 -0.53 0.2133 -0.3025 0.2425
0.5 0.5 0.49 1.96 -0.89 -2.04 0.83 -0.0600000000000001 0.86 1.98 0.05 2 -1.92 0.03 2.05 0.397409246676961 0.813159700182996 1.12042465696511 1.71 -0.2175 -0.28 0.8258 -0.1775 -0.1625
-0.5 -0.5 -0.51 -0.04 2.11 -2.04 1.83 -0.0600000000000001 -1.14 1.98 -0.95 -2 2.08 -1.97 -1.95 -0.581686175431635 0.93316501903288 0.624380299678514 -0.54 -0.2175 0.22 0.2633 0.04 -0.1325
0.5 -0.5 -0.51 -0.04 0.11 -2.04 -2.17 -0.0600000000000001 1.86 -0.02 -0.95 -2 0.0800000000000001 0.03 -0.95 0.931033234975727 2.19551355603522 1.08784032189601 -1.29 -0.2175 -0.03 0.6458 0.04 -0.0375
0.5 0.5 0.49 -0.04 -1.89 -2.04 1.83 -1.06 1.86 1.98 1.05 1 2.08 2.03 2.05 2.45131633195604 0.561337036372148 0.547264493460046 1.21 0.0325000000000001 0.97 0.5808 -0.0525 0.4625
-0.5 -0.5 0.49 1.96 -1.89 -2.04 1.83 0.94 -2.14 0.98 2.05 -2 -0.92 -1.97 -1.95 0.581555461980362 0.444364346348595 0.817782525947012 -0.04 -0.2175 -1.03 -0.0317 0.04 0.4925
0.5 0.5 -0.51 1.96 0.11 0.96 1.83 -1.06 0.86 1.98 2.05 0 -0.92 1.03 1.05 1.59483838913113 0.261771515715937 1.18356185005269 1.21 0.5325 0.72 -0.6292 0.1975 0.3375
-0.5 0.5 -0.51 -2.04 -1.89 0.96 1.83 1.94 -0.14 0.98 0.05 2 -1.92 2.03 -1.95 0.660636689844878 1.25668067386849 1.11308584775326 -0.04 0.5325 -0.03 0.00829999999999998 0.1975 -0.0075
0.5 0.5 0.49 -2.04 0.11 0.96 1.83 -1.06 -2.14 0.98 1.05 1 2.08 2.03 2.05 0.094034645021239 -1.75091107846161 0.346151041947036 0.71 0.5325 0.47 0.3358 0.1975 0.2125
0.5 0.5 -0.51 0.96 1.11 1.96 1.83 -1.06 -0.14 -0.02 -0.95 0 2.08 0.03 2.05 1.1940095936701 1.59754596556788 3.21189546468343 1.21 -0.2175 0.97 -0.6292 -0.1775 0.4625
0.5 -0.5 0.49 -2.04 -1.89 1.96 -2.17 -2.06 -1.14 -1.02 -0.95 -1 -0.92 -1.97 0.05 0.518268080959597 0.463584857699375 -1.21453859700243 -1.29 -1.7175 -0.28 -0.6442 0.79 -0.1625
-0.5 0.5 -0.51 1.96 2.11 0.96 -1.17 1.94 1.86 1.98 -0.95 2 2.08 2.03 2.05 0.730082144224288 0.94603420107122 -0.13542224755562 1.21 1.2825 1.72 -0.6292 0.5725 -0.8825
0.5 0.5 -0.51 -0.04 2.11 1.96 -1.17 1.94 1.86 1.98 0.05 1 -1.92 -1.97 -1.95 0.070709073721885 0.299991844258079 1.28615751559228 -0.54 0.5325 0.97 0.2633 0.1975 0.4625
0.5 0.5 -0.51 1.96 0.11 -2.04 -1.17 -2.06 0.86 -2.02 -1.95 -1 1.08 2.03 0.05 0.737699126788624 2.39621496986355 0.904271669388423 -0.04 -0.4675 -0.53 0.00829999999999998 -0.3025 -0.2875
-0.5 -0.5 -0.51 1.96 1.11 -0.04 1.83 1.94 0.86 1.98 2.05 2 2.08 2.03 2.05 -0.0409223178185853 -0.0889260482100798 0.493783219617901 1.96 1.7825 1.22 -1.0117 -0.96 -0.6325
0.5 -0.5 -0.51 0.96 -1.89 0.96 -2.17 0.94 -0.14 -2.02 -1.95 -2 2.08 2.03 -1.95 -0.284500862686331 1.41917136088142 0.830759404225616 -1.29 -0.2175 0.22 0.6458 0.04 0.0875
0.5 0.5 -0.51 1.96 -0.89 -2.04 1.83 1.94 -2.14 -0.02 2.05 0 1.08 1.03 -0.95 -0.38866928730795 0.797262950425863 0.961569052165185 0.71 1.0325 -0.78 -0.3742 0.4475 -0.4125
-0.5 0.5 0.49 0.96 2.11 1.96 1.83 -2.06 0.86 -1.02 0.05 0 0.0800000000000001 0.03 -1.95 1.63988253276089 1.45998671425503 1.91169306776635 0.21 0.0325000000000001 0.47 0.0908 -0.0525 -0.2575
-0.5 0.5 -0.51 1.96 2.11 1.96 -0.17 -2.06 1.86 1.98 2.05 2 2.08 1.03 2.05 2.37803618245869 1.8375124558149 2.9916116343663 1.46 0.7825 1.97 -0.7567 0.3225 -1.0075
-0.5 -0.5 0.49 -2.04 2.11 -2.04 -2.17 -0.0600000000000001 -0.14 -0.02 2.05 0 -0.92 -1.97 0.05 1.64242685121002 2.05589022522728 1.12778838385246 -1.04 0.5325 -0.78 -0.5217 -0.335 0.3675
-0.5 -0.5 -0.51 -2.04 2.11 -0.04 -0.17 1.94 1.86 1.98 2.05 2 -0.92 1.03 1.05 -0.284071792728804 -0.0390986591974892 -0.0547693249316808 0.21 1.7825 0.72 -0.1192 -0.96 -0.3825
-0.5 -0.5 -0.51 1.96 -1.89 0.96 0.83 1.94 0.86 -1.02 2.05 0 -0.92 2.03 2.05 2.15094451119136 0.367584893346824 -0.109462503671871 1.21 1.0325 -0.03 -0.6292 -0.585 -0.0075
-0.5 -0.5 -0.51 -1.04 -1.89 1.96 0.83 -0.0600000000000001 1.86 -1.02 2.05 -2 0.0800000000000001 -1.97 -1.95 -1.61146613664235 -1.2579116190639 -0.406108482434943 -1.04 -0.4675 0.72 0.5183 0.165 -0.3825
0.5 0.5 0.49 -2.04 -0.89 -0.04 1.83 -1.06 1.86 -1.02 2.05 2 0.0800000000000001 1.03 -0.95 0.20689345136688 0.898537336172244 1.52418339409066 0.21 0.2825 0.22 0.0908 0.0725 0.0875
-0.5 -0.5 0.49 -2.04 2.11 0.96 -2.17 -0.0600000000000001 -1.14 -1.02 0.05 0 0.0800000000000001 0.03 -0.95 1.34168603644215 1.01776248177758 1.77320703333772 -1.29 0.5325 -0.28 -0.6442 -0.335 0.1175
0.5 0.5 0.49 -2.04 -1.89 -2.04 -1.17 0.94 1.86 -1.02 -0.95 2 1.08 1.03 2.05 0.403441309563447 0.46689923576317 2.12619323818399 0.21 -0.2175 -0.03 0.0908 -0.1775 -0.0375
-0.5 -0.5 -0.51 -0.04 -1.89 -0.04 -2.17 1.94 -2.14 -0.02 0.05 -2 -1.92 -0.97 -1.95 1.12979647720496 0.0369826362264463 0.261710396341827 -1.54 -0.2175 -1.03 0.7733 0.04 0.4925
-0.5 0.5 0.49 1.96 0.11 0.96 -2.17 -1.06 -2.14 0.98 0.05 0 0.0800000000000001 1.03 -1.95 -1.43062059191098 2.26793479336539 1.16882911885369 -0.54 0.0325 -0.03 -0.2767 -0.0525 -0.0075
0.5 -0.5 -0.51 0.96 -1.89 1.96 -1.17 -2.06 -2.14 -2.02 -0.95 -2 -1.92 -1.97 -1.95 -1.8086607112063 -2.31565613833592 -0.851336507331557 -1.04 -1.7175 -1.03 0.5183 0.79 -0.5375
0.5 -0.5 0.49 0.96 2.11 0.96 -2.17 1.94 1.86 0.98 2.05 -2 0.0800000000000001 -0.97 -1.95 1.20823704960521 1.0192127644414 1.57393052554321 -1.29 1.2825 0.97 -0.6442 -0.71 0.4625
0.5 0.5 -0.51 -0.04 -1.89 -0.04 1.83 -2.06 -2.14 -1.02 -0.95 -2 -1.92 2.03 0.05 1.14606418548153 0.66288064950161 1.26602307339071 -0.04 -0.7175 -1.28 0.00829999999999998 -0.4275 -0.6625
0.5 0.5 0.49 -2.04 2.11 0.96 1.83 1.94 1.86 -2.02 2.05 1 -1.92 1.03 -1.95 -1.40859129846865 0.218450160780712 -0.671519006029391 -0.29 1.7825 -0.28 -0.1542 0.8225 -0.1625
-0.5 -0.5 -0.51 -0.04 0.11 -2.04 -2.17 1.94 -1.14 1.98 -1.95 -2 -1.92 -1.97 1.05 0.384150997202256 -0.873264620777784 1.2776895040053 -0.79 -0.4675 -0.78 0.3908 0.165 0.3675
-0.5 0.5 0.49 1.96 -0.89 -2.04 0.83 -2.06 -2.14 0.98 1.05 0 1.08 1.03 2.05 0.721073974113582 1.05840203429661 2.10687640247504 1.21 -0.2175 -0.53 0.5808 -0.1775 0.2425
-0.5 -0.5 0.49 1.96 1.11 -0.04 1.83 1.94 -1.14 -2.02 1.05 -2 -0.92 -0.97 0.05 0.0253048050071542 1.33076099626612 0.502400263920819 0.46 0.7825 -1.03 0.2133 -0.46 0.4925
-0.5 0.5 0.49 1.96 0.11 1.96 1.83 1.94 0.86 -1.02 2.05 -1 -0.92 1.03 0.05 2.03885022973584 1.58405791544602 2.40978177814166 0.71 1.2825 0.22 0.3358 0.5725 -0.1325
0.5 -0.5 -0.51 -2.04 2.11 -0.04 -1.17 -2.06 -2.14 -2.02 -1.95 -2 1.08 -0.97 -1.95 -0.575294816050122 0.137900260697824 0.109839465200335 -1.79 -0.7175 -0.78 0.9008 0.29 -0.4125
0.5 0.5 0.49 -2.04 -1.89 -1.04 -1.17 -0.0600000000000001 1.86 -0.02 -1.95 1 0.0800000000000001 2.03 1.05 1.03023782407042 2.73003628670238 2.06622546993133 -0.29 -0.4675 0.22 -0.1542 -0.3025 0.0875
0.5 0.5 0.49 1.96 2.11 1.96 -1.17 -1.06 1.86 1.98 0.05 -1 -0.92 0.03 2.05 0.838899639483796 0.621068709277231 0.846682480219775 0.46 0.2825 1.22 0.2133 0.0725 0.5875
-0.5 -0.5 -0.51 -0.04 -1.89 -0.04 1.83 0.94 0.86 -0.02 -0.95 1 1.08 2.03 1.05 1.53604640470005 0.705118318539719 1.30005482460031 0.96 0.0325000000000001 0.47 -0.5017 -0.085 -0.2575
-0.5 0.5 0.49 -1.04 0.11 -2.04 -1.17 -2.06 -2.14 -2.02 2.05 -2 0.0800000000000001 1.03 -1.95 1.34653936374661 1.15513305088494 1.47992345831857 -1.54 0.2825 -1.53 -0.7667 0.0725 0.7425
-0.5 0.5 0.49 -2.04 2.11 1.96 -2.17 -0.0600000000000001 -2.14 1.98 -0.95 -2 1.08 -1.97 0.05 1.97950879949486 3.01282519982367 3.3617126995452 -1.54 -0.2175 0.72 -0.7667 -0.1775 -0.3825
0.5 -0.5 -0.51 -2.04 -1.89 -2.04 -1.17 -2.06 -0.14 -2.02 2.05 -1 0.0800000000000001 -1.97 -0.95 0.109532250840269 1.06876482188478 2.32192652015504 -1.29 -0.9675 -1.03 0.6458 0.415 -0.5375
0.5 0.5 0.49 -0.04 -1.89 1.96 -2.17 -1.06 -0.14 -2.02 1.05 0 0.0800000000000001 0.03 1.05 1.56886524708783 1.31719127129618 0.748035350158582 -0.29 -0.4675 -0.03 -0.1542 -0.3025 -0.0375
0.5 0.5 0.49 1.96 -1.89 -2.04 1.83 -0.0600000000000001 -1.14 1.98 0.05 2 -0.92 2.03 2.05 1.3767615513394 2.34012136678655 2.36656710564028 1.96 0.0325000000000001 -0.53 0.9483 -0.0525 -0.2875
0.5 0.5 -0.51 -0.04 2.11 -2.04 -2.17 -1.06 -2.14 0.98 -1.95 -1 2.08 -1.97 0.05 0.309456958389006 0.793716015915119 0.193139988757367 -0.79 -0.7175 -0.28 0.3908 -0.4275 -0.1625
0.5 0.5 0.49 -2.04 1.11 -2.04 -1.17 1.94 -1.14 -1.02 -0.95 -2 2.08 -0.97 1.05 2.10104844522093 1.53037315138618 3.55776378735953 -1.04 0.2825 -0.53 -0.5217 0.0725 -0.2875
0.5 0.5 0.49 1.96 2.11 1.96 -0.17 -0.0600000000000001 -0.14 -2.02 0.05 -1 -1.92 -0.97 1.05 0.195304574868602 -0.550093020456085 1.69034265966421 0.46 0.2825 -0.53 0.2133 0.0725 -0.2875
-0.5 -0.5 -0.51 -2.04 -1.89 1.96 -0.17 -2.06 -0.14 1.98 0.05 0 -1.92 1.03 -1.95 -0.282027208143213 0.76230120345656 1.63047178650702 -1.04 -0.7175 0.47 0.5183 0.29 -0.2575
0.5 -0.5 0.49 0.96 1.11 -0.04 1.83 -0.0600000000000001 -1.14 1.98 -0.95 2 -0.92 1.03 -0.95 0.867640104372988 1.35955056779878 3.16869868441761 0.96 0.2825 -0.03 0.4583 -0.21 -0.0375
-0.5 -0.5 0.49 -2.04 1.11 -2.04 -2.17 -1.06 -2.14 -0.02 -1.95 -2 -0.92 -0.97 -0.95 0.677125379397199 1.72335007668711 2.38738596936932 -1.79 -0.7175 -1.28 -0.8892 0.29 0.6175
-0.5 -0.5 0.49 1.96 2.11 -1.04 0.83 1.94 1.86 -2.02 0.05 1 -1.92 -1.97 1.05 0.501477881438791 0.730452585400065 2.67858267458849 1.21 0.5325 -0.78 0.5808 -0.335 0.3675
-0.5 0.5 -0.51 -2.04 -1.89 -1.04 -0.17 -2.06 -2.14 -1.02 -1.95 -1 -0.92 -1.97 -1.95 -1.20711216042135 -0.412208394084215 -0.301978940314112 -1.29 -1.9675 -1.28 0.6458 -1.0525 0.6175
-0.5 0.5 0.49 -2.04 -1.89 -0.04 -0.17 -2.06 -0.14 -2.02 -1.95 1 1.08 -0.97 -1.95 2.07144523322828 1.52318895451811 1.79120911396007 -0.79 -1.7175 -0.28 -0.3992 -0.9275 0.1175
-0.5 -0.5 0.49 -2.04 -1.89 -2.04 1.83 1.94 1.86 0.98 1.05 1 0.0800000000000001 1.03 -0.95 0.256825336268494 0.389939809905319 -0.302266905069544 -0.04 0.5325 0.22 -0.0317 -0.335 -0.1325
-0.5 -0.5 -0.51 -0.04 1.11 1.96 1.83 1.94 -2.14 -1.02 -1.95 -2 -1.92 -1.97 -1.95 0.191047145154708 0.148822718372055 -0.885476779433494 -0.54 -0.2175 -0.78 0.2633 0.04 0.3675
0.5 -0.5 0.49 -2.04 -0.89 -2.04 -2.17 1.94 -1.14 0.98 -1.95 -2 -1.92 -1.97 -1.95 0.326000431954287 1.11045067391501 0.404096868210706 -2.04 -0.7175 -1.03 -1.0117 0.29 -0.5375
0.5 0.5 -0.51 -0.04 -1.89 -2.04 -1.17 -2.06 1.86 0.98 1.05 -2 -0.92 -1.97 0.05 1.04581670216514 1.18202779139113 0.0772665898713309 -0.79 -1.2175 -0.03 0.3908 -0.6775 -0.0375
0.5 0.5 0.49 1.96 1.11 0.96 -0.17 -2.06 -1.14 -1.02 -1.95 2 1.08 -0.97 2.05 1.4147904940893 2.33185409610415 1.41186754201909 1.46 -0.9675 -0.03 0.7033 -0.5525 -0.0375
0.5 0.5 -0.51 -2.04 -1.89 -0.04 1.83 -1.06 -0.14 0.98 2.05 2 -0.92 0.03 1.05 -0.595790556699651 0.939152912574335 -0.395243708718418 0.71 -0.2175 -0.03 -0.3742 -0.1775 -0.0375
0.5 0.5 0.49 0.96 1.11 0.96 1.83 1.94 -2.14 1.98 2.05 2 2.08 1.03 2.05 -0.681013492709951 1.4366473031185 2.14027883895594 1.71 1.5325 0.72 0.8258 0.6975 0.3375
-0.5 -0.5 0.49 1.96 0.11 0.96 -0.17 -2.06 -0.14 -0.02 -1.95 0 -1.92 0.03 1.05 1.4183929599119 -0.371759514763328 -0.402891414590182 0.71 -0.9675 -0.28 0.3358 0.415 0.1175
-0.5 -0.5 -0.51 -2.04 -0.89 -2.04 1.83 1.94 1.86 -2.02 -1.95 -2 -0.92 -1.97 -1.95 0.226459647511492 -0.348167588966556 0.0889923333905956 -1.04 -0.7175 -0.78 0.5183 0.29 0.3675
0.5 -0.5 0.49 -2.04 -0.89 -2.04 -1.17 -1.06 1.86 0.98 -1.95 -1 2.08 -0.97 -0.95 1.22030833023717 0.881388531536039 1.93226042876463 -1.29 -1.2175 0.72 -0.6442 0.54 0.3375
0.5 -0.5 -0.51 1.96 -1.89 -2.04 1.83 -2.06 0.86 -0.02 -1.95 1 0.0800000000000001 -1.97 -0.95 0.884985097582248 0.914459007618764 1.16928100988586 0.96 -1.9675 -0.28 -0.5017 0.915 -0.1625
0.5 0.5 0.49 1.96 -1.89 1.96 1.83 1.94 0.86 -1.02 2.05 2 2.08 2.03 2.05 1.74848612609514 1.05527259548997 1.96574968649046 1.96 1.0325 0.97 0.9483 0.4475 0.4625
0.5 -0.5 -0.51 -1.04 -1.89 -1.04 0.83 1.94 -1.14 -2.02 -1.95 -2 -1.92 -1.97 -0.95 -0.881096575900633 -0.892177670705773 -0.837930271758607 -0.79 -0.9675 -1.53 0.3908 0.415 -0.7875
-0.5 -0.5 -0.51 0.96 -1.89 -0.04 -2.17 -2.06 -0.14 -1.02 -1.95 0 1.08 2.03 -1.95 -0.0953483607825608 0.0352603893735273 0.98121373044143 -0.79 -0.9675 -0.03 0.3908 0.415 -0.0075
-0.5 -0.5 0.49 1.96 0.11 0.96 -2.17 1.94 0.86 1.98 2.05 -1 0.0800000000000001 0.03 1.05 0.334384276542868 0.450169037236607 0.261432364656599 -0.04 1.0325 0.97 -0.0317 -0.585 -0.5075
0.5 -0.5 -0.51 0.96 -0.89 1.96 0.83 -0.0600000000000001 0.86 0.98 -1.95 1 2.08 0.03 2.05 1.05321691733168 1.79562464133145 2.79879666832046 1.21 -0.7175 1.47 -0.6292 0.29 0.7125
-0.5 -0.5 -0.51 1.96 -1.89 -2.04 1.83 -2.06 -0.14 1.98 -1.95 -1 -0.92 -1.97 -1.95 0.157442357592551 0.959532278148408 1.50941444490322 0.21 -1.9675 -0.28 -0.1192 0.915 0.1175
-0.5 -0.5 -0.51 0.96 2.11 -2.04 1.83 -0.0600000000000001 -1.14 -1.02 2.05 -1 2.08 -1.97 -0.95 0.257137370399915 0.246609534912698 1.18128813914051 0.21 0.5325 -0.53 -0.1192 -0.335 0.2425
-0.5 -0.5 -0.51 0.96 1.11 -2.04 0.83 -2.06 1.86 1.98 -0.95 2 -0.92 -1.97 1.05 0.607741159688859 -1.55695206970566 -0.713579594769634 1.21 -0.9675 0.22 -0.6292 0.415 -0.1325
0.5 0.5 0.49 0.96 -1.89 0.96 -0.17 1.94 1.86 1.98 -0.95 2 0.0800000000000001 2.03 2.05 1.48218249951306 1.95112339365696 2.97389282096089 1.21 0.2825 1.22 0.5808 0.0725 0.5875
-0.5 -0.5 -0.51 -2.04 2.11 1.96 -2.17 0.94 0.86 -0.02 2.05 1 0.0800000000000001 1.03 2.05 -0.354730893251008 0.830281198569351 0.0958447502999257 -0.29 1.5325 0.72 0.1358 -0.835 -0.3825
0.5 0.5 -0.51 1.96 2.11 1.96 1.83 -1.06 -2.14 1.98 0.05 -1 -1.92 -1.97 -1.95 1.06624931763716 2.07261008657706 2.1480541851297 0.21 -0.2175 -0.03 -0.1192 -0.1775 -0.0375
0.5 0.5 0.49 -2.04 2.11 -0.04 1.83 0.94 -1.14 -0.02 1.05 0 -0.92 1.03 2.05 1.0354822695073 0.934725844904987 2.85380633218625 0.46 1.2825 -0.53 0.2133 0.5725 -0.2875
0.5 0.5 0.49 -2.04 2.11 1.96 -2.17 1.94 -2.14 -1.02 0.05 -2 -1.92 2.03 -0.95 0.646647798290973 1.17166236403829 0.752713248536417 -1.79 1.5325 -0.78 -0.8892 0.6975 -0.4125
-0.5 0.5 -0.51 -0.04 -1.89 -0.04 -2.17 1.94 1.86 1.98 -0.95 2 -0.92 2.03 1.05 0.526269640437672 0.706464768243872 0.266780530400271 0.21 0.2825 0.72 -0.1192 0.0725 -0.3825
-0.5 -0.5 -0.51 1.96 2.11 1.96 -2.17 -0.0600000000000001 -2.14 -2.02 2.05 0 0.0800000000000001 1.03 2.05 0.175281558087375 -0.895386603090756 -1.33691668532054 0.46 1.2825 -0.53 -0.2467 -0.71 0.2425
-0.5 -0.5 -0.51 -1.04 0.11 -1.04 -0.17 -1.06 -2.14 0.98 -0.95 -1 -1.92 -0.97 0.05 0.892776135560898 2.09636066593869 2.13681468320945 -0.54 -0.7175 -1.03 0.2633 0.29 0.4925
0.5 0.5 -0.51 1.96 1.11 1.96 -0.17 1.94 1.86 -2.02 -1.95 1 1.08 0.03 2.05 0.618238101710521 0.597914287951037 2.45073728487634 1.21 0.2825 0.72 -0.6292 0.0725 0.3375
0.5 0.5 0.49 0.96 0.11 -2.04 -0.17 -0.0600000000000001 -2.14 -2.02 2.05 2 2.08 2.03 0.05 0.0887687111607793 -0.0823162258572775 -0.0322959363381001 0.71 1.0325 -1.03 0.3358 0.4475 -0.5375
0.5 -0.5 0.49 1.96 -1.89 -2.04 -0.17 1.94 1.86 -2.02 1.05 -1 0.0800000000000001 1.03 1.05 0.815948877296576 0.396263807278893 1.01131282687348 0.46 0.5325 -0.53 0.2133 -0.335 -0.2875
-0.5 0.5 0.49 -0.04 0.11 -2.04 -0.17 -2.06 -1.14 1.98 -1.95 2 2.08 0.03 -1.95 1.15268263521578 2.05469053471111 2.19192310148143 -0.04 -0.9675 0.22 -0.0317 -0.5525 -0.1325
-0.5 0.5 0.49 -2.04 1.11 0.96 -0.17 -0.0600000000000001 1.86 -2.02 0.05 -2 2.08 0.03 -1.95 0.402530275781701 0.480724185280358 0.446067401227015 -1.54 0.2825 0.72 -0.7667 0.0725 -0.3825
0.5 0.5 0.49 1.96 1.11 1.96 -1.17 0.94 1.86 -0.02 2.05 -2 -0.92 1.03 2.05 1.02404984761388 1.67985712486906 2.64525857221475 0.21 1.2825 0.72 0.0908 0.5725 0.3375
-0.5 -0.5 -0.51 -0.04 1.11 -0.04 1.83 1.94 0.86 -1.02 -0.95 0 2.08 0.03 -1.95 0.363141894866035 1.65397684654733 1.57539169717921 -0.04 0.5325 0.47 0.00829999999999998 -0.335 -0.2575
-0.5 -0.5 -0.51 -2.04 1.11 1.96 1.83 0.94 1.86 1.98 1.05 2 2.08 0.03 2.05 1.05806449155214 1.06089974051104 1.26606317196053 0.96 0.7825 1.97 -0.5017 -0.46 -1.0075
-0.5 -0.5 -0.51 -2.04 2.11 -2.04 1.83 -0.0600000000000001 0.86 -1.02 -0.95 1 -1.92 -1.97 -1.95 0.496194313172875 1.08068853587227 0.0689726552528487 -0.29 -0.2175 -1.03 0.1358 0.04 0.4925
0.5 0.5 0.49 -2.04 0.11 1.96 -1.17 -0.0600000000000001 1.86 -1.02 2.05 2 1.08 2.03 2.05 0.113888160645842 0.160837394203696 0.909431369102184 0.21 1.0325 0.97 0.0908 0.4475 0.4625
0.5 0.5 0.49 1.96 1.11 -0.04 -2.17 -0.0600000000000001 1.86 1.98 -1.95 2 2.08 2.03 1.05 0.998281024126519 0.814525697681804 2.23310579206046 0.71 0.2825 1.47 0.3358 0.0725 0.7125
0.5 -0.5 -0.51 1.96 1.11 -2.04 -1.17 -1.06 -2.14 -0.02 0.05 1 1.08 -0.97 0.05 0.859970745826404 0.767009889640082 0.945595993397609 0.46 -0.2175 -0.78 -0.2467 0.04 -0.4125
-0.5 -0.5 0.49 -2.04 -1.89 0.96 -1.17 -1.06 -1.14 -1.02 0.05 0 1.08 -0.97 -0.95 -0.0294947760028232 1.05781970077262 0.949858866893907 -1.04 -0.9675 -0.03 -0.5217 0.415 -0.0075
0.5 0.5 0.49 0.96 0.11 1.96 1.83 -0.0600000000000001 -0.14 1.98 -0.95 -1 0.0800000000000001 0.03 -0.95 0.100451520458028 0.382548607816928 0.484615160829855 0.21 -0.2175 0.97 0.0908 -0.1775 0.4625
