0.55 -0.51 -0.5 1.88 0.31 -2.09 -2.04 2 0.92 -1.71 0.9 -2.01 -1.92 -0.97 -1.91 1.17991893195652 1.00118943195724 -1.55684470705614 -1.02 0.56 -1.2 0.4025 -0.2662 -0.6725
0.55 -0.51 -0.5 1.88 0.31 -0.0899999999999999 -1.04 -1 -1.08 2.29 -0.1 1.99 0.0800000000000001 1.03 0.0900000000000001 2.34529626199823 1.59189704881565 2.93454637553005 0.73 0.06 0.3 -0.4725 -0.0112 0.1525
-0.45 -0.51 -0.5 1.88 1.31 0.91 -2.04 -2 0.92 2.29 0.9 -2.01 1.08 -0.97 -0.91 0.877071571864569 1.35018823921243 0.974426821744492 -0.77 -0.19 1.3 0.2775 0.1163 -0.5975
-0.45 -0.51 -0.5 -2.12 -1.69 1.91 -2.04 -2 -0.0800000000000001 -1.71 -2.1 0.99 0.0800000000000001 -1.97 -1.91 0.193742878961001 1.31527227809314 0.632729310067754 -1.27 -1.94 0.05 0.5275 1.0088 -0.035
-0.45 -0.51 -0.5 1.88 -0.69 -2.09 -0.04 2 0.92 -1.71 0.9 -2.01 2.08 1.03 2.09 -0.237611690367597 0.00791592278421202 0.0393577948327034 0.48 0.81 -0.2 -0.3475 -0.3937 0.0775
0.55 0.49 0.5 1.88 1.31 0.91 1.96 2 1.92 1.29 1.9 1.99 2.08 0.03 2.09 2.62346918571175 2.32141263190012 2.92856932186734 1.98 1.31 1.55 0.8825 0.6613 0.84
-0.45 0.49 -0.5 1.88 -1.69 -2.09 -2.04 -2 1.92 1.29 -1.1 -2.01 1.08 -1.97 -1.91 0.205774927711206 0.835394879584169 1.77989459454156 -1.02 -1.69 0.55 0.4025 -0.8087 -0.26
-0.45 0.49 0.5 -1.12 2.31 1.91 1.96 2 1.92 2.29 1.9 1.99 2.08 1.03 2.09 -0.69480306117817 2.11257931657751 1.76353928433417 1.23 1.81 2.05 0.5075 0.9063 -0.935
-0.45 0.49 0.5 1.88 -1.69 1.91 -0.04 2 1.92 -0.71 1.9 -1.01 2.08 1.03 0.0900000000000001 2.3571623411813 2.35185800025931 3.00845793405712 0.23 0.81 1.3 0.00750000000000002 0.4163 -0.5975
-0.45 0.49 0.5 0.88 -1.69 -2.09 -2.04 -2 1.92 -0.71 -2.1 -2.01 -0.92 0.03 -1.91 0.400685000741182 1.79499890241517 0.451448639505409 -1.27 -1.44 -0.45 -0.7425 -0.6862 0.19
-0.45 -0.51 -0.5 1.88 -0.69 1.91 -0.04 0 -0.0800000000000001 -1.71 1.9 0.99 0.0800000000000001 0.03 0.0900000000000001 -1.6158523343341 0.207173013118093 0.73073886834163 0.73 0.31 0.05 -0.4725 -0.1387 -0.035
0.55 0.49 0.5 -1.12 2.31 -2.09 1.96 -1 1.92 -0.71 -2.1 -1.01 2.08 2.03 1.09 1.39469896576156 1.59234328531964 1.61867680095962 0.23 0.31 0.3 0.00750000000000002 0.1713 0.1525
0.55 0.49 0.5 1.88 -1.69 -0.0899999999999999 -1.04 0 1.92 2.29 -2.1 0.99 0.0800000000000001 0.03 -0.91 1.09055033399398 0.985248965017981 4.57467700006114 0.23 -0.94 1.05 0.00750000000000002 -0.4412 0.565
0.55 -0.51 -0.5 -0.12 2.31 1.91 1.96 1 -0.0800000000000001 0.29 1.9 -2.01 -0.92 -0.97 2.09 -0.946046625634136 -0.648094664134528 1.09364955879799 0.48 1.06 0.3 -0.3475 -0.5212 0.1525
-0.45 -0.51 -0.5 -1.12 2.31 -2.09 -0.04 1 -1.08 0.29 1.9 -0.00999999999999979 2.08 -0.97 1.09 0.881006892350232 0.654168569758188 2.67895997849315 -0.02 1.06 -0.2 -0.0975 -0.5212 0.0775
-0.45 -0.51 -0.5 -2.12 2.31 1.91 -1.04 2 -0.0800000000000001 1.29 0.9 1.99 -1.92 2.03 0.0900000000000001 1.01537008049051 1.2247952365344 -0.189646157560334 -0.27 1.81 0.3 0.0275 -0.9037 -0.1475
-0.45 0.49 0.5 1.88 0.31 -2.09 -1.04 -2 0.92 2.29 -1.1 -1.01 1.08 -1.97 0.0900000000000001 0.396315623494905 3.29805255690805 3.25484711773932 -0.02 -1.19 0.55 -0.1175 -0.5637 -0.26
0.55 0.49 0.5 -2.12 2.31 1.91 -0.04 2 -0.0800000000000001 2.29 -2.1 1.99 2.08 2.03 1.09 1.13001737969824 3.3738673905212 2.21676625883745 0.23 1.06 1.55 0.00750000000000002 0.5388 0.84
0.55 -0.51 -0.5 -0.12 0.31 -1.09 -0.04 -1 -2.08 -0.71 -2.1 -1.01 0.0800000000000001 0.03 1.09 -0.531186380119853 2.35935709013823 2.8310303031671 -0.02 -0.69 -0.95 -0.0975 0.3713 -0.535
0.55 0.49 -0.5 0.88 -1.69 0.91 1.96 2 -2.08 -1.71 0.9 -2.01 -1.92 1.03 -1.91 -0.480429612795326 -0.228621146462467 -0.31564677883022 -0.27 0.56 -1.2 0.0275 0.2938 -0.6725
0.55 -0.51 -0.5 -0.12 -1.69 1.91 1.96 0 0.92 -0.71 0.9 0.99 1.08 1.03 -0.91 -0.0161903378197258 1.54671668386632 1.85019315402311 0.48 0.06 0.8 -0.3475 -0.0112 0.4275
0.55 0.49 0.5 0.88 -1.69 -2.09 -2.04 -2 -0.0800000000000001 0.29 -1.1 -2.01 -1.92 2.03 -1.91 1.25382866188696 1.67573875845626 2.29697752687373 -1.27 -0.69 -0.95 -0.7425 -0.3187 -0.535
0.55 0.49 0.5 1.88 2.31 1.91 0.96 2 -0.0800000000000001 0.29 1.9 0.99 1.08 0.03 0.0900000000000001 3.30928193325352 0.543302216630273 1.8883926453343 0.98 1.56 0.8 0.3825 0.7838 0.4275
0.55 -0.51 0.5 1.88 -0.69 1.91 -1.04 -2 -0.0800000000000001 0.29 0.9 -1.01 0.0800000000000001 -1.97 2.09 0.265409763980127 -0.0931213633998537 0.302377228484492 0.48 -0.94 0.55 0.1325 0.4988 0.29
0.55 0.49 0.5 1.88 2.31 1.91 -0.04 -1 -1.08 0.29 0.9 1.99 2.08 2.03 2.09 0.829281879488415 -0.569412121488538 2.05132915237369 1.48 1.06 0.8 0.6325 0.5388 0.4275
-0.45 0.49 0.5 1.88 -1.69 -2.09 1.96 2 -2.08 1.29 1.9 0.99 0.0800000000000001 1.03 -0.91 3.13738595622742 0.968134165243785 1.2238605779535 0.98 0.81 -0.7 0.3825 0.4163 0.3025
0.55 -0.51 -0.5 1.88 1.31 1.91 0.96 -2 0.92 -1.71 1.9 -1.01 0.0800000000000001 0.03 -0.91 -0.193035516143016 0.9942659372946 0.703666387388142 0.23 0.31 0.3 -0.2225 -0.1387 0.1525
-0.45 -0.51 -0.5 -2.12 0.31 -0.0899999999999999 0.96 1 0.92 1.29 0.9 -2.01 0.0800000000000001 1.03 -1.91 0.220981429131637 -0.324229524355951 -2.34654636464274 -1.27 0.81 0.55 0.5275 -0.3937 -0.26
0.55 0.49 0.5 1.88 2.31 1.91 -2.04 2 -2.08 -0.71 1.9 1.99 1.08 2.03 0.0900000000000001 1.01633025721685 0.523620703706652 1.27873082710924 0.48 2.06 0.05 0.1325 1.0288 0.015
0.55 0.49 -0.5 -2.12 1.31 -1.09 -0.04 1 -1.08 -1.71 1.9 -2.01 -1.92 1.03 -0.91 0.023169756338846 0.963826656013295 1.58725306790955 -1.27 1.31 -1.45 0.5275 0.6613 -0.81
-0.45 0.49 -0.5 -2.12 0.31 -0.0899999999999999 -0.04 -1 1.92 -1.71 0.9 -2.01 -1.92 -0.97 -1.91 -0.624965162420966 0.235374256950606 -0.0922755860924848 -1.52 -0.19 -0.45 0.6525 -0.0737 0.19
0.55 -0.51 -0.5 -2.12 -0.69 -0.0899999999999999 1.96 -2 1.92 -0.71 -0.1 -2.01 0.0800000000000001 -1.97 2.09 -1.6925141677685 -1.04400733874125 0.700687221580253 -0.02 -1.19 0.3 -0.0975 0.6263 0.1525
0.55 0.49 0.5 -1.12 0.31 -0.0899999999999999 0.96 -1 -2.08 1.29 -1.1 -0.00999999999999979 0.0800000000000001 2.03 0.0900000000000001 1.25398476381775 1.01156788664523 1.69878884668989 -0.02 0.0600000000000001 -0.2 -0.1175 0.0488 -0.1225
0.55 0.49 0.5 -2.12 2.31 -2.09 -2.04 -2 -0.0800000000000001 2.29 -2.1 -2.01 -1.92 -1.97 -1.91 0.421084149807881 0.435532613770297 0.640981834242313 -2.02 -0.94 -0.45 -1.1175 -0.4412 -0.26
0.55 0.49 0.5 1.88 -1.69 1.91 0.96 -2 1.92 -1.71 -0.1 1.99 1.08 1.03 2.09 1.40638823168434 0.69719100660505 0.506608478217267 1.73 -0.69 0.8 0.7575 -0.3187 0.4275
0.55 0.49 0.5 0.88 -1.69 -0.0899999999999999 1.96 0 1.92 0.29 1.9 1.99 1.08 0.03 1.09 2.64369720579456 2.07674716016551 3.19299234182464 1.48 0.06 0.8 0.6325 0.0488 0.4275
-0.45 -0.51 -0.5 -2.12 -1.69 1.91 -2.04 1 1.92 -1.71 -0.1 -1.01 -0.92 -0.97 -1.91 0.0949042232537151 0.8237180034304 -0.295449467860814 -1.77 -0.44 0.3 0.7775 0.2438 -0.1475
-0.45 0.49 0.5 -2.12 -1.69 1.91 -0.04 1 -0.0800000000000001 1.29 -1.1 -2.01 -1.92 -0.97 0.0900000000000001 1.68050104434913 0.865362047166697 -0.569617026757826 -1.02 -0.69 0.3 -0.6175 -0.3187 -0.1475
0.55 0.49 0.5 -2.12 2.31 -0.0899999999999999 -0.04 0 0.92 1.29 -2.1 -1.01 -1.92 -1.97 0.0900000000000001 -0.0353085648923908 1.58213739370767 2.52546696132431 -0.77 -0.44 0.05 -0.4925 -0.1962 0.015
-0.45 -0.51 -0.5 0.88 0.31 -0.0899999999999999 1.96 2 -2.08 -0.71 -0.1 0.99 2.08 0.03 0.0900000000000001 0.664342104083698 0.133306959979078 0.536659370118784 0.98 0.56 -0.2 -0.5975 -0.2662 0.0775
0.55 0.49 0.5 -0.12 2.31 0.91 0.96 -2 1.92 0.29 1.9 1.99 2.08 -1.97 2.09 1.78290257885973 0.298913860358444 1.75932853494845 1.23 0.06 1.3 0.5075 0.0488 0.7025
-0.45 0.49 -0.5 -2.12 -0.69 -1.09 0.96 2 0.92 -1.71 0.9 1.99 2.08 -1.97 2.09 -0.0418252590874199 0.298887597506396 -0.978148534172169 0.73 0.06 0.05 -0.4725 0.0488 -0.035
-0.45 -0.51 -0.5 0.88 -0.69 -2.09 0.96 0 -1.08 2.29 -0.1 -1.01 2.08 -0.97 1.09 1.32384292614367 0.708335953445677 2.79688529884084 0.48 -0.44 0.3 -0.3475 0.2438 -0.1475
-0.45 0.49 0.5 -2.12 -1.69 -2.09 -2.04 2 -1.08 -1.71 1.9 1.99 -0.92 -1.97 0.0900000000000001 -0.068987956337444 0.355218171259798 2.31879474127221 -0.52 0.06 -1.45 -0.3675 0.0488 0.64
0.55 0.49 0.5 0.88 -1.69 -2.09 0.96 2 -0.0800000000000001 -1.71 1.9 -1.01 0.0800000000000001 1.03 2.09 -0.491967873913597 1.79026870190085 1.84882566662196 0.73 0.81 -0.95 0.2575 0.4163 -0.535
-0.45 0.49 0.5 -0.12 -0.69 1.91 -2.04 -2 -1.08 0.29 -1.1 -0.00999999999999979 -1.92 -1.97 -1.91 0.164543597610225 1.31051408619461 0.818156262595006 -1.02 -1.44 -0.2 -0.6175 -0.6862 0.0775
-0.45 -0.51 -0.5 -1.12 -1.69 0.91 -0.04 0 0.92 0.29 -2.1 1.99 2.08 -0.97 -1.91 -0.185753553992746 2.26009685906724 1.1384452806756 -0.27 -1.19 1.05 0.0275 0.6263 -0.485
0.55 0.49 0.5 -2.12 2.31 -2.09 -0.04 2 -2.08 1.29 1.9 1.99 1.08 2.03 0.0900000000000001 -0.519661344482709 0.858954901618898 0.853830465328787 -0.02 2.06 -0.45 -0.1175 1.0288 -0.26
0.55 -0.51 0.5 -0.12 0.31 -0.0899999999999999 0.96 1 1.92 2.29 1.9 1.99 2.08 2.03 2.09 1.71760070491468 1.32151665698041 1.90478748804132 1.23 1.31 1.55 0.5075 -0.6487 0.84
-0.45 -0.51 -0.5 -1.12 -1.69 1.91 0.96 0 -2.08 -1.71 -2.1 -2.01 -1.92 -0.97 -0.91 1.6304353822013 -0.487315252684139 1.58399120739713 -0.77 -1.19 -0.95 0.2775 0.6263 0.415
0.55 -0.51 0.5 0.88 -1.69 0.91 1.96 1 -0.0800000000000001 0.29 -0.1 1.99 -1.92 0.03 0.0900000000000001 2.63420601137206 0.476696948205696 1.99354292411755 1.23 -0.19 -0.2 0.5075 0.1163 -0.1225
-0.45 -0.51 0.5 -2.12 -1.69 -0.0899999999999999 0.96 2 1.92 -1.71 1.9 -0.00999999999999979 0.0800000000000001 2.03 0.0900000000000001 2.17803962455875 1.25114736564789 2.10257297124984 -0.27 1.06 0.05 -0.2425 -0.5212 -0.035
-0.45 -0.51 -0.5 0.88 0.31 -2.09 0.96 -2 -2.08 2.29 -0.1 0.99 -0.92 2.03 2.09 0.62062507772827 0.406089130611642 -1.83182832381131 1.23 0.0600000000000001 -0.7 -0.7225 -0.0112 0.3025
-0.45 -0.51 -0.5 1.88 -1.69 -2.09 -2.04 -2 -2.08 -0.71 -1.1 -2.01 -1.92 -1.97 -1.91 0.238067582992433 1.35882575852918 2.30816430190586 -1.02 -1.69 -1.7 0.4025 0.8813 0.7525
-0.45 -0.51 0.5 1.88 0.31 1.91 1.96 1 -2.08 2.29 1.9 1.99 2.08 2.03 0.0900000000000001 0.527796576028566 1.11671830560704 0.769083529964303 1.48 1.31 1.05 0.6325 -0.6487 -0.485
0.55 0.49 0.5 -2.12 -1.69 -2.09 -1.04 0 -0.0800000000000001 -1.71 -2.1 -0.00999999999999979 -1.92 -1.97 -0.91 1.55076442341887 1.76031697984031 1.67487630695571 -1.02 -1.44 -1.45 -0.6175 -0.6862 -0.81
0.55 0.49 0.5 1.88 1.31 -1.09 1.96 0 1.92 -0.71 1.9 0.99 -1.92 2.03 0.0900000000000001 0.922330972548034 0.958144235351555 1.26339897953731 1.23 1.31 -0.45 0.5075 0.6613 -0.26
-0.45 -0.51 -0.5 -2.12 -0.69 -2.09 1.96 1 1.92 1.29 -2.1 1.99 -0.92 0.03 0.0900000000000001 0.796870792930273 -0.00142040251256681 0.300909459148094 0.48 -0.44 0.05 -0.3475 0.2438 -0.035
0.55 0.49 0.5 0.88 -1.69 0.91 -0.04 2 1.92 0.29 0.9 1.99 0.0800000000000001 1.03 2.09 0.751455723569111 1.0811941567785 0.916238717135813 1.23 0.56 0.8 0.5075 0.2938 0.4275
-0.45 0.49 -0.5 -2.12 -1.69 -2.09 -2.04 1 -1.08 1.29 0.9 -0.00999999999999979 -1.92 -1.97 -1.91 0.598704514256145 -0.618561128061429 -0.207491737655044 -1.52 -0.44 -0.95 0.6525 -0.1962 0.415
-0.45 -0.51 -0.5 1.88 -0.69 -0.0899999999999999 0.96 2 1.92 -1.71 -0.1 -0.00999999999999979 -1.92 -1.97 -0.91 -1.69461354917748 -0.474686829864205 0.333010429679236 0.48 -0.19 -0.45 -0.3475 0.1163 0.19
0.55 0.49 0.5 -2.12 -1.69 -1.09 0.96 -2 -2.08 0.29 -0.1 -0.00999999999999979 0.0800000000000001 2.03 2.09 0.831459228074019 0.243024621114777 0.649999458153423 0.23 -0.44 -0.7 0.00749999999999999 -0.1962 -0.3975
-0.45 -0.51 -0.5 1.88 2.31 -1.09 -2.04 2 1.92 2.29 -0.1 1.99 2.08 -0.97 -0.91 0.436897049700091 -0.624698337186362 0.0558263590219462 0.23 0.81 1.3 -0.2225 -0.3937 -0.5975
0.55 0.49 0.5 0.88 -1.69 -1.09 -2.04 -2 -2.08 -1.71 0.9 1.99 2.08 1.03 -0.91 0.147636650720914 -0.861340924492946 0.904302085965365 -0.02 -0.44 -0.7 -0.1175 -0.1962 -0.3975
-0.45 -0.51 -0.5 1.88 2.31 -1.09 -1.04 2 -0.0800000000000001 -1.71 0.9 1.99 0.0800000000000001 -1.97 1.09 -0.389008339316771 0.74726932123108 0.222828298198929 0.98 0.81 -0.7 -0.5975 -0.3937 0.3025
-0.45 -0.51 -0.5 -2.12 -0.69 1.91 -2.04 2 0.92 2.29 -2.1 -2.01 -1.92 1.03 0.0900000000000001 1.40340175560511 0.331317419582553 0.80711500910682 -1.52 0.06 0.8 0.6525 -0.0112 -0.3725
-0.45 0.49 0.5 -2.12 2.31 -1.09 -1.04 -2 -1.08 -1.71 -2.1 -0.00999999999999979 -1.92 0.03 -0.91 -0.908952170049429 -0.659515031793332 -0.949762917061736 -1.02 -0.44 -1.45 -0.6175 -0.1962 0.64
0.55 0.49 0.5 0.88 0.31 -0.0899999999999999 0.96 -1 -0.0800000000000001 1.29 -0.1 1.99 1.08 2.03 0.0900000000000001 1.34919441202803 1.44060908202393 2.15521813757381 0.98 0.31 0.55 0.3825 0.1713 0.29
-0.45 0.49 0.5 -2.12 2.31 1.91 1.96 -2 -0.0800000000000001 -0.71 -2.1 -0.00999999999999979 1.08 0.03 1.09 1.61093558403235 1.8468105675048 2.25247826590067 0.23 -0.44 0.55 0.00750000000000002 -0.1962 -0.26
-0.45 -0.51 -0.5 -2.12 -1.69 -0.0899999999999999 0.96 -1 1.92 -1.71 1.9 1.99 2.08 1.03 2.09 1.19377095506938 2.08445425451906 2.50817864112692 0.73 0.06 0.55 -0.4725 -0.0112 -0.26
-0.45 -0.51 -0.5 -0.12 -1.69 1.91 0.96 -1 -2.08 -0.71 -2.1 -2.01 -0.92 0.03 -1.91 0.798825816539336 0.84087568731243 0.80169128419147 -0.77 -1.19 -0.45 0.2775 0.6263 0.19
-0.45 -0.51 -0.5 -2.12 2.31 1.91 -0.04 -2 -0.0800000000000001 -0.71 -0.1 -1.01 -0.92 0.03 -0.91 0.413435260296928 0.400505821083359 0.982920893878346 -1.02 0.06 0.05 0.4025 -0.0112 -0.035
0.55 0.49 0.5 -0.12 -1.69 -1.09 1.96 1 1.92 2.29 0.9 -2.01 2.08 2.03 2.09 1.21990525143425 1.34051760119278 1.91791672081536 0.48 0.56 1.3 0.1325 0.2938 0.7025
-0.45 0.49 0.5 -1.12 1.31 1.91 0.96 0 0.92 2.29 -2.1 1.99 1.08 1.03 2.09 0.720327342526315 0.205248162377824 1.70973320189934 0.98 0.06 1.55 0.3825 0.0488 -0.71
-0.45 -0.51 0.5 0.88 1.31 -0.0899999999999999 -1.04 -1 0.92 -0.71 -1.1 -1.01 0.0800000000000001 0.03 -1.91 0.847629402047565 1.04545017905971 0.858011953624147 -0.77 -0.19 0.05 -0.4925 0.1163 -0.035
0.55 0.49 0.5 1.88 -0.69 -2.09 -2.04 -1 -0.0800000000000001 -0.71 -0.1 -1.01 -1.92 -0.97 -1.91 -0.407063817222822 -0.556676365025897 -0.38610398992758 -0.77 -0.69 -1.2 -0.4925 -0.3187 -0.6725
-0.45 0.49 -0.5 1.88 2.31 1.91 -0.04 0 -0.0800000000000001 1.29 -2.1 -0.00999999999999979 2.08 1.03 -0.91 1.0430466618813 0.0838339086724153 0.458371810929861 0.23 0.31 1.3 -0.2225 0.1713 -0.5975
-0.45 -0.51 0.5 -2.12 -1.69 1.91 -1.04 2 1.92 2.29 1.9 -0.00999999999999979 1.08 0.03 2.09 0.47808985608894 1.36912218733848 1.9882576563526 -0.27 0.56 1.8 -0.2425 -0.2662 -0.8225
0.55 0.49 0.5 -2.12 -1.69 1.91 -2.04 1 -2.08 1.29 1.9 -2.01 0.0800000000000001 -0.97 0.0900000000000001 1.61908054302133 1.41865922816627 1.53098442282292 -1.52 0.06 0.3 -0.8675 0.0488 0.1525
-0.45 -0.51 -0.5 -1.12 -1.69 -2.09 -0.04 0 -2.08 2.29 -2.1 -0.00999999999999979 -1.92 1.03 -1.91 0.719341323242345 0.346602343582716 1.69637430383545 -0.77 -0.69 -0.95 0.2775 0.3713 0.415
-0.45 -0.51 -0.5 -2.12 -1.69 1.91 1.96 -2 -0.0800000000000001 -1.71 1.9 -2.01 0.0800000000000001 -0.97 -0.91 -0.0621155851724683 -0.0862084197711247 0.365181156462706 -0.77 -0.69 0.05 0.2775 0.3713 -0.035
-0.45 -0.51 -0.5 0.88 -1.69 -2.09 -2.04 2 -1.08 -1.71 -2.1 -2.01 -1.92 -1.97 -1.91 -0.629352410104804 -0.473213701210667 -0.0107501132725555 -1.27 -0.94 -1.7 0.5275 0.4988 0.7525
0.55 0.49 0.5 -0.12 2.31 1.91 1.96 0 -0.0800000000000001 -0.71 -1.1 1.99 -0.92 2.03 2.09 0.605124629647397 1.19681815025651 1.03850914063993 1.48 0.81 0.05 0.6325 0.4163 0.015
0.55 -0.51 -0.5 1.88 1.31 -2.09 1.96 -2 -1.08 1.29 -0.1 -0.00999999999999979 -1.92 -0.97 -1.91 0.663545340972677 0.44562610191802 1.52331635751984 0.48 -0.44 -0.95 -0.3475 0.2438 -0.535
-0.45 -0.51 -0.5 -2.12 1.31 -0.0899999999999999 -2.04 1 -0.0800000000000001 1.29 -0.1 0.99 -0.92 -1.97 -1.91 1.41377987283092 0.281911792834559 0.500810829537364 -1.27 0.06 0.05 0.5275 -0.0112 -0.035
0.55 0.49 -0.5 -2.12 1.31 -2.09 1.96 -1 -2.08 -1.71 -1.1 -0.00999999999999979 -1.92 -1.97 -1.91 0.61441679793943 2.01883001467629 0.718492557471649 -0.52 -0.69 -1.95 0.1525 -0.3187 -1.085
-0.45 0.49 0.5 1.88 -1.69 -0.0899999999999999 -2.04 1 1.92 -1.71 -2.1 -2.01 0.0800000000000001 -0.97 0.0900000000000001 0.638389561045162 1.29729054380221 2.12710094585317 -0.52 -0.94 0.05 -0.3675 -0.4412 -0.035
0.55 -0.51 -0.5 1.88 -1.69 -1.09 1.96 0 1.92 -0.71 1.9 1.99 -0.92 1.03 1.09 1.6339831367297 1.74509695825469 2.81791238484311 1.73 0.31 -0.2 -0.9725 -0.1387 -0.1225
-0.45 -0.51 -0.5 -1.12 1.31 -2.09 -2.04 -2 -0.0800000000000001 -1.71 -0.1 -2.01 -1.92 0.03 0.0900000000000001 1.02165213257288 0.86043818167909 1.03219039394227 -1.27 -0.19 -1.45 0.5275 0.1163 0.64
-0.45 -0.51 -0.5 -2.12 1.31 0.91 -2.04 2 -2.08 -0.71 -0.1 -0.00999999999999979 -1.92 -0.97 -0.91 0.294381486818161 -0.583780040502165 -0.501345218394726 -1.27 0.56 -0.95 0.5275 -0.2662 0.415
-0.45 -0.51 0.5 -0.12 0.31 1.91 -0.04 1 -0.0800000000000001 -1.71 1.9 -0.00999999999999979 0.0800000000000001 2.03 2.09 0.317016542023871 0.553098396715768 0.0162792433886396 0.48 1.31 0.05 0.1325 -0.6487 -0.035
-0.45 0.49 0.5 0.88 -0.69 -2.09 -0.04 -2 -2.08 2.29 -2.1 0.99 0.0800000000000001 -1.97 1.09 0.384760617277504 1.41305369079208 0.51344878741106 0.73 -1.69 -0.45 0.2575 -0.8087 0.19
-0.45 0.49 -0.5 1.88 1.31 -2.09 0.96 -2 -2.08 -0.71 -2.1 -2.01 0.0800000000000001 -0.97 -0.91 0.217704158586487 0.894715132364314 0.997950714054175 -0.02 -0.94 -1.2 -0.0975 -0.4412 0.5275
0.55 0.49 0.5 -1.12 -1.69 0.91 -1.04 0 1.92 0.29 0.9 -0.00999999999999979 2.08 2.03 -0.91 0.825485929749499 1.36770378468524 1.09134438896283 -0.77 0.31 1.3 -0.4925 0.1713 0.7025
0.55 -0.51 0.5 1.88 1.31 1.91 -2.04 -1 -1.08 -0.71 -1.1 -1.01 0.0800000000000001 1.03 0.0900000000000001 -0.177299475394218 -0.450200886437426 -0.237815240456838 -0.27 0.06 0.05 -0.2425 -0.0112 0.015
-0.45 0.49 -0.5 0.88 -1.69 -2.09 -2.04 -2 -2.08 -1.71 -2.1 -2.01 0.0800000000000001 -1.97 -1.91 0.546644364497446 0.632415255180956 1.22293279199722 -1.27 -1.94 -1.45 0.5275 -0.9312 0.64
0.55 -0.51 -0.5 0.88 2.31 1.91 -0.04 -2 -1.08 -1.71 -1.1 -0.00999999999999979 -1.92 0.03 1.09 0.594501466604298 1.13602188943408 0.65045148629344 0.48 -0.19 -0.7 -0.3475 0.1163 -0.3975
-0.45 -0.51 -0.5 0.88 2.31 1.91 0.96 0 1.92 -0.71 1.9 1.99 1.08 2.03 2.09 1.30145369086199 0.875792149569207 1.81598354829669 1.48 1.56 1.05 -0.8475 -0.7762 -0.485
-0.45 0.49 0.5 1.88 -1.69 -1.09 0.96 -1 -2.08 -1.71 -0.1 -0.00999999999999979 1.08 -1.97 -1.91 1.82277745051157 1.97743786179421 2.4505444799476 0.23 -1.19 -0.95 0.00750000000000002 -0.5637 0.415
0.55 -0.51 -0.5 1.88 -0.69 1.91 0.96 2 -2.08 0.29 -1.1 -0.00999999999999979 0.0800000000000001 -0.97 2.09 0.285065395046359 0.531731285787089 -0.0423399195022837 1.23 -0.19 0.05 -0.7225 0.1163 0.015
