-0.45 -0.47 -0.51 -1.94 -0.9 2.27 -2.16 2.02 -0.91 1.86 1.82 1.92 1.14 1.17 -0.87 -0.463979700799397 0.424147516384469 1.79417335347838 -0.7625 1.0275 1.09 0.31275 -0.58085 -0.586
-0.45 -0.47 -0.51 -1.94 -1.9 -0.73 -2.16 -0.98 0.0900000000000001 -1.14 -0.18 -0.0800000000000001 -1.86 -1.83 0.13 2.04761465601415 1.35006089516129 0.790537171123345 -1.0125 -1.2225 -0.91 0.44025 0.47665 0.314
0.55 0.53 0.49 -1.94 1.1 -1.73 1.84 2.02 0.0900000000000001 1.86 1.82 1.92 2.14 2.17 2.13 3.29755648253391 2.68781977466504 3.5825287894998 0.9875 1.7775 0.59 0.40775 0.84415 0.229
0.55 0.53 0.49 -1.94 -1.9 0.27 1.84 2.02 1.09 -2.14 -0.18 0.92 2.14 -1.83 0.13 2.24213421675388 1.79506007010782 1.62915152603157 0.2375 -0.4725 0.34 0.04025 -0.34835 0.0915
0.55 -0.47 -0.51 0.0600000000000001 2.1 0.27 0.84 0.02 2.09 0.86 1.82 1.92 2.14 1.17 -0.87 0.414609922138778 1.30893317348171 0.944276782254348 0.4875 1.2775 1.34 -0.32475 -0.69835 0.6415
-0.45 0.53 -0.51 2.06 0.1 0.27 1.84 -0.98 2.09 1.86 -1.18 -0.0800000000000001 2.14 2.17 0.13 -0.0639166837891441 1.08789137393716 0.565023548763281 0.9875 0.0275 1.59 -0.57975 -0.08335 -0.811
0.55 0.53 0.49 2.06 2.1 1.27 -2.16 0.02 0.0900000000000001 -0.14 1.82 -2.08 -1.86 -1.83 2.13 -0.075714127757295 0.799600805154741 1.9234960169501 -0.0125000000000001 0.5275 -0.16 -0.08225 0.18165 -0.1835
0.55 0.53 0.49 -0.94 2.1 0.27 -0.16 2.02 0.0900000000000001 1.86 -0.18 0.92 2.14 2.17 1.13 0.133789668818615 1.53641860155659 -0.351456041108187 0.2375 1.5275 1.09 0.04025 0.71165 0.504
0.55 -0.47 0.49 -1.94 -1.9 1.27 1.84 -1.98 -0.91 -0.14 -2.18 -2.08 1.14 -1.83 -1.87 1.25351731771337 1.6313910221339 1.08317115654053 -1.0125 -1.9725 0.34 -0.57225 0.82915 0.0915
-0.45 -0.47 0.49 -1.94 0.1 2.27 1.84 0.02 2.09 1.86 -0.18 1.92 -1.86 2.17 1.13 -0.661966209009293 2.08533665232871 1.33036336465206 0.7375 0.5275 1.09 0.28525 -0.34585 -0.586
0.55 0.53 0.49 -1.94 0.1 2.27 -0.16 2.02 -0.91 1.86 -1.18 -1.08 -1.86 0.17 2.13 -1.24858422423537 -0.294856647793144 0.240708099104795 -0.2625 0.2775 0.34 -0.20475 0.04915 0.0915
-0.45 -0.47 -0.51 1.06 1.1 1.27 -0.16 -1.98 -1.91 -2.14 -2.18 -2.08 -1.86 -1.83 -1.87 0.849532451310605 1.49803088513636 1.17109510323327 -0.7625 -1.2225 -1.16 0.31275 0.47665 0.4265
-0.45 0.53 0.49 -0.94 2.1 2.27 -1.16 1.02 2.09 -0.14 0.82 -2.08 2.14 2.17 2.13 1.20996885163396 1.23654038439953 1.51351312336664 -0.5125 1.5275 1.59 -0.32725 0.71165 -0.811
0.55 0.53 0.49 -1.94 -1.9 0.27 -1.16 2.02 -1.91 -0.14 1.82 0.92 -1.86 -0.83 0.13 1.75790986712038 -0.080908249377375 2.0387321721698 -0.5125 0.2775 -0.91 -0.32725 0.04915 -0.596
0.55 -0.47 0.49 2.06 -1.9 2.27 -1.16 1.02 1.09 -2.14 1.82 -1.08 0.14 -1.83 0.13 -0.0657374779522122 -1.58229615781808 -1.08302495050333 -0.0125000000000001 -0.2225 0.34 -0.08225 0.00664999999999999 0.0915
-0.45 -0.47 0.49 -1.94 -0.9 -1.73 0.84 1.02 2.09 1.86 -1.18 0.92 0.14 2.17 0.13 0.690330357075124 1.08064149872409 0.430337539140069 -0.0125000000000001 0.2775 0.59 -0.08225 -0.22835 -0.361
0.55 0.53 0.49 1.06 -0.9 -1.73 1.84 2.02 -0.91 -2.14 -0.18 -2.08 1.14 2.17 0.13 1.41342136455809 3.21892910433108 2.10730858925027 0.2375 0.7775 -0.91 0.04025 0.31415 -0.596
-0.45 -0.47 -0.51 -1.94 -1.9 0.27 -0.16 0.02 -1.91 -0.14 1.82 0.92 1.14 -1.83 -1.87 -0.230431991342305 1.28591901367325 -0.069821944533212 -0.7625 -0.4725 -0.16 0.31275 0.12415 -0.0235
0.55 0.53 -0.51 -0.94 -1.9 -1.73 -2.16 1.02 -1.91 -2.14 -1.18 -0.0800000000000001 -1.86 -1.83 -1.87 0.14339005067538 0.744657090009865 0.719263881018366 -1.2625 -0.9725 -1.91 0.56775 -0.61335 -1.146
0.55 -0.47 0.49 -0.94 -0.9 2.27 1.84 2.02 0.0900000000000001 1.86 -1.18 1.92 2.14 2.17 2.13 1.90287233915354 1.33406607725546 3.10011056731949 1.2375 0.5275 1.59 0.53025 -0.34585 0.779
0.55 0.53 0.49 1.06 0.1 -0.73 -1.16 1.02 -0.91 -0.14 -1.18 -2.08 -0.86 -1.83 1.13 0.189873303949117 -0.492822450259288 0.635867020900496 -0.2625 -0.4725 -0.66 -0.20475 -0.34835 -0.4585
-0.45 0.53 -0.51 2.06 -1.9 -0.73 1.84 1.02 2.09 -2.14 0.82 -1.08 1.14 -1.83 2.13 1.88090375907455 0.247826198772492 1.02123318445061 1.2375 -0.4725 0.0899999999999999 -0.70725 -0.34835 -0.136
-0.45 -0.47 -0.51 2.06 -1.9 2.27 -2.16 -1.98 -1.91 0.86 -2.18 -0.0800000000000001 -0.86 -1.83 -1.87 -1.83552583724481 0.847364916432617 -0.135694700601214 -0.5125 -1.9725 0.09 0.18525 0.82915 -0.136
0.55 0.53 0.49 2.06 0.1 2.27 1.84 1.02 1.09 1.86 -0.18 1.92 -1.86 2.17 0.13 2.00596947606064 1.5925244603536 2.9501198966977 1.4875 0.7775 0.84 0.65275 0.31415 0.3665
-0.45 0.53 0.49 1.06 0.1 0.27 1.84 2.02 0.0900000000000001 0.86 -1.18 -1.08 -1.86 -0.83 1.13 0.513779183875428 1.17333869292536 1.96855765730298 0.7375 0.0275 -0.16 0.28525 -0.08335 -0.0235
-0.45 -0.47 -0.51 -1.94 -1.9 -1.73 -1.16 0.02 0.0900000000000001 -2.14 1.82 0.92 0.14 1.17 -1.87 1.45886998935909 0.37009363028907 1.36450793195626 -1.0125 0.2775 -0.91 0.44025 -0.22835 0.314
-0.45 -0.47 -0.51 -0.94 -1.9 -1.73 0.84 0.02 -1.91 -0.14 -1.18 0.92 -0.86 1.17 -1.87 1.26028160549018 1.87593052922699 0.948908269958161 -0.2625 -0.4725 -1.16 0.05775 0.12415 0.4265
0.55 -0.47 0.49 2.06 -1.9 1.27 -2.16 1.02 -1.91 -0.14 -2.18 -2.08 -1.86 -0.83 -0.87 0.668633578945055 1.1673938313755 0.938088941643075 -0.7625 -0.9725 -0.66 -0.44975 0.35915 -0.4585
-0.45 -0.47 0.49 2.06 2.1 1.27 -2.16 0.02 -1.91 -0.14 1.82 -0.0800000000000001 -1.86 0.17 -0.87 -0.0730946512216669 1.24268230019427 0.598374540942854 -0.2625 1.0275 -0.66 -0.20475 -0.58085 0.2015
0.55 -0.47 -0.51 -1.94 0.1 -1.73 -2.16 2.02 2.09 -0.14 -1.18 -2.08 -1.86 2.17 0.13 1.18476533605216 2.2734276103687 1.63484242500034 -1.5125 0.7775 -0.41 0.69525 -0.46335 -0.321
0.55 0.53 0.49 -0.94 2.1 2.27 0.84 0.02 2.09 -0.14 0.82 1.92 2.14 -1.83 2.13 1.98057534165049 2.27924641285496 0.376235158731756 0.9875 0.2775 1.59 0.40775 0.04915 0.779
-0.45 -0.47 0.49 -1.94 2.1 -0.73 1.84 0.02 2.09 -0.14 1.82 -2.08 2.14 2.17 -0.87 -0.425812415898992 2.2158002045122 3.32221654307704 -0.7625 1.5275 0.84 -0.44975 -0.81585 -0.4735
-0.45 -0.47 0.49 -0.94 -0.9 2.27 -2.16 -1.98 -1.91 -2.14 -2.18 -2.08 -0.86 -1.83 -1.87 -1.81858665223977 -0.534884298161084 -0.689617610326795 -1.7625 -1.7225 -0.66 -0.93975 0.71165 0.2015
-0.45 -0.47 -0.51 -1.94 1.1 0.27 -0.16 2.02 -1.91 1.86 1.82 1.92 -0.86 1.17 2.13 2.57960981267124 1.83448949978404 1.35305556056398 0.4875 1.5275 -0.16 -0.32475 -0.81585 -0.0235
0.55 0.53 0.49 2.06 1.1 -0.73 1.84 1.02 1.09 -2.14 0.82 1.92 -0.86 1.17 0.13 1.43812023076069 0.758222944309472 -0.644336765239482 1.4875 1.0275 -0.66 0.65275 0.44665 -0.4585
0.55 -0.47 -0.51 2.06 0.1 -0.73 1.84 -1.98 -1.91 -2.14 1.82 -1.08 -1.86 -1.83 -0.87 0.0925927445384185 -0.455711622863877 -0.31467256349561 0.4875 -0.4725 -1.66 -0.32475 0.12415 -1.0085
-0.45 -0.47 -0.51 2.06 2.1 0.27 -2.16 -0.98 2.09 -0.14 1.82 -0.0800000000000001 0.14 -1.83 -0.87 1.8020024523507 1.24384553325708 1.39130405285346 -0.2625 0.2775 0.59 0.05775 -0.22835 -0.361
-0.45 -0.47 -0.51 -1.94 1.1 -1.73 -0.16 0.02 -0.91 1.86 -0.18 -0.0800000000000001 0.14 0.17 -0.87 1.00763930495383 2.91183101467164 1.39964445297385 -0.7625 0.2775 -0.16 0.31275 -0.22835 -0.0235
0.55 0.53 0.49 2.06 -1.9 0.27 1.84 0.02 0.0900000000000001 1.86 -2.18 -2.08 1.14 0.17 -0.87 -0.410627904429071 0.867644532773103 0.964780575684802 0.2375 -0.9725 0.84 0.04025 -0.61335 0.3665
-0.45 0.53 0.49 2.06 2.1 2.27 -1.16 0.02 2.09 1.86 1.82 0.92 1.14 -0.83 0.13 -0.665370900479617 0.197779554857529 0.646037537659729 0.4875 0.7775 1.84 0.16275 0.31415 -0.9235
-0.45 0.53 0.49 2.06 -1.9 -0.73 1.84 -1.98 -0.91 -1.14 1.82 0.92 -0.86 0.17 -1.87 1.33323572319164 0.381311047920511 -0.519236924904573 0.7375 -0.4725 -0.91 0.28525 -0.34835 0.314
-0.45 0.53 0.49 2.06 -0.9 -1.73 1.84 -1.98 1.09 1.86 1.82 0.92 1.14 2.17 2.13 1.74406508849615 0.647889708571484 0.923940576847996 1.7375 0.2775 0.59 0.77525 0.04915 -0.361
-0.45 -0.47 -0.51 2.06 2.1 -1.73 -2.16 1.02 -1.91 1.86 -2.18 -0.0800000000000001 0.14 -1.83 -0.87 2.28368139111888 1.82699807209505 3.39179736950365 -0.2625 -0.2225 -0.41 0.05775 0.00664999999999999 0.089
-0.45 -0.47 -0.51 -1.94 0.1 0.27 1.84 0.02 1.09 -0.14 1.82 1.92 2.14 0.17 -0.87 1.12933707847956 1.04977970354278 1.26879313070101 0.2375 0.5275 0.84 -0.19725 -0.34585 -0.4735
-0.45 -0.47 -0.51 -1.94 1.1 2.27 0.84 1.02 0.0900000000000001 1.86 -1.18 -0.0800000000000001 2.14 -0.83 0.13 -0.847282911087783 -0.996094554306876 0.011764428650569 -0.2625 0.0275 1.59 0.05775 -0.11085 -0.811
-0.45 0.53 0.49 -0.94 -0.9 -1.73 -1.16 -0.98 2.09 0.86 1.82 1.92 0.14 2.17 1.13 -0.335738555525732 0.300905221013854 0.605834235240821 0.2375 0.5275 0.34 0.04025 0.18165 -0.2485
-0.45 -0.47 -0.51 -1.94 2.1 -1.73 -1.16 1.02 2.09 1.86 -2.18 -1.08 -0.86 1.17 0.13 0.934179583468994 1.50582559097075 -0.102181981906299 -1.0125 0.5275 0.34 0.44025 -0.34585 -0.2485
0.55 0.53 0.49 -1.94 2.1 2.27 -0.16 0.02 0.0900000000000001 -2.14 -2.18 0.92 -0.86 0.17 -1.87 -0.617219219835257 1.01059849189539 -0.267048269950645 -0.7625 0.0275 -0.16 -0.44975 -0.08335 -0.1835
-0.45 -0.47 -0.51 2.06 -0.9 -1.73 -1.16 2.02 -1.91 -2.14 -0.18 0.92 -1.86 -0.83 -1.87 0.668239239151224 0.609748666713201 1.71896241672057 -0.0125000000000001 0.0275 -1.91 -0.06975 -0.11085 0.764
0.55 0.53 -0.51 2.06 2.1 -1.73 1.84 -0.98 2.09 -1.14 1.82 1.92 1.14 2.17 2.13 -0.195568424331034 0.708366037205397 0.106826909992492 1.9875 1.2775 0.0899999999999999 -1.08975 0.57915 -0.046
-0.45 -0.47 -0.51 0.0600000000000001 2.1 -0.73 -2.16 -1.98 0.0900000000000001 1.86 -2.18 -0.0800000000000001 0.14 -1.83 1.13 0.877966657482557 0.693605459314511 1.80487629943214 -0.2625 -0.9725 0.34 0.05775 0.35915 -0.2485
0.55 0.53 0.49 0.0600000000000001 -1.9 -1.73 -1.16 -1.98 0.0900000000000001 -2.14 -0.18 -0.0800000000000001 1.14 -1.83 1.13 2.07571473164297 2.14565084757958 1.04872580436496 -0.0125000000000001 -1.4725 -0.66 -0.08225 -0.87835 -0.4585
-0.45 -0.47 0.49 0.0600000000000001 2.1 0.27 -0.16 -1.98 2.09 1.86 1.82 -1.08 -0.86 0.17 1.13 2.5048764630377 1.10738707063298 2.33567561180879 -0.0125000000000001 0.5275 0.84 -0.08225 -0.34585 -0.4735
-0.45 -0.47 0.49 0.0600000000000001 -1.9 -1.73 -2.16 -1.98 -1.91 -1.14 -2.18 -2.08 -0.86 -1.83 1.13 0.316661993996776 1.18428184550295 2.25315710274397 -0.7625 -1.9725 -1.41 -0.44975 0.82915 0.539
0.55 0.53 0.49 -0.94 -1.9 0.27 -2.16 0.02 -0.91 1.86 -2.18 -0.0800000000000001 0.14 2.17 -1.87 0.0821599150857447 2.25383410206962 -0.086738423527166 -1.2625 -0.4725 0.34 -0.69475 -0.34835 0.0915
-0.45 -0.47 0.49 0.0600000000000001 -1.9 -1.73 -2.16 -0.98 2.09 1.86 0.82 1.92 1.14 -0.83 2.13 -0.0836346531440038 0.863712092443831 0.751018532744411 0.4875 -0.7225 0.84 0.16275 0.24165 -0.4735
-0.45 0.53 -0.51 -1.94 0.1 -1.73 -0.16 1.02 2.09 -2.14 -0.18 -0.0800000000000001 0.14 2.17 1.13 1.11292013913187 1.19321025928011 0.369567863296515 -0.2625 0.7775 -0.41 0.05775 0.31415 0.089
-0.45 0.53 -0.51 -0.94 2.1 -1.73 -2.16 0.02 -1.91 -1.14 -2.18 -1.08 1.14 -1.83 -0.87 0.450813201702519 1.017082110907 0.57653864541597 -1.2625 -0.4725 -0.91 0.56775 -0.34835 0.314
-0.45 0.53 0.49 2.06 -1.9 -1.73 0.84 -1.98 2.09 -2.14 1.82 -1.08 0.14 -1.83 -1.87 -0.0986236620752864 0.236082956162196 0.989146990532405 -0.0125000000000001 -0.9725 -0.41 -0.08225 -0.61335 0.089
-0.45 -0.47 -0.51 1.06 2.1 0.27 1.84 2.02 2.09 1.86 0.82 1.92 0.14 0.17 2.13 0.864180200525591 0.110011490823124 1.13129403162177 1.7375 1.2775 1.09 -0.96225 -0.69835 -0.586
-0.45 -0.47 -0.51 2.06 -1.9 -0.73 -0.16 0.02 2.09 -1.14 -2.18 -1.08 -0.86 -1.83 0.13 1.75813943182851 1.19325066655287 1.09421801622747 0.2375 -1.4725 -0.16 -0.19725 0.59415 -0.0235
0.55 -0.47 0.49 -1.94 0.1 2.27 0.84 -0.98 2.09 1.86 -0.18 -0.0800000000000001 2.14 2.17 2.13 1.37751354936888 1.01687924229811 0.700052699344101 0.2375 0.2775 2.09 0.04025 -0.22835 1.054
-0.45 -0.47 -0.51 -1.94 1.1 -0.73 -2.16 -1.98 -0.91 -2.14 -2.18 -2.08 -1.86 -1.83 -1.87 0.355232125250065 -0.0497315341024941 -0.665184239735665 -2.0125 -1.2225 -1.41 0.95025 0.47665 0.539
-0.45 -0.47 -0.51 -1.94 2.1 -1.73 -0.16 -1.98 -1.91 -0.14 -2.18 -2.08 -0.86 -1.83 -1.87 0.596779958400186 0.263529560109509 0.541677824405602 -1.5125 -0.9725 -1.16 0.69525 0.35915 0.4265
0.55 0.53 0.49 2.06 2.1 0.27 0.84 -1.98 -0.91 -1.14 1.82 -2.08 -1.86 -1.83 -0.87 1.27981198965728 0.685333584735009 0.887314100537151 -0.0125000000000001 0.0275 -0.91 -0.08225 -0.08335 -0.596
0.55 0.53 0.49 1.06 2.1 2.27 1.84 2.02 2.09 1.86 1.82 1.92 2.14 2.17 2.13 1.85607725307147 0.104525282283253 1.55689191484265 1.7375 2.0275 2.09 0.77525 0.97665 1.054
0.55 0.53 0.49 2.06 2.1 2.27 1.84 1.02 2.09 0.86 0.82 -0.0800000000000001 0.14 2.17 2.13 2.3067631835306 2.15400748611367 1.55320304443692 1.4875 1.5275 1.34 0.65275 0.71165 0.6415
-0.45 -0.47 -0.51 -0.94 -1.9 -1.73 -1.16 2.02 2.09 1.86 1.82 1.92 2.14 2.17 2.13 -0.742215467306714 0.00596124350439664 0.0569220299540635 0.4875 1.0275 1.09 -0.32475 -0.58085 -0.586
-0.45 -0.47 -0.51 0.0600000000000001 -0.9 -0.73 1.84 0.02 -1.91 -2.14 1.82 -1.08 -1.86 -1.83 -1.87 -0.199398870108449 -0.0657209036185607 -0.0696400071386837 -0.2625 -0.2225 -1.66 0.05775 0.00664999999999999 0.6515
-0.45 -0.47 -0.51 2.06 -0.9 -1.73 1.84 -0.98 -0.91 -1.14 -1.18 0.92 -0.86 -0.83 0.13 -0.602527591189107 0.803812532895656 0.855798021074622 1.2375 -0.9725 -1.16 -0.70725 0.35915 0.4265
-0.45 -0.47 -0.51 -1.94 -1.9 -1.73 -0.16 1.02 -1.91 -2.14 1.82 1.92 2.14 -1.83 -0.87 0.00922298867098259 1.44160212697644 1.23114866697577 -0.2625 -0.2225 -0.91 0.05775 0.00664999999999999 0.314
0.55 0.53 0.49 0.0600000000000001 -1.9 0.27 1.84 -0.98 0.0900000000000001 -2.14 -1.18 -0.0800000000000001 1.14 -0.83 0.13 0.743309326837404 1.62512432943163 2.31574708830575 0.4875 -1.2225 -0.16 0.16275 -0.74585 -0.1835
0.55 0.53 0.49 -0.94 1.1 2.27 0.84 -0.98 0.0900000000000001 1.86 1.82 -2.08 2.14 2.17 -0.87 0.107337365257384 0.099232724575363 0.834852714671645 -0.7625 1.0275 1.59 -0.44975 0.44665 0.779
-0.45 0.53 -0.51 -1.94 -1.9 -1.73 -2.16 -1.98 0.0900000000000001 -2.14 -1.18 -2.08 -1.86 -1.83 -1.87 0.359947650342055 0.468614948892901 0.438916339087435 -2.0125 -1.7225 -1.41 0.95025 -1.01085 0.539
0.55 0.53 0.49 -1.94 -0.9 0.27 -1.16 -0.98 -1.91 1.86 -0.18 1.92 2.14 -1.83 1.13 0.716732850746761 1.83451379730319 2.26526271544505 -0.0125000000000001 -0.9725 0.59 -0.08225 -0.61335 0.229
0.55 -0.47 0.49 1.06 0.1 -1.73 1.84 2.02 0.0900000000000001 -0.14 -1.18 1.92 2.14 -0.83 0.13 1.78632001087827 2.17242241957929 2.54082642061809 1.2375 0.0275 0.0899999999999999 0.53025 -0.11085 -0.046
0.55 0.53 -0.51 1.06 2.1 -1.73 1.84 -1.98 -0.91 -2.14 -2.18 1.92 0.14 -1.83 0.13 0.838032629150257 1.02836488060784 1.70888979709749 1.2375 -0.9725 -1.16 -0.70725 -0.61335 -0.7335
-0.45 0.53 -0.51 -1.94 -0.9 -0.73 -1.16 2.02 2.09 1.86 0.82 -0.0800000000000001 1.14 1.17 -0.87 0.984033428034927 1.36186268015855 1.43678766522417 -1.0125 0.7775 1.09 0.44025 0.31415 -0.586
0.55 -0.47 -0.51 2.06 1.1 1.27 -2.16 0.02 2.09 -0.14 1.82 1.92 2.14 1.17 -0.87 -0.0530938414903527 0.674046336387207 -0.146939667804252 0.2375 1.0275 1.34 -0.19725 -0.58085 0.6415
-0.45 -0.47 -0.51 2.06 -0.9 2.27 -0.16 -0.98 -1.91 0.86 1.82 -1.08 -0.86 -0.83 -1.87 -0.482343207209967 -0.571285331376203 0.61943773829456 -0.2625 -0.2225 0.09 0.05775 0.00664999999999999 -0.136
-0.45 -0.47 0.49 1.06 -1.9 -1.73 -2.16 1.02 -1.91 0.86 -2.18 -1.08 -1.86 -0.83 -1.87 0.91629615101881 0.859696318922429 0.867949948727878 -1.0125 -0.9725 -1.16 -0.57225 0.35915 0.4265
0.55 0.53 0.49 -1.94 -1.9 -1.73 1.84 -1.98 -0.91 -0.14 0.82 -2.08 -0.86 1.17 -1.87 -0.206521096943982 0.370688662322272 0.65913371907295 -1.0125 -0.4725 -0.91 -0.57225 -0.34835 -0.596
0.55 -0.47 -0.51 -0.94 -1.9 0.27 -2.16 -0.98 -1.91 -0.14 -1.18 -1.08 -0.86 0.17 -1.87 1.42815212905149 2.34759140255031 2.54711005772748 -1.5125 -0.9725 -0.66 0.69525 0.35915 -0.4585
-0.45 0.53 -0.51 2.06 -1.9 -0.73 1.84 2.02 -1.91 -2.14 -2.18 -2.08 -1.86 0.17 0.13 0.173863348577598 0.398676893601158 1.09259331236106 0.4875 -0.4725 -1.66 -0.32475 -0.34835 0.6515
-0.45 -0.47 -0.51 1.06 2.1 0.27 0.84 2.02 -1.91 -2.14 0.82 0.92 -0.86 0.17 0.13 1.1737766632161 1.35846237243401 0.628664350180437 0.7375 1.2775 -1.16 -0.45225 -0.69835 0.4265
0.55 0.53 0.49 2.06 -1.9 2.27 0.84 -0.98 0.0900000000000001 1.86 1.82 1.92 -0.86 1.17 0.13 0.906858604614595 1.24866974084366 1.68122600609974 1.2375 0.0275 0.84 0.53025 -0.08335 0.3665
0.55 0.53 -0.51 1.06 2.1 2.27 1.84 -1.98 2.09 -1.14 1.82 1.92 1.14 2.17 2.13 -0.237490399253995 -1.12074505562111 -0.637967434347364 1.7375 1.0275 1.09 -0.96225 0.44665 0.504
0.55 0.53 0.49 -1.94 -0.9 2.27 -2.16 -0.98 0.0900000000000001 -2.14 -1.18 1.92 1.14 -0.83 0.13 0.89378735451936 1.32258890362823 0.710560454740397 -0.5125 -0.9725 0.34 -0.32725 -0.61335 0.0915
0.55 0.53 0.49 -1.94 1.1 -1.73 -2.16 1.02 -0.91 1.86 0.82 -0.0800000000000001 -1.86 2.17 0.13 0.729376405714575 0.179832815097337 1.44409420529499 -1.0125 1.2775 -0.66 -0.57225 0.57915 -0.4585
-0.45 0.53 0.49 2.06 2.1 2.27 1.84 2.02 -1.91 1.86 0.82 -0.0800000000000001 -1.86 -1.83 -0.87 -0.287686147534126 -1.20315822729899 -1.45084611000498 0.7375 0.7775 0.09 0.28525 0.31415 -0.136
0.55 0.53 0.49 2.06 2.1 0.27 0.84 -1.98 -0.91 -1.14 0.82 0.92 2.14 1.17 0.13 -0.143660161473871 -0.627766287916656 -0.620989750899165 0.9875 0.5275 0.0899999999999999 0.40775 0.18165 -0.046
-0.45 -0.47 -0.51 -1.94 2.1 2.27 0.84 0.02 -1.91 -1.14 -2.18 -1.08 -1.86 -1.83 -1.87 0.743752119017571 0.614878280972861 1.49140113475179 -1.0125 -0.4725 -0.66 0.44025 0.12415 0.2015
-0.45 -0.47 -0.51 -1.94 -1.9 0.27 -2.16 -1.98 -0.91 -2.14 -2.18 -2.08 -1.86 -1.83 -1.87 0.397944462701422 1.05738986488989 1.63346616152701 -2.0125 -1.9725 -1.16 0.95025 0.82915 0.4265
0.55 -0.47 -0.51 2.06 1.1 -1.73 1.84 2.02 0.0900000000000001 0.86 -1.18 -0.0800000000000001 0.14 0.17 1.13 0.0438287055283607 -0.0607155264367871 0.861755008195207 1.2375 0.5275 -0.16 -0.70725 -0.34585 -0.1835
-0.45 -0.47 -0.51 -1.94 -0.9 -0.73 -1.16 -1.98 -0.91 -1.14 1.82 -2.08 -1.86 -1.83 -0.87 0.507278228437278 0.534331394877474 1.25113773128682 -1.5125 -0.7225 -1.16 0.69525 0.24165 0.4265
0.55 -0.47 0.49 2.06 -0.9 0.27 -2.16 0.02 2.09 1.86 -2.18 -2.08 -1.86 2.17 2.13 1.16304468188032 0.816061825993289 2.3646103240284 -0.0125000000000001 -0.2225 0.59 -0.08225 0.00664999999999999 0.229
0.55 0.53 0.49 0.0600000000000001 -0.9 2.27 -1.16 -1.98 2.09 1.86 1.82 0.92 -1.86 2.17 2.13 0.778190572076888 2.09067424097281 1.68498065638362 0.4875 0.2775 1.09 0.16275 0.04915 0.504
-0.45 -0.47 -0.51 -1.94 -1.9 -1.73 1.84 0.02 -1.91 0.86 -2.18 1.92 -0.86 -1.83 -1.87 0.147301125455008 0.385676913171823 0.0855061711565518 -0.0125000000000001 -1.4725 -0.91 -0.06975 0.59415 0.314
0.55 0.53 -0.51 2.06 2.1 -1.73 1.84 2.02 -1.91 1.86 1.82 -1.08 2.14 2.17 2.13 1.87030125792965 2.51839176809441 2.63149293880166 1.2375 2.0275 0.0899999999999999 -0.70725 0.97665 -0.046
-0.45 -0.47 -0.51 0.0600000000000001 2.1 -0.73 1.84 -1.98 0.0900000000000001 -1.14 -0.18 1.92 2.14 2.17 2.13 0.156313834890899 0.86910125191836 0.662771008070931 1.4875 0.5275 0.0899999999999999 -0.83475 -0.34585 -0.136
