-0.5 -0.45 -0.5 1.93 2.08 0.33 -2.12 2.17 -1.04 -2.06 -1.84 0.18 0.95 -0.91 -2.18 -1.04882759320149 1.17971972722449 0.344720200559705 -0.5475 0.375 -0.455 0.2225 -0.2275 0.1675
0.5 -0.45 -0.5 1.93 2.08 -0.67 -2.12 -1.83 -2.04 -1.06 0.16 -0.82 1.95 -0.91 -2.18 1.35223550901291 1.72863909594864 1.52304237438591 -0.7975 -0.125 -0.455 0.3475 -0.0025 -0.2875
0.5 -0.45 0.5 -2.07 -0.92 1.33 -0.12 0.17 -2.04 0.94 1.16 2.18 -1.05 1.09 -0.18 0.0369660496334027 2.27686312303606 1.70707349372441 -0.0475000000000001 0.375 -0.205 -0.075 -0.2275 -0.1625
-0.5 0.55 -0.5 -1.07 0.0800000000000001 1.33 -1.12 -1.83 0.96 -1.06 1.16 2.18 0.95 0.0900000000000001 0.82 0.908525347500218 0.672747664774833 1.5451268531448 0.2025 -0.125 0.545 -0.1525 -0.1275 -0.3325
-0.5 0.55 -0.5 1.93 -0.92 1.33 -1.12 -0.83 1.96 -2.06 2.16 -0.82 0.95 1.09 -1.18 -0.0287052581395592 0.0886284966428559 -1.54608186851698 -0.2975 0.375 0.545 0.0975 0.1475 -0.3325
-0.5 -0.45 -0.5 1.93 -0.92 -1.67 1.88 -0.83 0.96 1.94 2.16 2.18 0.95 2.09 -0.18 2.11462225423796 -0.634005553999638 2.58532751074293 1.4525 0.625 0.545 -0.7775 -0.34 -0.3325
-0.5 -0.45 0.5 0.93 -0.92 2.33 0.88 2.17 -0.04 0.94 0.16 2.18 -2.05 0.0900000000000001 -1.18 1.06731804779454 0.439043520744002 2.85207644736847 0.7025 0.375 0.295 0.3 -0.2275 -0.2075
0.5 0.55 0.5 1.93 2.08 1.33 -0.12 2.17 -0.04 -2.06 -1.84 1.18 -2.05 1.09 1.82 0.0203270314927584 -0.938343520676727 -0.180909253600747 1.2025 0.875 -0.705 0.55 0.4225 -0.4125
0.5 0.55 0.5 1.93 0.0800000000000001 2.33 -2.12 1.17 -0.04 -1.06 -0.84 -1.82 -2.05 -0.91 -2.18 1.70994572220409 0.461452837190003 1.54945336845332 -1.0475 -0.125 -0.205 -0.575 -0.1275 -0.1625
0.5 0.55 0.5 1.93 -1.92 0.33 -2.12 -1.83 -2.04 -2.06 0.16 1.18 1.95 1.09 -2.18 3.05310170295866 1.69792126475086 1.20135948751801 -0.2975 -0.625 -0.455 -0.2 -0.4025 -0.2875
-0.5 -0.45 0.5 -2.07 1.08 -1.67 -2.12 -0.83 0.96 -2.06 -1.84 -1.82 -2.05 -1.91 -2.18 0.247391375355779 -0.783421334623118 0.0155518537593631 -2.0475 -0.875 -1.205 -1.075 0.335 0.5425
0.5 0.55 0.5 1.93 -1.92 -1.67 0.88 0.17 0.96 0.94 0.16 -1.82 -1.05 1.09 -2.18 1.59664532562765 1.31821234927253 2.00652025234043 -0.2975 -0.125 -0.205 -0.2 -0.1275 -0.1625
-0.5 0.55 -0.5 0.93 2.08 2.33 -0.12 -1.83 1.96 1.94 -1.84 -1.82 0.95 0.0900000000000001 -0.18 1.74869605688646 1.22581937716882 1.82534448879093 -0.2975 -0.375 1.795 0.0975 -0.265 -0.9575
-0.5 0.55 -0.5 -0.0699999999999998 2.08 1.33 0.88 2.17 -0.04 1.94 -0.84 -0.82 0.95 1.09 -0.18 -1.86745281030116 -1.10174279321771 0.367591805292784 -0.0475 1.125 1.045 -0.0275 0.56 -0.5825
0.5 0.55 0.5 1.93 0.0800000000000001 2.33 1.88 2.17 0.96 -2.06 -1.84 -1.82 0.95 -1.91 0.82 2.07277288551738 0.754992120451201 1.44403741108172 0.7025 -0.375 0.545 0.3 -0.265 0.2125
0.5 0.55 0.5 -0.0699999999999998 -1.92 -1.67 1.88 -1.83 1.96 0.94 -0.84 1.18 -1.05 1.09 -2.18 0.366772731440606 1.3304482744004 1.75034245597524 0.2025 -0.875 0.045 0.05 -0.54 -0.0375
-0.5 -0.45 -0.5 1.93 2.08 -1.67 -2.12 2.17 0.96 -0.0600000000000001 -1.84 -1.82 -2.05 -0.91 -0.18 0.675356835050542 1.35602501806833 0.821339263343491 -0.5475 0.375 -0.705 0.2225 -0.2275 0.2925
-0.5 -0.45 -0.5 1.93 0.0800000000000001 -1.67 1.88 2.17 0.96 -0.0600000000000001 2.16 2.18 0.95 1.09 1.82 0.203950712342328 -1.31633381926597 1.21990793595967 1.9525 1.375 0.045 -1.0275 -0.6775 -0.0825
-0.5 -0.45 -0.5 -1.07 2.08 1.33 1.88 2.17 -1.04 0.94 2.16 -1.82 1.95 -0.91 0.82 0.255282200506087 -0.483031046581802 -0.174472058185704 -0.0475 1.375 0.795 -0.0275 -0.6775 -0.4575
0.5 -0.45 -0.5 -0.0699999999999998 0.0800000000000001 -1.67 -1.12 -1.83 -2.04 -0.0600000000000001 -0.84 2.18 -2.05 0.0900000000000001 -0.18 1.10340165900845 1.54831667000857 -1.10719139430502 0.2025 -0.625 -1.455 -0.1525 0.2225 -0.7875
-0.5 0.55 0.5 -1.07 2.08 0.33 -1.12 2.17 1.96 1.94 2.16 2.18 0.95 2.09 -1.18 1.08008673447827 2.1752410990846 1.79804050299119 -0.2975 2.125 1.295 -0.2 1.11 -0.7075
0.5 0.55 0.5 -2.07 2.08 2.33 -2.12 -0.83 1.96 1.94 0.16 2.18 0.95 2.09 1.82 -1.22193663215214 1.31975352046109 2.23926562627847 -0.0475000000000001 0.875 1.795 -0.075 0.4225 0.8375
-0.5 -0.45 -0.5 -0.0699999999999998 -0.92 2.33 -1.12 2.17 -1.04 -2.06 1.16 0.18 0.95 -0.91 -2.18 0.158572593166064 -0.702320279165366 0.951979524050037 -0.7975 0.375 0.045 0.3475 -0.2275 -0.0825
0.5 -0.45 -0.5 0.93 -1.92 0.33 -0.12 -1.83 -0.04 -2.06 -0.84 1.18 -2.05 -1.91 -1.18 -0.525412877515621 -0.6111880720902 -1.04904379740327 0.2025 -1.625 -0.955 -0.1525 0.6725 -0.5375
0.5 -0.45 0.5 -2.07 -1.92 0.33 0.88 -0.83 1.96 -2.06 -1.84 0.18 -2.05 0.0900000000000001 -2.18 1.25993675653456 0.777011576657743 2.10850339668588 -0.7975 -1.125 -0.455 -0.45 0.4475 -0.2875
-0.5 0.55 0.5 1.93 -1.92 -1.67 -2.12 -0.83 -2.04 -0.0600000000000001 2.16 1.18 -0.0499999999999998 1.09 -0.18 0.911988858581356 1.76609586346533 0.372389334953943 0.2025 0.125 -0.955 0.05 0.01 0.4175
0.5 -0.45 -0.5 1.93 2.08 1.33 1.88 0.17 -0.04 -2.06 1.16 1.18 -1.05 -1.91 1.82 1.02264451560618 2.06697629175618 0.952537707013325 1.7025 0.375 -0.455 -0.9025 -0.2275 -0.2875
-0.5 -0.45 -0.5 1.93 1.08 0.33 1.88 0.17 -1.04 0.94 1.16 2.18 0.95 2.09 1.82 1.24615578314835 -0.879898147549248 1.15581025943636 1.9525 1.125 0.295 -1.0275 -0.565 -0.2075
0.5 -0.45 -0.5 0.93 0.0800000000000001 -1.67 1.88 -0.83 -1.04 1.94 2.16 1.18 1.95 -0.91 1.82 0.329919863506906 0.445532726222982 1.15184804892387 1.4525 0.125 0.295 -0.7775 -0.115 0.0875
0.5 -0.45 0.5 -0.0699999999999998 -0.92 -1.67 -1.12 1.17 -2.04 -0.0600000000000001 1.16 0.18 1.95 0.0900000000000001 -0.18 0.378605120379105 0.480726314025666 -0.0761413419612461 -0.2975 0.375 -0.455 -0.2 -0.2275 -0.2875
0.5 -0.45 0.5 1.93 0.0800000000000001 2.33 0.88 -1.83 1.96 -0.0600000000000001 -1.84 -1.82 -0.0499999999999998 2.09 0.82 1.25991427017422 0.919235137171889 0.0696895946173917 0.4525 -0.375 1.045 0.175 0.11 0.4625
0.5 0.55 0.5 1.93 2.08 -0.67 1.88 2.17 1.96 -0.0600000000000001 2.16 1.18 1.95 1.09 1.82 -0.941004869752089 2.30916640751872 0.534944215569848 1.7025 1.875 0.795 0.8 0.9725 0.3375
0.5 -0.45 0.5 1.93 2.08 -0.67 -0.12 0.17 -0.04 -1.06 -1.84 -0.82 -2.05 -1.91 -1.18 0.410858095639726 2.67040058153925 0.676973029673045 -0.0475 -0.375 -0.955 -0.075 0.11 -0.5375
-0.5 -0.45 -0.5 -2.07 2.08 -1.67 -0.12 -1.83 -2.04 0.94 -1.84 -1.82 -2.05 -0.91 -1.18 0.931606119313072 0.802513174404995 2.2876440808177 -1.2975 -0.625 -1.205 0.5975 0.2225 0.5425
0.5 0.55 -0.5 -1.07 2.08 2.33 -1.12 -1.83 -0.04 -2.06 -0.84 -1.82 -2.05 -1.91 -0.18 -0.00399725739092127 0.867438562969852 0.82293137400396 -1.0475 -0.625 -0.455 0.4725 -0.4025 -0.2875
-0.5 0.55 0.5 -2.07 0.0800000000000001 2.33 -2.12 1.17 -1.04 1.94 0.16 2.18 -1.05 2.09 -0.18 0.57219505454868 -0.559697162014825 0.790937235109333 -0.5475 0.875 0.545 -0.325 0.4225 -0.3325
0.5 -0.45 0.5 -2.07 2.08 -1.67 0.88 -1.83 1.96 -0.0600000000000001 0.16 2.18 -0.0499999999999998 2.09 1.82 0.678372054855945 0.184999571012217 2.50192315083538 0.7025 0.625 0.045 0.3 -0.34 -0.0375
0.5 0.55 0.5 -2.07 -1.92 -1.67 1.88 0.17 1.96 -1.06 1.16 -1.82 0.95 1.09 1.82 1.00221758342736 0.0483895308878878 -0.342237164158558 -0.0475 0.125 0.045 -0.075 0.01 -0.0375
-0.5 0.55 -0.5 -2.07 1.08 -0.67 -2.12 2.17 -2.04 1.94 -0.84 -1.82 0.95 -1.91 -2.18 1.33362779379032 1.15983021744059 2.55780075319165 -2.0475 0.125 0.045 0.9725 0.01 -0.0825
-0.5 0.55 0.5 0.93 2.08 -1.67 1.88 2.17 1.96 -0.0600000000000001 0.16 -1.82 -1.05 0.0900000000000001 0.82 0.380101533264586 -1.31218356568726 0.500633827083796 0.4525 1.125 -0.205 0.175 0.56 0.0425
0.5 0.55 -0.5 1.93 2.08 -1.67 -2.12 -0.83 -1.04 -2.06 -1.84 0.18 1.95 -0.91 -0.18 2.88179300400611 2.01745547280151 3.65938251611456 -0.0475 -0.375 -0.705 -0.0275 -0.265 -0.4125
0.5 0.55 -0.5 1.93 2.08 0.33 -2.12 1.17 1.96 1.94 -1.84 1.18 0.95 2.09 -1.18 1.1483501107256 1.27942915899734 2.30299001628907 -0.0475 0.875 1.295 -0.0275 0.4225 0.5875
0.5 -0.45 -0.5 -0.0699999999999998 2.08 -0.67 -2.12 -1.83 1.96 -2.06 0.16 -1.82 -2.05 -1.91 -0.18 -0.440824613051551 1.21561878718394 -0.216901669196274 -1.0475 -0.375 -0.705 0.4725 0.11 -0.4125
0.5 -0.45 -0.5 -2.07 -1.92 -1.67 1.88 -0.83 1.96 1.94 0.16 0.18 -2.05 2.09 1.82 -0.238147268857334 0.961033632953967 -0.458968983369598 0.4525 -0.125 0.045 -0.2775 -0.00249999999999997 -0.0375
0.5 -0.45 -0.5 -2.07 0.0800000000000001 -1.67 0.88 -1.83 -1.04 -1.06 -0.84 2.18 -0.0499999999999998 -0.91 0.82 -1.6947149447243 -0.431829628530385 0.17612809087105 0.4525 -0.875 -0.955 -0.2775 0.335 -0.5375
-0.5 -0.45 0.5 -2.07 -1.92 -1.67 1.88 -1.83 -2.04 -2.06 2.16 -1.82 1.95 -1.91 1.82 0.310725818380918 0.582345031558798 1.41924074201323 -0.0475 -0.875 -0.955 -0.075 0.335 0.4175
0.5 0.55 -0.5 1.93 -1.92 -1.67 1.88 -1.83 0.96 -0.0600000000000001 -1.84 1.18 0.95 0.0900000000000001 0.82 0.511248823298948 1.80794589112652 2.31218727265796 1.4525 -1.375 0.045 -0.7775 -0.815 -0.0375
-0.5 -0.45 0.5 0.93 -0.92 2.33 -2.12 -0.83 -0.04 -1.06 0.16 -0.82 -1.05 -1.91 -1.18 1.98855055383546 1.99063658545625 1.05961746705798 -0.7975 -0.875 0.045 -0.45 0.335 -0.0825
-0.5 -0.45 -0.5 -2.07 2.08 -1.67 1.88 0.17 0.96 -2.06 0.16 -1.82 -2.05 -1.91 -2.18 -1.07021596257291 -0.716793763461439 0.407900482938171 -1.0475 0.125 -1.205 0.4725 -0.115 0.5425
-0.5 -0.45 -0.5 1.93 1.08 1.33 0.88 -1.83 -0.04 -2.06 -0.84 -1.82 -0.0499999999999998 -0.91 1.82 -0.760244900753968 0.322424743433933 0.228230610928368 0.7025 -0.625 -0.205 -0.4025 0.2225 0.0425
-0.5 -0.45 -0.5 -1.07 -1.92 -1.67 0.88 -1.83 -2.04 -1.06 -1.84 -0.82 -2.05 -0.91 -0.18 -0.063044703432507 0.736792718744438 1.86629844558706 -0.2975 -1.625 -1.705 0.0975 0.6725 0.7925
-0.5 -0.45 0.5 -2.07 -1.92 0.33 1.88 1.17 -2.04 -2.06 -1.84 -0.82 -2.05 -1.91 -1.18 1.57179636943177 0.386666031911571 1.69914086868608 -0.5475 -1.125 -1.455 -0.325 0.4475 0.6675
0.5 0.55 -0.5 1.93 0.0800000000000001 2.33 -0.12 2.17 1.96 1.94 2.16 2.18 1.95 2.09 0.82 0.33778342663044 -0.955619303985839 2.61773042582738 1.2025 1.625 2.045 -0.6525 0.835 0.9625
0.5 0.55 0.5 -2.07 -1.92 -1.67 -1.12 -1.83 1.96 -0.0600000000000001 0.16 0.18 -0.0499999999999998 1.09 -2.18 0.124403292315553 1.05355120928661 0.0899271597429117 -1.2975 -0.625 0.045 -0.7 -0.4025 -0.0375
-0.5 -0.45 0.5 -2.07 -1.92 -1.67 -2.12 -1.83 -2.04 -2.06 -1.84 0.18 -2.05 1.09 -1.18 0.943154324433841 2.89313741181086 1.15694118829383 -1.2975 -1.125 -1.955 -0.7 0.4475 0.9175
0.5 0.55 0.5 -0.0699999999999998 2.08 2.33 -2.12 0.17 -2.04 -2.06 0.16 0.18 -2.05 -1.91 -1.18 0.550705724505002 0.000780795116684052 0.849611677057528 -0.7975 0.125 -0.955 -0.45 0.01 -0.5375
-0.5 -0.45 -0.5 1.93 -0.92 -1.67 -1.12 -1.83 1.96 -2.06 -0.84 2.18 1.95 1.09 0.82 2.28164117893045 1.25105543327775 2.09181978084626 0.9525 -0.625 0.045 -0.5275 0.2225 -0.0825
-0.5 -0.45 -0.5 -2.07 1.08 1.33 -1.12 2.17 1.96 0.94 0.16 0.18 -2.05 -1.91 -0.18 1.71782304526866 0.757609747581823 1.2640881665584 -0.7975 0.375 0.545 0.3475 -0.2275 -0.3325
-0.5 -0.45 -0.5 -2.07 -0.92 -1.67 -2.12 2.17 1.96 1.94 2.16 -1.82 -0.0499999999999998 -1.91 -1.18 -0.200555932391825 1.48806744361686 1.05585528297228 -1.7975 0.375 0.545 0.8475 -0.2275 -0.3325
-0.5 -0.45 -0.5 -1.07 1.08 2.33 1.88 -1.83 -0.04 1.94 -1.84 -1.82 0.95 2.09 0.82 0.796832231945404 1.02486662699653 2.8029645842561 -0.0475 -0.125 1.295 -0.0275 -0.00249999999999997 -0.7075
0.5 0.55 0.5 1.93 -1.92 2.33 -2.12 0.17 -2.04 1.94 0.16 1.18 1.95 2.09 1.82 -0.206690968234866 0.147616610042805 0.0148422364062534 0.7025 0.125 1.045 0.3 0.00999999999999997 0.4625
0.5 0.55 0.5 -2.07 0.0800000000000001 1.33 0.88 -1.83 0.96 0.94 -1.84 2.18 0.95 2.09 1.82 1.66214556431441 1.34327288006048 2.79195477276833 0.7025 -0.375 1.045 0.3 -0.265 0.4625
-0.5 -0.45 -0.5 1.93 0.0800000000000001 -1.67 -0.12 0.17 0.96 0.94 1.16 -1.82 -2.05 -0.91 1.82 2.13871120689278 1.14967645547302 1.07600505434651 0.4525 0.125 -0.455 -0.2775 -0.115 0.1675
0.5 -0.45 0.5 -1.07 -1.92 2.33 1.88 -1.83 0.96 -2.06 2.16 1.18 -1.05 1.09 0.82 1.15851998480761 1.5039414261773 2.2575551917204 0.7025 -0.125 0.045 0.3 -0.00250000000000003 -0.0375
0.5 0.55 0.5 0.93 -0.92 -0.67 -2.12 -1.83 -1.04 -0.0600000000000001 2.16 0.18 0.95 -0.91 -2.18 -0.51649162735661 1.2112637361785 0.278601993669664 -0.7975 -0.375 -0.205 -0.45 -0.265 -0.1625
0.5 0.55 0.5 -2.07 2.08 2.33 1.88 2.17 0.96 1.94 -0.84 2.18 1.95 2.09 1.82 1.4828397722991 3.86144386262478 3.38542431693516 0.9525 1.375 1.795 0.425 0.6975 0.8375
-0.5 -0.45 -0.5 -0.0699999999999998 -1.92 -0.67 1.88 -0.83 -2.04 -1.06 -1.84 -1.82 -2.05 -1.91 -2.18 0.299190664594917 -0.0440457650262782 0.209885911962609 -0.5475 -1.625 -1.455 0.2225 0.6725 0.6675
-0.5 0.55 0.5 1.93 0.0800000000000001 -1.67 -0.12 -1.83 -2.04 -0.0600000000000001 -0.84 -1.82 -1.05 -1.91 1.82 0.0543503685647806 0.0816573030911646 0.529583463626678 0.4525 -1.125 -1.205 0.175 -0.6775 0.5425
-0.5 -0.45 0.5 -0.0699999999999998 -1.92 1.33 0.88 2.17 1.96 1.94 0.16 0.18 1.95 0.0900000000000001 -1.18 0.79785527489294 0.151266054833108 0.926524848863893 -0.0475 0.125 1.795 -0.075 -0.115 -0.9575
-0.5 -0.45 -0.5 -2.07 -1.92 2.33 1.88 2.17 1.96 0.94 -0.84 -1.82 -2.05 1.09 1.82 0.526221175659184 1.08756773291497 0.613003610295475 -0.0475 0.125 0.795 -0.0275 -0.115 -0.4575
-0.5 0.55 0.5 0.93 -0.92 2.33 1.88 2.17 -2.04 0.94 0.16 -0.82 -2.05 -0.91 1.82 -0.646469651792492 -0.694231392209022 -0.347695593525231 0.9525 0.125 -0.205 0.425 0.01 0.0425
-0.5 -0.45 -0.5 -0.0699999999999998 2.08 -1.67 1.88 2.17 -1.04 1.94 -1.84 0.18 -1.05 -1.91 -2.18 0.207628125233528 0.591248253211388 -0.18683289388054 -0.0475 0.125 -0.455 -0.0275 -0.115 0.1675
-0.5 -0.45 -0.5 -1.07 0.0800000000000001 2.33 -1.12 2.17 -0.04 -1.06 0.16 -0.82 -2.05 -1.91 -1.18 0.956778328879244 1.367083518303 2.2340647570601 -1.0475 0.125 -0.205 0.4725 -0.115 0.0425
-0.5 0.55 0.5 -0.0699999999999998 -1.92 -1.67 -2.12 -1.83 -2.04 -2.06 -0.84 -1.82 0.95 -1.91 -2.18 -0.0573592208273223 0.898847872575913 0.450422267379875 -1.5475 -1.625 -1.205 -0.825 -0.9525 0.5425
0.5 -0.45 0.5 1.93 2.08 -1.67 1.88 2.17 0.96 1.94 2.16 1.18 0.95 -0.91 0.82 0.478901784703006 0.773277380988186 1.14163039914352 1.4525 1.375 0.545 0.675 -0.6775 0.2125
0.5 0.55 -0.5 -2.07 -1.92 0.33 0.88 -1.83 -1.04 0.94 -1.84 -1.82 0.95 -0.91 -1.18 0.0196373846747822 -0.33563225595814 0.160011944249485 -1.0475 -1.625 0.295 0.4725 -0.9525 0.0875
0.5 0.55 0.5 0.93 2.08 -1.67 -1.12 2.17 -1.04 -0.0600000000000001 -1.84 2.18 0.95 2.09 1.82 0.54559331076092 1.33744765463283 0.863909000125652 0.9525 1.125 -0.455 0.425 0.56 -0.2875
0.5 0.55 0.5 -1.07 -1.92 -1.67 1.88 2.17 -2.04 -0.0600000000000001 2.16 1.18 0.95 2.09 -1.18 0.330762072044946 0.065032189025767 1.83098935190688 0.2025 1.125 -0.705 0.05 0.56 -0.4125
0.5 0.55 0.5 -1.07 1.08 2.33 0.88 2.17 -0.04 1.94 2.16 2.18 1.95 2.09 1.82 2.1848540912877 3.5055074999344 2.99545703573651 0.9525 1.875 1.545 0.425 0.9725 0.7125
0.5 -0.45 0.5 0.93 -1.92 -0.67 1.88 1.17 -2.04 1.94 2.16 0.18 0.95 1.09 1.82 0.539889826787339 2.50439515129505 2.1849385038733 1.2025 0.625 0.045 0.55 -0.34 -0.0375
0.5 0.55 -0.5 -1.07 2.08 -1.67 -2.12 -1.83 -2.04 -2.06 1.16 -0.82 0.95 0.0900000000000001 -0.18 0.0264318465258556 0.483623384962241 0.190687148646573 -1.0475 0.375 -1.205 0.4725 0.1475 -0.6625
-0.5 0.55 0.5 1.93 -1.92 2.33 1.88 2.17 1.96 0.94 1.16 0.18 1.95 -0.91 1.82 1.25734076254823 1.23079692972722 2.43176868230665 1.4525 0.125 1.795 0.675 0.01 -0.9575
0.5 -0.45 -0.5 1.93 -0.92 2.33 1.88 1.17 0.96 -1.06 -1.84 2.18 -0.0499999999999998 1.09 -0.18 -0.0317873389776002 -0.189161678983024 -0.222918590995672 1.4525 -0.125 0.545 -0.7775 -0.0025 0.2125
-0.5 -0.45 -0.5 -1.07 -0.92 -1.67 -0.12 -1.83 -1.04 -0.0600000000000001 -1.84 -1.82 1.95 -0.91 -0.18 -0.891254060511429 -0.383147485000652 -0.772786895010562 -0.7975 -1.375 -0.205 0.3475 0.56 0.0425
-0.5 -0.45 -0.5 -2.07 2.08 -1.67 -0.12 -1.83 -2.04 -1.06 2.16 -0.82 -2.05 -1.91 -2.18 0.839709827569666 0.979968607341777 0.936862994875944 -1.2975 0.125 -1.705 0.5975 -0.115 0.7925
-0.5 0.55 -0.5 -2.07 -1.92 -1.67 -2.12 0.17 -2.04 1.94 -1.84 -1.82 -0.0499999999999998 2.09 -1.18 0.793560026240635 0.74447567420317 1.75189724161425 -1.7975 -0.375 -0.455 0.8475 -0.265 0.1675
-0.5 -0.45 -0.5 1.93 0.0800000000000001 1.33 0.88 0.17 -0.04 1.94 0.16 2.18 1.95 2.09 1.82 1.15720992280742 0.762609708311045 3.16103361687972 1.7025 0.625 1.295 -0.9025 -0.34 -0.7075
-0.5 0.55 -0.5 1.93 0.0800000000000001 2.33 0.88 0.17 -1.04 0.94 1.16 0.18 1.95 -0.91 -1.18 2.39645633418302 2.97983314428671 2.97957215035575 0.4525 0.125 1.045 -0.2775 0.01 -0.5825
0.5 -0.45 0.5 -0.0699999999999998 -1.92 -1.67 -1.12 2.17 1.96 1.94 2.16 2.18 1.95 1.09 1.82 1.20400655770848 0.653164267904423 1.32952812720356 0.7025 0.875 1.045 0.3 -0.4525 0.4625
-0.5 0.55 0.5 -2.07 -0.92 -1.67 1.88 -0.83 0.96 1.94 1.16 -1.82 1.95 1.09 1.82 1.09422883345715 1.40057020813065 2.31863713126534 -0.0475 0.125 0.795 -0.075 0.01 -0.4575
0.5 -0.45 -0.5 -1.07 -1.92 2.33 -2.12 1.17 -1.04 -2.06 2.16 -1.82 0.95 -1.91 -0.18 1.15441096037799 1.07724008123135 1.94944514323033 -1.2975 -0.125 0.045 0.5975 -0.00250000000000003 -0.0375
-0.5 -0.45 0.5 -2.07 -0.92 -0.67 -2.12 -1.83 -0.04 -1.06 1.16 0.18 -1.05 -0.91 -0.18 0.988333887117642 2.1325596065401 2.76535994350605 -1.0475 -0.625 -0.705 -0.575 0.2225 0.2925
0.5 -0.45 0.5 -1.07 -1.92 1.33 0.88 0.17 1.96 1.94 1.16 0.18 1.95 2.09 1.82 0.0127495014277703 0.499332682679732 -0.0468497207348207 0.4525 0.375 1.795 0.175 -0.2275 0.8375
-0.5 0.55 0.5 1.93 0.0800000000000001 -1.67 0.88 -1.83 -2.04 1.94 2.16 2.18 -2.05 1.09 1.82 0.701829460115206 1.30355599216761 1.95200329706756 1.7025 0.375 -0.955 0.8 0.1475 0.4175
-0.5 0.55 -0.5 -2.07 -0.92 -0.67 -2.12 0.17 -1.04 0.94 -1.84 -0.82 -1.05 -1.91 0.82 0.401671095218113 0.879064680026125 0.539202154508169 -1.0475 -1.125 -0.455 0.4725 -0.6775 0.1675
-0.5 -0.45 -0.5 -1.07 2.08 -1.67 1.88 -0.83 -2.04 -2.06 -1.84 -1.82 -2.05 -1.91 -2.18 0.154574059743821 -0.189771187574119 -0.317833318871523 -0.7975 -0.625 -1.955 0.3475 0.2225 0.9175
0.5 -0.45 -0.5 0.93 -1.92 -1.67 -2.12 -1.83 1.96 -0.0600000000000001 -0.84 0.18 -2.05 0.0900000000000001 1.82 -1.07644090958699 0.236800127164268 -0.460905516970645 0.2025 -1.125 -0.455 -0.1525 0.4475 -0.2875
0.5 0.55 0.5 1.93 1.08 -1.67 -0.12 -0.83 0.96 1.94 -1.84 -1.82 1.95 2.09 -0.18 1.38571260822411 1.9233324348425 1.18653772346238 -0.0475 0.125 0.795 -0.075 0.00999999999999997 0.3375
0.5 0.55 0.5 -2.07 0.0800000000000001 -1.67 1.88 -1.83 1.96 -2.06 -1.84 -0.82 1.95 -0.91 0.82 0.464667572535161 -0.489212891214451 0.99591300104256 -0.0475 -1.125 0.045 -0.075 -0.6775 -0.0375
0.5 -0.45 0.5 0.93 2.08 2.33 -2.12 1.17 0.96 0.94 1.16 -0.82 -0.0499999999999998 -1.91 -0.18 2.42806851057163 1.76709953591662 2.53197148188481 -0.5475 0.625 1.045 -0.325 -0.34 0.4625
