-0.47 -0.51 0.53 2.08 1.79 -1.79 1.81 0.11 -1.2 2.18 -1.24 -1.16 0.78 1.95 -2.02 1.75687181382251 -1.22792556313795 1.67762206763826 0.1775 0.6525 -0.00750000000000017 0.07565 -0.37555 -0.05295
0.53 0.49 0.53 2.08 1.79 2.21 -0.19 2.11 -0.2 2.18 0.76 -0.16 -1.22 1.95 1.98 0.766066639891982 -0.32892464982019 2.22599680585175 0.9275 1.6525 0.7425 0.47315 0.76695 0.33705
0.53 0.49 -0.47 2.08 -2.21 0.21 1.81 2.11 -0.2 -1.82 1.76 -0.16 1.78 0.95 -0.02 -0.561942293866623 0.863852884624706 0.398366697136391 0.9275 0.6525 -0.00750000000000012 -0.45435 0.27695 -0.06045
0.53 0.49 0.53 -1.92 1.79 -0.79 -0.19 2.11 1.8 2.18 1.76 1.84 -0.22 0.95 1.98 1.67886160436221 0.317055762640076 1.31241744790283 0.4275 1.6525 0.7425 0.20815 0.76695 0.33705
-0.47 -0.51 -0.47 2.08 -2.21 -0.79 1.81 -0.89 0.8 1.18 -1.24 -1.16 -1.22 -1.05 -1.02 0.162008607023164 0.224430626708582 0.713004246531097 0.4275 -1.3475 -0.00750000000000012 -0.21935 0.64445 -0.05295
0.53 0.49 -0.47 -1.92 -2.21 -1.79 1.81 0.11 0.8 2.18 1.76 0.84 -1.22 0.95 1.98 0.606341544001489 1.34197403272113 0.383609897046425 0.6775 0.1525 -0.00750000000000017 -0.33685 0.03195 -0.06045
-0.47 -0.51 -0.47 -1.92 0.79 2.21 0.81 0.11 -2.2 -0.82 1.76 1.84 1.78 0.95 1.98 1.58423781225973 1.67482166246974 3.59637392843098 0.6775 0.9025 0.2425 -0.33685 -0.50305 -0.17045
0.53 0.49 0.53 2.08 0.79 0.21 1.81 2.11 1.8 -0.82 -2.24 1.84 1.78 1.95 1.98 1.58233465270458 2.28886583030466 0.0829086968771597 1.9275 0.6525 0.7425 1.00315 0.27695 0.33705
-0.47 0.49 0.53 2.08 1.79 0.21 -2.19 -0.89 1.8 -1.82 -0.24 0.84 1.78 -0.0499999999999998 -0.02 1.98703774563927 0.487869390193652 2.71139691896468 0.1775 0.1525 0.4925 0.07565 0.03195 -0.28795
0.53 0.49 0.53 -1.92 1.79 0.21 1.81 0.11 -2.2 1.18 -1.24 -1.16 0.78 -2.05 -0.02 0.518038837347614 1.31045226004588 2.10745821702961 -0.3225 -0.3475 -0.00750000000000012 -0.18935 -0.21305 -0.06045
-0.47 0.49 -0.47 -0.92 -1.21 -1.79 -2.19 -0.89 1.8 -1.82 1.76 -0.16 -1.22 -1.05 -2.02 1.24265033505055 2.3400900406284 1.3603732471072 -1.3225 -0.3475 -0.7575 0.60315 -0.21305 0.29955
-0.47 -0.51 -0.47 -1.92 -2.21 0.21 -2.19 2.11 -0.2 0.18 -2.24 1.84 0.78 1.95 -1.02 -1.47240054202675 -1.55941460616543 1.0014640517162 -0.8225 -0.0974999999999999 0.2425 0.36815 0.00695 -0.17045
-0.47 0.49 0.53 -1.92 1.79 -1.79 -2.19 0.11 -2.2 1.18 1.76 1.84 0.78 -0.0499999999999998 -2.02 1.23708570524597 -0.0848470451803538 1.00743856949386 -1.0725 0.9025 -0.5075 -0.58685 0.39945 0.18205
0.53 -0.51 0.53 -0.92 -2.21 1.21 1.81 1.11 -0.2 -0.82 1.76 0.84 1.78 0.95 1.98 1.61455298497418 0.705014225603308 1.51493980879139 0.9275 0.4025 0.4925 0.47315 -0.24805 0.20455
0.53 -0.51 -0.47 -1.92 0.79 -1.79 -0.19 2.11 1.8 -1.82 1.76 1.84 1.78 1.95 0.98 2.55989198481086 2.11975728867924 0.540394786418868 0.1775 1.6525 -0.00750000000000012 -0.10185 -0.88555 -0.06045
-0.47 0.49 0.53 -0.92 -1.21 -0.79 1.81 -0.89 -0.2 -1.82 -0.24 0.84 -1.22 -1.05 -2.02 3.53705346156333 2.71731529343061 3.65503991431535 -0.0725 -0.8475 -1.0075 -0.05685 -0.45805 0.41705
0.53 -0.51 -0.47 2.08 0.79 1.21 -1.19 2.11 -2.2 -0.82 -1.24 -2.16 -2.22 -1.05 -2.02 -0.118480450619854 1.45052058679698 0.218197875287236 -0.8225 0.1525 -1.0075 0.36815 -0.12055 -0.59045
-0.47 0.49 0.53 -1.92 -2.21 0.21 1.81 2.11 0.8 -1.82 -1.24 -2.16 0.78 0.95 0.98 -1.75101453075426 -0.221307941895436 -0.186988060402174 -0.3225 -0.0974999999999999 -0.00750000000000012 -0.18935 -0.09055 -0.05295
-0.47 -0.51 -0.47 1.08 -1.21 2.21 -2.19 -0.89 -1.2 -1.82 -0.24 1.84 -0.22 -2.05 -2.02 1.91530248752346 0.414673624149161 -0.329664551411677 -0.3225 -1.0975 -0.2575 0.13315 0.51695 0.06455
0.53 0.49 0.53 -1.92 -1.21 -1.79 0.81 1.11 -0.2 2.18 -2.24 1.84 0.78 1.95 0.98 0.649468789302756 0.413640440941326 3.04723359595167 0.4275 -0.0975 0.2425 0.20815 -0.09055 0.07205
-0.47 -0.51 -0.47 -0.92 -2.21 -1.79 -2.19 -1.89 1.8 -1.82 -1.24 -2.16 -2.22 -1.05 -1.02 -0.30470050667901 0.283710406917214 -0.574303741764764 -1.5725 -1.5975 -1.0075 0.72065 0.77195 0.41705
0.53 -0.51 0.53 2.08 1.79 -0.79 -2.19 1.11 -0.2 -1.82 0.76 1.84 1.78 1.95 1.98 2.02891713576362 -0.0763996172420893 1.84197073409316 0.9275 1.4025 -0.2575 0.47315 -0.75805 -0.19295
-0.47 0.49 -0.47 2.08 1.79 -1.79 1.81 0.11 -0.2 1.18 1.76 -2.16 -1.22 -2.05 0.98 1.04443366912822 -0.920825983890176 0.948494156616251 0.6775 0.4025 -0.5075 -0.33685 0.15445 0.18205
0.53 -0.51 -0.47 -0.92 -0.21 -1.79 -0.19 -1.89 -2.2 -1.82 1.76 -0.16 -0.22 -2.05 -2.02 -0.460339757060997 -1.31508887282629 1.24645813591503 -0.8225 -0.5975 -1.5075 0.36815 0.26195 -0.85545
0.53 0.49 0.53 -0.92 -0.21 0.21 -2.19 -1.89 0.8 0.18 -2.24 -2.16 -2.22 -2.05 -2.02 1.02308587180706 1.71468969406315 1.33019465827227 -1.8225 -1.5975 -0.2575 -0.98435 -0.82555 -0.19295
0.53 0.49 -0.47 1.08 -2.21 2.21 1.81 0.11 -1.2 1.18 0.76 1.84 0.78 1.95 1.98 0.99839524635661 1.21871860292984 1.58215894469344 1.6775 0.1525 0.7425 -0.80685 0.03195 0.33705
0.53 0.49 0.53 -1.92 -2.21 -1.79 -1.19 2.11 -2.2 2.18 -0.24 -2.16 -2.22 -1.05 -1.02 1.11297404455038 0.269730952364571 -1.45741810267194 -1.5725 -0.3475 -1.0075 -0.85185 -0.21305 -0.59045
-0.47 -0.51 -0.47 -1.92 -0.21 2.21 1.81 -1.89 -0.2 2.18 0.76 -0.16 0.78 1.95 0.98 1.04164281900824 1.29870358278769 2.24398163504448 0.1775 0.1525 1.2425 -0.10185 -0.12055 -0.64045
-0.47 -0.51 -0.47 2.08 -0.21 2.21 -2.19 2.11 0.8 2.18 -2.24 1.84 -1.22 1.95 1.98 0.152116281533375 0.871428183068131 0.132971272199515 0.9275 0.4025 0.9925 -0.45435 -0.24805 -0.52295
0.53 0.49 -0.47 0.0800000000000001 0.79 -1.79 0.81 -1.89 -2.2 2.18 -0.24 1.84 -1.22 -1.05 -0.02 0.390769708461014 0.717876481596399 1.47510585366065 0.6775 -0.5975 -0.7575 -0.33685 -0.33555 -0.45795
-0.47 0.49 -0.47 -1.92 -2.21 1.21 -1.19 1.11 0.8 0.18 0.76 -2.16 1.78 -0.0499999999999998 -2.02 1.18942886980251 1.75123491905087 1.46360906415689 -1.8225 -0.0975 0.9925 0.83815 -0.09055 -0.52295
-0.47 -0.51 0.53 1.08 -0.21 -1.79 1.81 1.11 -2.2 -1.82 -1.24 -2.16 -1.22 -1.05 -0.02 0.121158187980992 1.71443155008185 0.247327383509012 0.1775 -0.3475 -1.7575 0.07565 0.13445 0.76955
-0.47 -0.51 -0.47 1.08 -0.21 -1.79 -2.19 2.11 1.8 0.18 1.76 -0.16 0.78 0.95 -1.02 -0.507083172650927 1.49646493041684 1.32319310278863 -0.5725 1.1525 0.2425 0.25065 -0.63055 -0.17045
-0.47 -0.51 -0.47 -1.92 -2.21 -1.79 -2.19 -1.89 -1.2 -1.82 1.76 -1.16 -2.22 -2.05 -0.02 0.109721334013232 0.15521302952202 1.36840991671107 -1.3225 -1.0975 -1.7575 0.60315 0.51695 0.76955
0.53 -0.51 0.53 0.0800000000000001 -0.21 2.21 -0.19 -1.89 -2.2 -0.82 1.76 -1.16 -0.22 -0.0499999999999998 -2.02 -0.734166035569301 0.57822489374386 -1.67454599618076 -0.8225 -0.0975 -0.2575 -0.45435 0.00695000000000003 -0.19295
0.53 0.49 0.53 1.08 0.79 -1.79 -2.19 -1.89 -0.2 -1.82 -2.24 1.84 -0.22 -1.05 -2.02 -0.106434484535891 -0.681516306751088 2.36429362364326 -0.3225 -1.0975 -1.0075 -0.18935 -0.58055 -0.59045
0.53 0.49 0.53 2.08 1.79 -1.79 -2.19 -1.89 -2.2 1.18 -2.24 -0.16 -2.22 -0.0499999999999998 -1.02 1.17151129239641 3.01589986347651 1.19846041282836 -0.3225 -0.5975 -1.2575 -0.18935 -0.33555 -0.72295
0.53 -0.51 0.53 -0.92 1.79 2.21 -2.19 -1.89 1.8 1.18 1.76 0.84 1.78 0.95 1.98 2.45433900720609 2.42830836872653 2.44750830851512 -0.0725 0.6525 1.7425 -0.05685 -0.37555 0.86705
-0.47 0.49 -0.47 1.08 -1.21 2.21 1.81 2.11 -1.2 1.18 -1.24 0.84 -0.22 0.95 -0.02 -0.333795919111192 0.4076969960733 1.23211697227414 0.9275 0.1525 0.4925 -0.45435 0.03195 -0.28795
-0.47 0.49 0.53 1.08 1.79 2.21 -0.19 2.11 -2.2 -0.82 -1.24 1.84 -1.22 -1.05 1.98 -0.00217519180052211 -1.00638590818873 -0.271906093929017 1.1775 0.4025 -0.5075 0.60565 0.15445 0.18205
0.53 -0.51 -0.47 -0.92 1.79 2.21 1.81 -0.89 1.8 -1.82 -1.24 1.84 1.78 1.95 1.98 2.8213679965737 3.43437281814163 3.32151274906372 1.1775 0.4025 0.9925 -0.57185 -0.24805 0.46955
0.53 0.49 0.53 2.08 -2.21 -1.79 1.81 -0.89 1.8 -0.82 -2.24 -2.16 -2.22 -2.05 -2.02 0.205585645509533 0.859567846928661 2.52464584206842 -0.0725 -1.8475 -0.7575 -0.05685 -0.94805 -0.45795
-0.47 0.49 -0.47 2.08 1.79 2.21 1.81 0.11 1.8 0.18 1.76 1.84 0.78 1.95 1.98 1.25069580471206 0.956829465997292 1.34831007377552 1.9275 1.4025 1.2425 -0.92435 0.64445 -0.64045
-0.47 0.49 0.53 2.08 1.79 2.21 1.81 -1.89 -0.2 2.18 0.76 -2.16 0.78 -0.0499999999999998 0.98 0.632780580444901 0.981996586092264 0.134704534152778 0.6775 0.1525 1.2425 0.34065 0.03195 -0.64045
0.53 0.49 0.53 -0.92 0.79 -1.79 -1.19 -0.89 -2.2 -1.82 -2.24 -2.16 1.78 -2.05 -2.02 0.62282373275629 0.29922844529599 0.142209288303919 -1.5725 -1.0975 -1.0075 -0.85185 -0.58055 -0.59045
-0.47 0.49 -0.47 2.08 1.79 2.21 0.81 0.11 -0.2 2.18 1.76 -1.16 -0.22 -1.05 1.98 2.64330010548787 1.05406519507501 3.18426242964715 0.9275 0.6525 0.9925 -0.45435 0.27695 -0.52295
-0.47 -0.51 -0.47 -1.92 0.79 -1.79 1.81 -1.89 -0.2 0.18 0.76 1.84 -0.22 1.95 0.98 1.71829831044997 0.582630034888552 1.73009329108762 0.6775 0.4025 -0.5075 -0.33685 -0.24805 0.18205
0.53 -0.51 0.53 -1.92 0.79 0.21 -1.19 1.11 1.8 -0.82 -1.24 -1.16 1.78 -1.05 -0.02 0.543049355073017 0.467859668786294 1.8549508160994 -1.0725 -0.0975 0.7425 -0.58685 0.00695000000000003 0.33705
0.53 0.49 0.53 2.08 1.79 0.21 1.81 -1.89 1.8 0.18 1.76 -2.16 0.78 -0.0499999999999998 -0.02 0.578632012604315 1.90483177833478 0.377258565163753 0.4275 0.4025 0.7425 0.20815 0.15445 0.33705
-0.47 -0.51 -0.47 -1.92 0.79 1.21 1.81 -0.89 1.8 0.18 0.76 -0.16 1.78 0.95 -1.02 0.445903409555859 0.844204960594525 3.11316628748473 -0.3225 0.4025 1.2425 0.13315 -0.24805 -0.64045
-0.47 -0.51 -0.47 -1.92 -1.21 -1.79 -2.19 -1.89 -0.2 -0.82 -2.24 -0.16 -0.22 -1.05 -2.02 0.16471146088513 -0.702877884478252 0.199962437759898 -1.5725 -1.5975 -0.7575 0.72065 0.77195 0.29955
0.53 -0.51 -0.47 1.08 -1.21 2.21 1.81 -1.89 -2.2 -1.82 1.76 -2.16 -0.22 -2.05 -2.02 2.16521125807684 1.39348413576989 1.86109067534731 -0.3225 -0.8475 -0.5075 0.13315 0.38945 -0.32545
-0.47 -0.51 -0.47 -1.92 -0.21 2.21 1.81 1.11 1.8 2.18 -0.24 -1.16 -1.22 -0.0499999999999998 -0.02 1.11510095478746 1.44117768566344 1.91362995024285 -0.3225 0.1525 1.2425 0.13315 -0.12055 -0.64045
0.53 0.49 0.53 2.08 1.79 0.21 -1.19 -0.89 -1.2 -0.82 -0.24 -2.16 -0.22 1.95 0.98 1.58048515738774 2.61344041029476 1.26749167237192 -0.0725 0.6525 -0.5075 -0.05685 0.27695 -0.32545
-0.47 -0.51 -0.47 -0.92 1.79 2.21 -1.19 2.11 1.8 1.18 1.76 -0.16 1.78 1.95 1.98 0.569357809316703 0.772526993156828 1.71540470357339 -0.0725 1.9025 1.7425 0.01565 -1.01305 -0.87545
0.53 0.49 0.53 0.0800000000000001 -2.21 2.21 -0.19 1.11 -0.2 0.18 1.76 0.84 -0.22 -1.05 -0.02 1.40505543019146 -0.391517887827966 1.53292085582107 0.1775 -0.0975 0.4925 0.07565 -0.09055 0.20455
-0.47 0.49 -0.47 -0.92 -0.21 1.21 1.81 -1.89 1.8 -0.82 -2.24 -2.16 -0.22 -1.05 -0.02 0.751457640406115 -0.704121020837608 0.275232766708581 -0.3225 -1.3475 0.4925 0.13315 -0.70305 -0.28795
0.53 -0.51 -0.47 0.0800000000000001 -0.21 0.21 1.81 1.11 1.8 2.18 1.76 1.84 1.78 1.95 1.98 0.625401744385055 1.90947432426863 0.818504390478685 1.4275 1.1525 1.4925 -0.68935 -0.63055 0.73455
0.53 0.49 -0.47 -1.92 1.79 -1.79 1.81 -1.89 0.8 1.18 1.76 -2.16 1.78 -1.05 1.98 2.82280858342385 2.66846637717761 2.75197193841398 -0.0725 0.1525 0.4925 0.01565 0.03195 0.20455
-0.47 -0.51 -0.47 -1.92 0.79 -1.79 -1.19 -1.89 -2.2 0.18 -1.24 -2.16 -2.22 -2.05 -2.02 0.565943760369753 -1.7148838652772 -0.909887883647314 -1.8225 -1.0975 -1.5075 0.83815 0.51695 0.65205
-0.47 -0.51 -0.47 2.08 1.79 -0.79 -1.19 2.11 -0.2 1.18 -0.24 1.84 -0.22 -0.0499999999999998 -1.02 -0.53825134859982 -0.506842463940562 1.40416287351151 0.4275 0.9025 -0.00750000000000012 -0.21935 -0.50305 -0.05295
-0.47 -0.51 -0.47 2.08 1.79 -1.79 -1.19 1.11 1.8 -1.82 0.76 -0.16 -0.22 0.95 1.98 2.76377364595506 2.08854076206156 2.49318217126005 0.6775 1.1525 -0.5075 -0.33685 -0.63055 0.18205
-0.47 0.49 -0.47 0.0800000000000001 -2.21 -1.79 1.81 0.11 1.8 0.18 -0.24 1.84 -1.22 0.95 -0.02 0.456925598355702 0.791883382600906 1.89897159518403 0.9275 -0.3475 -0.2575 -0.45435 -0.21305 0.06455
-0.47 0.49 -0.47 0.0800000000000001 1.79 2.21 -2.19 -1.89 0.8 -1.82 -0.24 1.84 -0.22 1.95 -0.02 1.41111890055841 -0.184042669399605 -0.758621066641588 -0.0725 0.4025 0.2425 0.01565 0.15445 -0.17045
-0.47 -0.51 -0.47 -0.92 -1.21 -0.79 1.81 0.11 -2.2 -1.82 -2.24 -2.16 -2.22 -2.05 -2.02 1.21935689520882 -1.07425251021026 0.993919382728525 -0.8225 -1.3475 -1.7575 0.36815 0.64445 0.76955
0.53 -0.51 0.53 0.0800000000000001 -2.21 -0.79 -1.19 1.11 -1.2 -1.82 -2.24 -2.16 -0.22 -2.05 -2.02 1.09174198805301 1.01406823991176 0.686018458694716 -1.3225 -1.3475 -1.0075 -0.71935 0.64445 -0.59045
0.53 0.49 0.53 -1.92 0.79 1.21 -1.19 -0.89 -0.2 2.18 -0.24 0.84 0.78 -0.0499999999999998 1.98 1.32094561150886 1.58005293422013 1.60318456858299 -0.0725 -0.0975 0.9925 -0.05685 -0.09055 0.46955
-0.47 0.49 -0.47 -1.92 1.79 -0.79 0.81 -1.89 -2.2 -0.82 -2.24 1.84 -0.22 1.95 -0.02 -0.469538358756962 -0.612229214023489 -0.69931919275523 0.1775 -0.0975 -1.0075 -0.10185 -0.09055 0.41705
0.53 0.49 -0.47 -1.92 -1.21 -1.79 0.81 -1.89 -2.2 1.18 -2.24 -2.16 -2.22 -1.05 -2.02 0.542125778942738 0.75907353183728 1.19764011504753 -1.3225 -1.5975 -1.2575 0.60315 -0.82555 -0.72295
0.53 0.49 0.53 -1.92 1.79 -1.79 1.81 -0.89 1.8 -1.82 1.76 1.84 1.78 1.95 1.98 1.53919352419334 3.05898832955372 3.06875249378957 0.9275 1.1525 -0.00750000000000012 0.47315 0.52195 -0.06045
-0.47 -0.51 0.53 2.08 -0.21 2.21 1.81 -1.89 -2.2 -0.82 0.76 1.84 -0.22 1.95 -0.02 0.919532539630564 1.46102265611363 1.50486027279476 1.4275 0.1525 -0.2575 0.73815 -0.12055 0.06455
0.53 -0.51 0.53 2.08 -2.21 1.21 -2.19 2.11 -1.2 -0.82 -2.24 1.84 0.78 -2.05 -2.02 0.0422603014124998 1.3471744160518 0.352190684872008 -0.0725 -1.0975 -0.00750000000000012 -0.05685 0.51695 -0.06045
-0.47 -0.51 0.53 0.0800000000000001 1.79 0.21 0.81 2.11 0.8 -0.82 -2.24 0.84 -2.22 -2.05 -1.02 0.733151874814242 1.51687362583129 1.41134519187194 0.1775 -0.0974999999999999 -0.5075 0.07565 0.00695 0.18205
-0.47 -0.51 -0.47 -1.92 -2.21 1.21 -0.19 -1.89 -2.2 -0.82 -2.24 -0.16 -2.22 -2.05 0.98 0.190306165021746 0.653291200323591 0.816977976879147 -0.3225 -2.0975 -1.0075 0.13315 1.02695 0.41705
0.53 0.49 0.53 2.08 0.79 -1.79 1.81 2.11 1.8 2.18 1.76 0.84 1.78 1.95 1.98 0.270502133089449 0.881633102897249 0.852752096220956 1.6775 1.6525 0.9925 0.87065 0.76695 0.46955
-0.47 0.49 0.53 -1.92 -0.21 0.21 0.81 2.11 -0.2 1.18 0.76 0.84 0.78 -0.0499999999999998 0.98 0.4356340978944 1.18984751850378 0.655201448833498 0.1775 0.6525 0.4925 0.07565 0.27695 -0.28795
-0.47 -0.51 -0.47 2.08 -0.21 -1.79 0.81 -0.89 -2.2 -1.82 -0.24 -0.16 -1.22 -2.05 -2.02 0.939387430722159 0.652406692364982 1.71412391888048 0.1775 -0.8475 -1.7575 -0.10185 0.38945 0.76955
0.53 0.49 -0.47 2.08 -0.21 0.21 -0.19 2.11 0.8 1.18 1.76 1.84 0.78 -1.05 1.98 0.990085731119272 0.509088360343543 0.290600471604165 1.4275 0.6525 0.7425 -0.68935 0.27695 0.33705
0.53 0.49 -0.47 -0.92 -2.21 -1.79 -2.19 -1.89 1.8 -0.82 0.76 0.84 0.78 0.95 -0.02 0.84632327408096 1.75361813163891 1.17220732883515 -0.5725 -0.5975 -0.00750000000000012 0.25065 -0.33555 -0.06045
-0.47 -0.51 0.53 -0.92 1.79 -1.79 -1.19 1.11 1.8 0.18 -2.24 -2.16 -1.22 -0.0499999999999998 -0.02 0.554782666388789 0.531225471789732 1.58924708217715 -1.0725 0.1525 -0.2575 -0.58685 -0.12055 0.06455
0.53 0.49 -0.47 2.08 -2.21 -1.79 0.81 -0.89 1.8 0.18 -0.24 -2.16 1.78 -0.0499999999999998 -0.02 0.503323635693208 0.791159506270535 0.75964420733105 0.1775 -0.8475 0.4925 -0.10185 -0.45805 0.20455
0.53 -0.51 0.53 -0.92 -2.21 2.21 0.81 2.11 1.8 -0.82 0.76 1.84 0.78 -0.0499999999999998 -1.02 0.74245004637316 -0.0577792093480911 1.31511715435063 0.1775 0.1525 0.9925 0.07565 -0.12055 0.46955
0.53 0.49 0.53 1.08 -0.21 2.21 0.81 -1.89 -1.2 2.18 1.76 1.84 1.78 1.95 1.98 0.0360966604767701 1.64583915742931 2.52317172450043 1.4275 0.4025 1.2425 0.73815 0.15445 0.60205
-0.47 -0.51 -0.47 0.0800000000000001 1.79 2.21 1.81 1.11 -0.2 2.18 -0.24 -2.16 -2.22 -2.05 -2.02 0.394565911751452 1.2851568701836 2.12220504519724 -0.5725 0.1525 0.4925 0.25065 -0.12055 -0.28795
-0.47 -0.51 0.53 -1.92 1.79 2.21 -1.19 -0.89 1.8 -1.82 -2.24 -1.16 0.78 0.95 -0.02 0.194801838094506 0.122425177897453 0.627155965865282 -1.0725 -0.0975 0.7425 -0.58685 0.00695000000000003 -0.40545
-0.47 -0.51 -0.47 2.08 1.79 -0.79 -1.19 2.11 -2.2 1.18 1.76 -2.16 1.78 -0.0499999999999998 1.98 1.10722074781384 0.481351928771749 1.05839128188858 0.1775 1.4025 -0.00750000000000012 -0.10185 -0.75805 -0.05295
0.53 -0.51 0.53 -1.92 -2.21 -1.79 -2.19 -1.89 1.8 0.18 -0.24 -1.16 -2.22 -1.05 -2.02 0.545896986360339 0.778525639808305 0.728813284073209 -1.8225 -1.3475 -0.5075 -0.98435 0.64445 -0.32545
-0.47 0.49 0.53 1.08 -1.21 -0.79 0.81 -1.89 0.8 -1.82 -1.24 0.84 0.78 -0.0499999999999998 -2.02 0.0972799303417591 0.189763480196312 0.540562230071235 0.1775 -1.0975 -0.2575 0.07565 -0.58055 0.06455
-0.47 -0.51 -0.47 -0.92 -0.21 1.21 1.81 -1.89 1.8 -0.82 0.76 0.84 -1.22 -2.05 -0.02 0.0554680441282083 -1.54105733002671 -1.38781344733934 0.4275 -0.8475 0.2425 -0.21935 0.38945 -0.17045
-0.47 0.49 0.53 0.0800000000000001 1.79 -1.79 1.81 1.11 -1.2 1.18 -0.24 1.84 0.78 -0.0499999999999998 0.98 1.04578953375245 0.701043675528906 0.620552544522729 1.1775 0.6525 -0.2575 0.60565 0.27695 0.06455
-0.47 0.49 0.53 2.08 -2.21 0.21 -2.19 1.11 -1.2 -0.82 1.76 -2.16 -2.22 -1.05 -2.02 0.511593132818931 0.269389548077342 0.393248267231953 -1.0725 -0.0975 -1.0075 -0.58685 -0.09055 0.41705
-0.47 -0.51 -0.47 -1.92 -2.21 -1.79 -0.19 1.11 -1.2 1.18 -2.24 -0.16 -2.22 -2.05 -2.02 -0.702267533193854 0.116602004424575 -1.00411371277786 -1.0725 -1.3475 -1.0075 0.48565 0.64445 0.41705
-0.47 -0.51 -0.47 -0.92 0.79 -1.79 -2.19 0.11 -0.2 -1.82 -2.24 -2.16 -2.22 -2.05 -2.02 -0.322693909160366 -0.674674125785617 -0.364089955619028 -1.8225 -0.8475 -1.5075 0.83815 0.38945 0.65205
0.53 0.49 0.53 2.08 1.79 2.21 -0.19 1.11 1.8 1.18 1.76 -1.16 1.78 1.95 1.98 1.00246019288606 1.51879413451696 1.56750325868503 0.6775 1.6525 1.7425 0.34065 0.76695 0.86705
0.53 0.49 0.53 2.08 -2.21 2.21 -2.19 -0.89 -0.2 0.18 0.76 -0.16 1.78 1.95 1.98 1.31092071749329 0.914306601293706 1.4735594516613 0.4275 -0.0975 0.9925 0.20815 -0.09055 0.46955
0.53 -0.51 -0.47 1.08 -0.21 0.21 -2.19 -0.89 -1.2 -0.82 1.76 0.84 -1.22 -2.05 -0.02 0.697023526928675 0.604128263755613 0.859004380383677 -0.0725 -0.3475 -0.7575 0.01565 0.13445 -0.45795
-0.47 -0.51 -0.47 2.08 0.79 -0.79 -2.19 -1.89 -0.2 1.18 0.76 1.84 1.78 0.95 1.98 0.58488241158771 0.361992786748065 0.40254976972917 0.9275 0.1525 0.4925 -0.45435 -0.12055 -0.28795
0.53 0.49 0.53 0.0800000000000001 1.79 -0.79 1.81 2.11 1.8 1.18 1.76 1.84 1.78 1.95 0.98 1.21783982797826 0.951047902356886 1.48916461373895 1.1775 1.9025 0.9925 0.60565 0.88945 0.46955
0.53 0.49 0.53 -1.92 -1.21 -1.79 -1.19 1.11 1.8 -0.82 0.76 0.84 -0.22 -0.0499999999999998 0.98 0.964932468067708 1.22206890094986 0.450932449585741 -0.3225 0.1525 -0.2575 -0.18935 0.03195 -0.19295
-0.47 -0.51 -0.47 -1.92 0.79 2.21 -0.19 0.11 -0.2 0.18 1.76 0.84 0.78 1.95 -1.02 0.595682191204944 1.08149961371627 1.8419952330089 -0.5725 1.1525 0.7425 0.25065 -0.63055 -0.40545
